_outlet,_rid,purchase_id,type,po_id,mrn_no,invoice_number,invoice_date,total,paid_amount,action_status,payment,gst_no,sub_total,total_tax,total_discount,delivery_charge,delivery_charge_tax_amount,delivery_charge_cgst_amount,delivery_charge_sgst_amount,delivery_charge_igst_amount,round_off_amount,created_on,modified_on,receiver_id,receiver_type,restaurant_details.sender.sender_gst,restaurant_details.sender.sender_city,restaurant_details.sender.sender_name,restaurant_details.sender.sender_state,restaurant_details.sender.sender_cin_no,restaurant_details.sender.sender_address,restaurant_details.sender.sender_contact,restaurant_details.ratecard.id,restaurant_details.ratecard.name,restaurant_details.receiver.receiver_gst,restaurant_details.receiver.receiver_city,restaurant_details.receiver.receiver_name,restaurant_details.receiver.receiver_type,restaurant_details.receiver.receiver_email,restaurant_details.receiver.receiver_state,restaurant_details.receiver.receiver_cin_no,restaurant_details.receiver.receiver_address,restaurant_details.receiver.receiver_contact,restaurant_details.freeze_stock,restaurant_details.uniqueFormId.2026_07_08_20_50_10,restaurant_details.is_transfer_only,restaurant_details.reference_number,restaurant_details.po_invoice_number,restaurant_details.supplier_gst_flag,restaurant_details.SERVER_PRIVAT_ADDRESS.2026_07_08_20_50_10,restaurant_details.po_delivery_charge_gst_flag,restaurant_details.so_invoice_sequence_enabled,restaurant_details.po_delivery_charge_enable_flag,item_details,paid_amount_details,TCS,department_id,department_name,department_code,other_charge_details,other_tax_details,restaurant_details.uniqueFormId.2026_07_08_20_49_50,restaurant_details.SERVER_PRIVAT_ADDRESS.2026_07_08_20_49_50,restaurant_details.receiver.receiver_pan_no,restaurant_details.receiver.receiver_tan_no,restaurant_details.receiver.receiver_msme_no,restaurant_details.receiver.receiver_pin_code,restaurant_details.receiver.receiver_registered_under_gst,restaurant_details.uniqueFormId.2026_07_07_18_37_17,restaurant_details.SERVER_PRIVAT_ADDRESS.2026_07_07_18_37_17,restaurant_details.uniqueFormId.2026_07_07_18_34_44,restaurant_details.SERVER_PRIVAT_ADDRESS.2026_07_07_18_34_44,restaurant_details.uniqueFormId.2026_07_06_21_42_26,restaurant_details.SERVER_PRIVAT_ADDRESS.2026_07_06_21_42_26,restaurant_details.uniqueFormId.2026_07_06_21_42_11,restaurant_details.SERVER_PRIVAT_ADDRESS.2026_07_06_21_42_11,restaurant_details.uniqueFormId.2026_07_05_23_42_17,restaurant_details.SERVER_PRIVAT_ADDRESS.2026_07_05_23_42_17,restaurant_details.uniqueFormId.2026_07_05_23_41_57,restaurant_details.SERVER_PRIVAT_ADDRESS.2026_07_05_23_41_57,restaurant_details.uniqueFormId.2026_07_05_23_41_40,restaurant_details.SERVER_PRIVAT_ADDRESS.2026_07_05_23_41_40,restaurant_details.uniqueFormId.2026_07_05_23_41_23,restaurant_details.SERVER_PRIVAT_ADDRESS.2026_07_05_23_41_23,restaurant_details.uniqueFormId.2026_07_05_23_38_57,restaurant_details.SERVER_PRIVAT_ADDRESS.2026_07_05_23_38_57,restaurant_details.uniqueFormId.2026_07_05_23_38_02,restaurant_details.SERVER_PRIVAT_ADDRESS.2026_07_05_23_38_02,restaurant_details.uniqueFormId.2026_07_05_23_37_44,restaurant_details.SERVER_PRIVAT_ADDRESS.2026_07_05_23_37_44,restaurant_details.uniqueFormId.2026_07_05_22_56_01,restaurant_details.SERVER_PRIVAT_ADDRESS.2026_07_05_22_56_01,restaurant_details.uniqueFormId.2026_07_05_22_51_06,restaurant_details.SERVER_PRIVAT_ADDRESS.2026_07_05_22_51_06,restaurant_details.uniqueFormId.2026_07_05_22_43_57,restaurant_details.SERVER_PRIVAT_ADDRESS.2026_07_05_22_43_57,restaurant_details.uniqueFormId.2026_07_04_10_28_14,restaurant_details.SERVER_PRIVAT_ADDRESS.2026_07_04_10_28_14,restaurant_details.uniqueFormId.2026_07_04_10_27_19,restaurant_details.SERVER_PRIVAT_ADDRESS.2026_07_04_10_27_19,restaurant_details.uniqueFormId.2026_07_04_10_23_48,restaurant_details.uniqueFormId.2026_07_04_10_25_13,restaurant_details.SERVER_PRIVAT_ADDRESS.2026_07_04_10_23_48,restaurant_details.SERVER_PRIVAT_ADDRESS.2026_07_04_10_25_13,restaurant_details.uniqueFormId.2026_07_03_15_27_24,restaurant_details.SERVER_PRIVAT_ADDRESS.2026_07_03_15_27_24,restaurant_details.uniqueFormId.2026_07_03_15_26_12,restaurant_details.uniqueFormId.2026_07_03_15_26_35,restaurant_details.SERVER_PRIVAT_ADDRESS.2026_07_03_15_26_12,restaurant_details.SERVER_PRIVAT_ADDRESS.2026_07_03_15_26_35,restaurant_details.uniqueFormId.2026_07_03_15_24_04,restaurant_details.SERVER_PRIVAT_ADDRESS.2026_07_03_15_24_04,restaurant_details.uniqueFormId.2026_07_02_18_54_18,restaurant_details.SERVER_PRIVAT_ADDRESS.2026_07_02_18_54_18,restaurant_details.uniqueFormId.2026_07_02_18_54_03,restaurant_details.SERVER_PRIVAT_ADDRESS.2026_07_02_18_54_03,restaurant_details.uniqueFormId.2026_07_02_18_52_58,restaurant_details.SERVER_PRIVAT_ADDRESS.2026_07_02_18_52_58,restaurant_details.uniqueFormId.2026_07_02_18_52_39,restaurant_details.SERVER_PRIVAT_ADDRESS.2026_07_02_18_52_39,restaurant_details.uniqueFormId.2026_07_02_16_30_59,restaurant_details.uniqueFormId.2026_07_02_16_31_46,restaurant_details.SERVER_PRIVAT_ADDRESS.2026_07_02_16_30_59,restaurant_details.SERVER_PRIVAT_ADDRESS.2026_07_02_16_31_46,restaurant_details.uniqueFormId.2026_07_02_15_55_11,restaurant_details.uniqueFormId.2026_07_02_16_35_16,restaurant_details.SERVER_PRIVAT_ADDRESS.2026_07_02_15_55_11,restaurant_details.SERVER_PRIVAT_ADDRESS.2026_07_02_16_35_16,restaurant_details.uniqueFormId.2026_07_02_15_45_48,restaurant_details.uniqueFormId.2026_07_02_16_33_03,restaurant_details.SERVER_PRIVAT_ADDRESS.2026_07_02_15_45_48,restaurant_details.SERVER_PRIVAT_ADDRESS.2026_07_02_16_33_03,restaurant_details.uniqueFormId.2026_07_02_15_12_44,restaurant_details.uniqueFormId.2026_07_02_16_24_42,restaurant_details.SERVER_PRIVAT_ADDRESS.2026_07_02_15_12_44,restaurant_details.SERVER_PRIVAT_ADDRESS.2026_07_02_16_24_42,restaurant_details.uniqueFormId.2026_07_02_15_11_58,restaurant_details.uniqueFormId.2026_07_02_16_27_23,restaurant_details.SERVER_PRIVAT_ADDRESS.2026_07_02_15_11_58,restaurant_details.SERVER_PRIVAT_ADDRESS.2026_07_02_16_27_23,restaurant_details.uniqueFormId,restaurant_details.SERVER_PRIVAT_ADDRESS.2026_07_01_03_09_37,restaurant_details.current_stock_query_flag,restaurant_details.SERVER_PRIVAT_ADDRESS.2026_07_01_03_09_25,restaurant_details.SERVER_PRIVAT_ADDRESS.2026_07_01_03_07_01,restaurant_details.SERVER_PRIVAT_ADDRESS.2026_07_01_03_06_48,restaurant_details.SERVER_PRIVAT_ADDRESS.2026_07_01_03_05_45,restaurant_details.SERVER_PRIVAT_ADDRESS.2026_07_01_03_04_38,restaurant_details.SERVER_PRIVAT_ADDRESS.2026_07_01_03_04_25,restaurant_details.SERVER_PRIVAT_ADDRESS.2026_07_01_03_03_24,restaurant_details.SERVER_PRIVAT_ADDRESS.2026_07_01_03_02_40,restaurant_details.SERVER_PRIVAT_ADDRESS.2026_07_01_03_02_12,restaurant_details.SERVER_PRIVAT_ADDRESS.2026_07_01_03_01_51,restaurant_details.SERVER_PRIVAT_ADDRESS.2026_07_01_03_01_28,restaurant_details.SERVER_PRIVAT_ADDRESS.2026_07_01_03_01_19,restaurant_details.SERVER_PRIVAT_ADDRESS.2026_07_01_03_00_54,restaurant_details.SERVER_PRIVAT_ADDRESS.2026_07_01_02_57_19,restaurant_details.SERVER_PRIVAT_ADDRESS.2026_07_01_02_56_07,restaurant_details.SERVER_PRIVAT_ADDRESS.2026_07_01_02_55_19,restaurant_details.SERVER_PRIVAT_ADDRESS.2026_07_01_02_55_04,restaurant_details.SERVER_PRIVAT_ADDRESS.2026_07_01_02_53_45,restaurant_details.SERVER_PRIVAT_ADDRESS.2026_07_01_02_52_25,restaurant_details.SERVER_PRIVAT_ADDRESS.2026_07_01_02_50_35,restaurant_details.SERVER_PRIVAT_ADDRESS.2026_07_01_02_50_10,restaurant_details.SERVER_PRIVAT_ADDRESS.2026_07_01_02_49_53,restaurant_details.SERVER_PRIVAT_ADDRESS.2026_07_01_02_48_51,restaurant_details.SERVER_PRIVAT_ADDRESS.2026_07_01_02_48_30,restaurant_details.SERVER_PRIVAT_ADDRESS.2026_07_01_02_48_03,restaurant_details.SERVER_PRIVAT_ADDRESS.2026_07_01_02_47_52,restaurant_details.SERVER_PRIVAT_ADDRESS.2026_07_01_02_47_42,restaurant_details.SERVER_PRIVAT_ADDRESS.2026_07_01_02_47_20,restaurant_details.SERVER_PRIVAT_ADDRESS.2026_07_01_02_45_47,restaurant_details.SERVER_PRIVAT_ADDRESS.2026_07_01_02_42_59,restaurant_details.SERVER_PRIVAT_ADDRESS.2026_07_01_02_42_31,restaurant_details.SERVER_PRIVAT_ADDRESS.2026_07_01_02_42_02,restaurant_details.SERVER_PRIVAT_ADDRESS.2026_07_01_02_41_06,restaurant_details.SERVER_PRIVAT_ADDRESS.2026_07_01_02_40_33,restaurant_details.uniqueFormId.2026_07_16_15_37_51,restaurant_details.SERVER_PRIVAT_ADDRESS.2026_07_16_15_37_51,restaurant_details.uniqueFormId.2026_07_16_15_24_14,restaurant_details.SERVER_PRIVAT_ADDRESS.2026_07_16_15_24_14,restaurant_details.uniqueFormId.2026_07_16_15_21_34,restaurant_details.SERVER_PRIVAT_ADDRESS.2026_07_16_15_21_34,restaurant_details.uniqueFormId.2026_07_13_15_53_54,restaurant_details.SERVER_PRIVAT_ADDRESS.2026_07_13_15_53_54,restaurant_details.uniqueFormId.2026_07_11_15_29_43,restaurant_details.SERVER_PRIVAT_ADDRESS.2026_07_11_15_29_43,restaurant_details.uniqueFormId.2026_07_11_11_02_25,restaurant_details.SERVER_PRIVAT_ADDRESS.2026_07_11_11_02_25,restaurant_details.uniqueFormId.2026_07_11_10_58_09,restaurant_details.SERVER_PRIVAT_ADDRESS.2026_07_11_10_58_09,restaurant_details.uniqueFormId.2026_07_11_10_54_16,restaurant_details.SERVER_PRIVAT_ADDRESS.2026_07_11_10_54_16,restaurant_details.uniqueFormId.2026_07_11_10_46_49,restaurant_details.SERVER_PRIVAT_ADDRESS.2026_07_11_10_46_49,restaurant_details.uniqueFormId.2026_07_11_10_43_23,restaurant_details.SERVER_PRIVAT_ADDRESS.2026_07_11_10_43_23,restaurant_details.uniqueFormId.2026_07_11_10_42_22,restaurant_details.SERVER_PRIVAT_ADDRESS.2026_07_11_10_42_22,restaurant_details.uniqueFormId.2026_07_09_07_36_19,restaurant_details.SERVER_PRIVAT_ADDRESS.2026_07_09_07_36_19,restaurant_details.uniqueFormId.2026_07_08_10_36_44,restaurant_details.uniqueFormId.2026_07_10_16_43_09,restaurant_details.SERVER_PRIVAT_ADDRESS.2026_07_08_10_36_44,restaurant_details.SERVER_PRIVAT_ADDRESS.2026_07_10_16_43_09,restaurant_details.uniqueFormId.2026_07_08_10_35_19,restaurant_details.uniqueFormId.2026_07_10_16_42_43,restaurant_details.SERVER_PRIVAT_ADDRESS.2026_07_08_10_35_19,restaurant_details.SERVER_PRIVAT_ADDRESS.2026_07_10_16_42_43,restaurant_details.uniqueFormId.2026_07_08_10_30_04,restaurant_details.uniqueFormId.2026_07_10_16_42_15,restaurant_details.SERVER_PRIVAT_ADDRESS.2026_07_08_10_30_04,restaurant_details.SERVER_PRIVAT_ADDRESS.2026_07_10_16_42_15,restaurant_details.uniqueFormId.2026_07_08_10_25_20,restaurant_details.uniqueFormId.2026_07_10_16_41_54,restaurant_details.SERVER_PRIVAT_ADDRESS.2026_07_08_10_25_20,restaurant_details.SERVER_PRIVAT_ADDRESS.2026_07_10_16_41_54,restaurant_details.uniqueFormId.2026_07_08_10_19_29,restaurant_details.uniqueFormId.2026_07_10_16_02_17,restaurant_details.uniqueFormId.2026_07_10_16_04_13,restaurant_details.SERVER_PRIVAT_ADDRESS.2026_07_08_10_19_29,restaurant_details.SERVER_PRIVAT_ADDRESS.2026_07_10_16_02_17,restaurant_details.SERVER_PRIVAT_ADDRESS.2026_07_10_16_04_13,restaurant_details.uniqueFormId.2026_07_06_20_22_08,restaurant_details.SERVER_PRIVAT_ADDRESS.2026_07_06_20_22_08,restaurant_details.uniqueFormId.2026_07_06_20_21_48,restaurant_details.SERVER_PRIVAT_ADDRESS.2026_07_06_20_21_48,restaurant_details.uniqueFormId.2026_07_06_20_21_27,restaurant_details.SERVER_PRIVAT_ADDRESS.2026_07_06_20_21_27,restaurant_details.uniqueFormId.2026_07_06_17_50_00,restaurant_details.uniqueFormId.2026_07_10_16_05_44,restaurant_details.SERVER_PRIVAT_ADDRESS.2026_07_06_17_50_00,restaurant_details.SERVER_PRIVAT_ADDRESS.2026_07_10_16_05_44,restaurant_details.uniqueFormId.2026_07_06_16_54_55,restaurant_details.uniqueFormId.2026_07_10_16_41_34,restaurant_details.SERVER_PRIVAT_ADDRESS.2026_07_06_16_54_55,restaurant_details.SERVER_PRIVAT_ADDRESS.2026_07_10_16_41_34,restaurant_details.uniqueFormId.2026_07_06_16_48_58,restaurant_details.uniqueFormId.2026_07_10_16_41_15,restaurant_details.SERVER_PRIVAT_ADDRESS.2026_07_06_16_48_58,restaurant_details.SERVER_PRIVAT_ADDRESS.2026_07_10_16_41_15,restaurant_details.uniqueFormId.2026_07_06_16_19_25,restaurant_details.uniqueFormId.2026_07_10_16_40_54,restaurant_details.SERVER_PRIVAT_ADDRESS.2026_07_06_16_19_25,restaurant_details.SERVER_PRIVAT_ADDRESS.2026_07_10_16_40_54,restaurant_details.uniqueFormId.2026_07_06_16_16_56,restaurant_details.uniqueFormId.2026_07_10_16_40_32,restaurant_details.SERVER_PRIVAT_ADDRESS.2026_07_06_16_16_56,restaurant_details.SERVER_PRIVAT_ADDRESS.2026_07_10_16_40_32,restaurant_details.uniqueFormId.2026_07_06_15_51_09,restaurant_details.uniqueFormId.2026_07_10_16_40_01,restaurant_details.SERVER_PRIVAT_ADDRESS.2026_07_06_15_51_09,restaurant_details.SERVER_PRIVAT_ADDRESS.2026_07_10_16_40_01,restaurant_details.uniqueFormId.2026_07_06_15_41_30,restaurant_details.uniqueFormId.2026_07_10_16_39_37,restaurant_details.SERVER_PRIVAT_ADDRESS.2026_07_06_15_41_30,restaurant_details.SERVER_PRIVAT_ADDRESS.2026_07_10_16_39_37,restaurant_details.uniqueFormId.2026_07_06_13_20_45,restaurant_details.uniqueFormId.2026_07_10_16_39_13,restaurant_details.SERVER_PRIVAT_ADDRESS.2026_07_06_13_20_45,restaurant_details.SERVER_PRIVAT_ADDRESS.2026_07_10_16_39_13,restaurant_details.uniqueFormId.2026_07_06_13_14_49,restaurant_details.uniqueFormId.2026_07_06_13_28_47,restaurant_details.uniqueFormId.2026_07_10_15_41_37,restaurant_details.SERVER_PRIVAT_ADDRESS.2026_07_06_13_14_49,restaurant_details.SERVER_PRIVAT_ADDRESS.2026_07_06_13_28_47,restaurant_details.SERVER_PRIVAT_ADDRESS.2026_07_10_15_41_37,restaurant_details.uniqueFormId.2026_07_05_15_43_54,restaurant_details.SERVER_PRIVAT_ADDRESS.2026_07_05_15_43_54,restaurant_details.uniqueFormId.2026_07_05_15_43_16,restaurant_details.SERVER_PRIVAT_ADDRESS.2026_07_05_15_43_16,restaurant_details.uniqueFormId.2026_07_05_15_43_00,restaurant_details.SERVER_PRIVAT_ADDRESS.2026_07_05_15_43_00,restaurant_details.uniqueFormId.2026_07_05_15_42_43,restaurant_details.SERVER_PRIVAT_ADDRESS.2026_07_05_15_42_43,restaurant_details.uniqueFormId.2026_07_04_17_12_06,restaurant_details.uniqueFormId.2026_07_10_15_40_13,restaurant_details.SERVER_PRIVAT_ADDRESS.2026_07_04_17_12_06,restaurant_details.SERVER_PRIVAT_ADDRESS.2026_07_10_15_40_13,restaurant_details.uniqueFormId.2026_07_04_15_06_13,restaurant_details.uniqueFormId.2026_07_11_15_48_16,restaurant_details.SERVER_PRIVAT_ADDRESS.2026_07_04_15_06_13,restaurant_details.SERVER_PRIVAT_ADDRESS.2026_07_11_15_48_16,restaurant_details.uniqueFormId.2026_07_04_13_07_28,restaurant_details.uniqueFormId.2026_07_10_16_01_46,restaurant_details.SERVER_PRIVAT_ADDRESS.2026_07_04_13_07_28,restaurant_details.SERVER_PRIVAT_ADDRESS.2026_07_10_16_01_46,restaurant_details.uniqueFormId.2026_07_04_12_47_42,restaurant_details.uniqueFormId.2026_07_10_16_00_34,restaurant_details.SERVER_PRIVAT_ADDRESS.2026_07_04_12_47_42,restaurant_details.SERVER_PRIVAT_ADDRESS.2026_07_10_16_00_34,restaurant_details.uniqueFormId.2026_07_04_12_45_07,restaurant_details.uniqueFormId.2026_07_10_16_38_45,restaurant_details.SERVER_PRIVAT_ADDRESS.2026_07_04_12_45_07,restaurant_details.SERVER_PRIVAT_ADDRESS.2026_07_10_16_38_45,restaurant_details.uniqueFormId.2026_07_04_12_38_02,restaurant_details.uniqueFormId.2026_07_10_16_38_22,restaurant_details.SERVER_PRIVAT_ADDRESS.2026_07_04_12_38_02,restaurant_details.SERVER_PRIVAT_ADDRESS.2026_07_10_16_38_22,restaurant_details.uniqueFormId.2026_07_04_12_20_15,restaurant_details.uniqueFormId.2026_07_10_16_38_02,restaurant_details.SERVER_PRIVAT_ADDRESS.2026_07_04_12_20_15,restaurant_details.SERVER_PRIVAT_ADDRESS.2026_07_10_16_38_02,restaurant_details.uniqueFormId.2026_07_04_11_55_32,restaurant_details.uniqueFormId.2026_07_10_16_37_06,restaurant_details.SERVER_PRIVAT_ADDRESS.2026_07_04_11_55_32,restaurant_details.SERVER_PRIVAT_ADDRESS.2026_07_10_16_37_06,restaurant_details.uniqueFormId.2026_07_04_11_54_06,restaurant_details.uniqueFormId.2026_07_10_16_36_43,restaurant_details.SERVER_PRIVAT_ADDRESS.2026_07_04_11_54_06,restaurant_details.SERVER_PRIVAT_ADDRESS.2026_07_10_16_36_43,restaurant_details.uniqueFormId.2026_07_04_11_36_58,restaurant_details.uniqueFormId.2026_07_10_16_36_16,restaurant_details.SERVER_PRIVAT_ADDRESS.2026_07_04_11_36_58,restaurant_details.SERVER_PRIVAT_ADDRESS.2026_07_10_16_36_16,restaurant_details.uniqueFormId.2026_07_04_10_15_00,restaurant_details.uniqueFormId.2026_07_10_16_37_27,restaurant_details.SERVER_PRIVAT_ADDRESS.2026_07_04_10_15_00,restaurant_details.SERVER_PRIVAT_ADDRESS.2026_07_10_16_37_27,restaurant_details.uniqueFormId.2026_07_04_09_59_24,restaurant_details.uniqueFormId.2026_07_10_15_20_49,restaurant_details.SERVER_PRIVAT_ADDRESS.2026_07_04_09_59_24,restaurant_details.SERVER_PRIVAT_ADDRESS.2026_07_10_15_20_49,restaurant_details.uniqueFormId.2026_07_04_09_55_44,restaurant_details.uniqueFormId.2026_07_10_15_53_08,restaurant_details.SERVER_PRIVAT_ADDRESS.2026_07_04_09_55_44,restaurant_details.SERVER_PRIVAT_ADDRESS.2026_07_10_15_53_08,restaurant_details.uniqueFormId.2026_07_03_23_15_06,restaurant_details.SERVER_PRIVAT_ADDRESS.2026_07_03_23_15_06,restaurant_details.uniqueFormId.2026_07_03_23_14_13,restaurant_details.SERVER_PRIVAT_ADDRESS.2026_07_03_23_14_13,restaurant_details.uniqueFormId.2026_07_03_23_13_23,restaurant_details.SERVER_PRIVAT_ADDRESS.2026_07_03_23_13_23,restaurant_details.uniqueFormId.2026_07_03_23_13_02,restaurant_details.SERVER_PRIVAT_ADDRESS.2026_07_03_23_13_02,restaurant_details.uniqueFormId.2026_07_03_23_12_27,restaurant_details.SERVER_PRIVAT_ADDRESS.2026_07_03_23_12_27,restaurant_details.uniqueFormId.2026_07_03_23_12_00,restaurant_details.SERVER_PRIVAT_ADDRESS.2026_07_03_23_12_00,restaurant_details.uniqueFormId.2026_07_03_23_11_36,restaurant_details.SERVER_PRIVAT_ADDRESS.2026_07_03_23_11_36,restaurant_details.uniqueFormId.2026_07_03_23_10_18,restaurant_details.SERVER_PRIVAT_ADDRESS.2026_07_03_23_10_18,restaurant_details.uniqueFormId.2026_07_03_23_09_24,restaurant_details.SERVER_PRIVAT_ADDRESS.2026_07_03_23_09_24,restaurant_details.uniqueFormId.2026_07_03_23_08_53,restaurant_details.SERVER_PRIVAT_ADDRESS.2026_07_03_23_08_53,restaurant_details.uniqueFormId.2026_07_03_23_08_28,restaurant_details.SERVER_PRIVAT_ADDRESS.2026_07_03_23_08_28,restaurant_details.uniqueFormId.2026_07_03_23_08_08,restaurant_details.SERVER_PRIVAT_ADDRESS.2026_07_03_23_08_08,restaurant_details.uniqueFormId.2026_07_03_23_07_06,restaurant_details.SERVER_PRIVAT_ADDRESS.2026_07_03_23_07_06,restaurant_details.uniqueFormId.2026_07_02_11_44_54,restaurant_details.uniqueFormId.2026_07_02_11_46_04,restaurant_details.SERVER_PRIVAT_ADDRESS.2026_07_02_11_44_54,restaurant_details.SERVER_PRIVAT_ADDRESS.2026_07_02_11_46_04,restaurant_details.uniqueFormId.2026_07_02_11_28_24,restaurant_details.SERVER_PRIVAT_ADDRESS.2026_07_02_11_28_24,restaurant_details.uniqueFormId.2026_07_02_11_26_37,restaurant_details.SERVER_PRIVAT_ADDRESS.2026_07_02_11_26_37,restaurant_details.uniqueFormId.2026_07_02_11_18_51,restaurant_details.SERVER_PRIVAT_ADDRESS.2026_07_02_11_18_51,restaurant_details.uniqueFormId.2026_07_02_11_16_05,restaurant_details.SERVER_PRIVAT_ADDRESS.2026_07_02_11_16_05,restaurant_details.uniqueFormId.2026_07_02_11_15_07,restaurant_details.SERVER_PRIVAT_ADDRESS.2026_07_02_11_15_07,restaurant_details.uniqueFormId.2026_07_02_11_14_17,restaurant_details.SERVER_PRIVAT_ADDRESS.2026_07_02_11_14_17,restaurant_details.uniqueFormId.2026_07_02_11_13_31,restaurant_details.SERVER_PRIVAT_ADDRESS.2026_07_02_11_13_31,restaurant_details.uniqueFormId.2026_07_02_11_12_07,restaurant_details.SERVER_PRIVAT_ADDRESS.2026_07_02_11_12_07,restaurant_details.uniqueFormId.2026_07_02_11_04_17,restaurant_details.SERVER_PRIVAT_ADDRESS.2026_07_02_11_04_17,restaurant_details.uniqueFormId.2026_07_02_10_57_11,restaurant_details.uniqueFormId.2026_07_02_11_16_35,restaurant_details.SERVER_PRIVAT_ADDRESS.2026_07_02_10_57_11,restaurant_details.SERVER_PRIVAT_ADDRESS.2026_07_02_11_16_35,restaurant_details.uniqueFormId.2026_07_01_16_27_53,restaurant_details.SERVER_PRIVAT_ADDRESS.2026_07_01_16_27_53,restaurant_details.SERVER_PRIVAT_ADDRESS.2026_07_01_02_36_42,restaurant_details.SERVER_PRIVAT_ADDRESS.2026_07_01_02_36_22,restaurant_details.SERVER_PRIVAT_ADDRESS.2026_07_01_02_34_47,restaurant_details.SERVER_PRIVAT_ADDRESS.2026_07_01_02_33_44,restaurant_details.SERVER_PRIVAT_ADDRESS.2026_07_01_02_32_12,restaurant_details.SERVER_PRIVAT_ADDRESS.2026_07_01_02_31_14,restaurant_details.SERVER_PRIVAT_ADDRESS.2026_07_01_02_29_56,restaurant_details.SERVER_PRIVAT_ADDRESS.2026_07_01_02_29_16,restaurant_details.SERVER_PRIVAT_ADDRESS.2026_07_01_02_29_05,restaurant_details.SERVER_PRIVAT_ADDRESS.2026_07_01_02_28_36,restaurant_details.SERVER_PRIVAT_ADDRESS.2026_07_01_02_25_46,restaurant_details.SERVER_PRIVAT_ADDRESS.2026_07_01_02_24_58,restaurant_details.SERVER_PRIVAT_ADDRESS.2026_07_01_02_24_16,restaurant_details.SERVER_PRIVAT_ADDRESS.2026_07_01_02_23_16,restaurant_details.SERVER_PRIVAT_ADDRESS.2026_07_01_02_23_07,restaurant_details.SERVER_PRIVAT_ADDRESS.2026_07_01_02_22_27,restaurant_details.SERVER_PRIVAT_ADDRESS.2026_07_01_02_22_20,restaurant_details.SERVER_PRIVAT_ADDRESS.2026_07_01_02_21_31,restaurant_details.SERVER_PRIVAT_ADDRESS.2026_07_01_02_21_15,restaurant_details.SERVER_PRIVAT_ADDRESS.2026_07_01_02_20_41,restaurant_details.SERVER_PRIVAT_ADDRESS.2026_07_01_02_20_12,restaurant_details.SERVER_PRIVAT_ADDRESS.2026_07_01_02_20_05,restaurant_details.SERVER_PRIVAT_ADDRESS.2026_07_01_02_19_56,restaurant_details.SERVER_PRIVAT_ADDRESS.2026_07_01_02_19_48,restaurant_details.SERVER_PRIVAT_ADDRESS.2026_07_01_02_19_40,restaurant_details.SERVER_PRIVAT_ADDRESS.2026_07_01_02_19_02,restaurant_details.SERVER_PRIVAT_ADDRESS.2026_07_01_02_18_54,restaurant_details.SERVER_PRIVAT_ADDRESS.2026_07_01_02_18_38,restaurant_details.SERVER_PRIVAT_ADDRESS.2026_07_01_02_15_53,restaurant_details.SERVER_PRIVAT_ADDRESS.2026_07_01_02_15_45,restaurant_details.SERVER_PRIVAT_ADDRESS.2026_07_01_02_15_14,restaurant_details.SERVER_PRIVAT_ADDRESS.2026_07_01_02_14_15,restaurant_details.SERVER_PRIVAT_ADDRESS.2026_07_01_02_13_23,restaurant_details.SERVER_PRIVAT_ADDRESS.2026_07_01_02_13_12,restaurant_details.SERVER_PRIVAT_ADDRESS.2026_07_01_02_12_35,restaurant_details.uniqueFormId.2026_07_08_10_32_49,restaurant_details.SERVER_PRIVAT_ADDRESS.2026_07_08_10_32_49,restaurant_details.uniqueFormId.2026_07_07_09_21_24,restaurant_details.SERVER_PRIVAT_ADDRESS.2026_07_07_09_21_24,restaurant_details.uniqueFormId.2026_07_07_09_01_26,restaurant_details.SERVER_PRIVAT_ADDRESS.2026_07_07_09_01_26,restaurant_details.uniqueFormId.2026_07_04_19_19_51,restaurant_details.SERVER_PRIVAT_ADDRESS.2026_07_04_19_19_51,restaurant_details.uniqueFormId.2026_07_04_19_19_10,restaurant_details.SERVER_PRIVAT_ADDRESS.2026_07_04_19_19_10,restaurant_details.uniqueFormId.2026_07_04_19_18_35,restaurant_details.SERVER_PRIVAT_ADDRESS.2026_07_04_19_18_35,restaurant_details.uniqueFormId.2026_07_04_08_32_02,restaurant_details.SERVER_PRIVAT_ADDRESS.2026_07_04_08_32_02,restaurant_details.uniqueFormId.2026_07_08_08_25_28,restaurant_details.SERVER_PRIVAT_ADDRESS.2026_07_08_08_25_28,restaurant_details.uniqueFormId.2026_07_06_10_15_20,restaurant_details.SERVER_PRIVAT_ADDRESS.2026_07_06_10_15_20,restaurant_details.uniqueFormId.2026_07_06_09_44_41,restaurant_details.uniqueFormId.2026_07_06_09_49_05,restaurant_details.SERVER_PRIVAT_ADDRESS.2026_07_06_09_44_41,restaurant_details.SERVER_PRIVAT_ADDRESS.2026_07_06_09_49_05,restaurant_details.uniqueFormId.2026_07_06_09_37_13,restaurant_details.SERVER_PRIVAT_ADDRESS.2026_07_06_09_37_13,restaurant_details.uniqueFormId.2026_07_06_09_33_11,restaurant_details.SERVER_PRIVAT_ADDRESS.2026_07_06_09_33_11,restaurant_details.uniqueFormId.2026_07_06_09_30_20,restaurant_details.SERVER_PRIVAT_ADDRESS.2026_07_06_09_30_20,restaurant_details.uniqueFormId.2026_07_06_09_29_24,restaurant_details.SERVER_PRIVAT_ADDRESS.2026_07_06_09_29_24,restaurant_details.uniqueFormId.2026_07_04_20_13_46,restaurant_details.uniqueFormId.2026_07_04_20_19_00,restaurant_details.SERVER_PRIVAT_ADDRESS.2026_07_04_20_13_46,restaurant_details.SERVER_PRIVAT_ADDRESS.2026_07_04_20_19_00,restaurant_details.uniqueFormId.2026_07_04_19_59_45,restaurant_details.SERVER_PRIVAT_ADDRESS.2026_07_04_19_59_45,restaurant_details.uniqueFormId.2026_07_04_19_57_04,restaurant_details.SERVER_PRIVAT_ADDRESS.2026_07_04_19_57_04,restaurant_details.uniqueFormId.2026_07_04_19_56_28,restaurant_details.SERVER_PRIVAT_ADDRESS.2026_07_04_19_56_28,restaurant_details.uniqueFormId.2026_07_03_16_02_38,restaurant_details.SERVER_PRIVAT_ADDRESS.2026_07_03_16_02_38,restaurant_details.uniqueFormId.2026_07_03_16_01_51,restaurant_details.SERVER_PRIVAT_ADDRESS.2026_07_03_16_01_51,restaurant_details.uniqueFormId.2026_07_03_15_53_54,restaurant_details.uniqueFormId.2026_07_03_15_54_33,restaurant_details.uniqueFormId.2026_07_03_15_59_07,restaurant_details.SERVER_PRIVAT_ADDRESS.2026_07_03_15_53_54,restaurant_details.SERVER_PRIVAT_ADDRESS.2026_07_03_15_54_33,restaurant_details.SERVER_PRIVAT_ADDRESS.2026_07_03_15_59_07,restaurant_details.uniqueFormId.2026_07_02_16_46_31,restaurant_details.SERVER_PRIVAT_ADDRESS.2026_07_02_16_46_31,restaurant_details.uniqueFormId.2026_07_02_11_41_00,restaurant_details.SERVER_PRIVAT_ADDRESS.2026_07_02_11_41_00,restaurant_details.SERVER_PRIVAT_ADDRESS.2026_07_02_10_49_36,restaurant_details.uniqueFormId.2026_07_02_09_23_41,restaurant_details.uniqueFormId.2026_07_02_09_28_27,restaurant_details.uniqueFormId.2026_07_02_09_30_05,restaurant_details.SERVER_PRIVAT_ADDRESS.2026_07_02_09_23_41,restaurant_details.SERVER_PRIVAT_ADDRESS.2026_07_02_09_28_27,restaurant_details.SERVER_PRIVAT_ADDRESS.2026_07_02_09_30_05,restaurant_details.SERVER_PRIVAT_ADDRESS.2026_07_02_09_16_47,restaurant_details.uniqueFormId.2026_07_02_09_15_20,restaurant_details.SERVER_PRIVAT_ADDRESS.2026_07_02_09_15_20,restaurant_details.uniqueFormId.2026_07_01_08_50_16,restaurant_details.SERVER_PRIVAT_ADDRESS.2026_07_01_08_50_16,restaurant_details.uniqueFormId.2026_07_10_17_28_10,restaurant_details.SERVER_PRIVAT_ADDRESS.2026_07_10_17_28_10,restaurant_details.uniqueFormId.2026_07_10_17_24_42,restaurant_details.SERVER_PRIVAT_ADDRESS.2026_07_10_17_24_42,restaurant_details.uniqueFormId.2026_07_10_17_19_49,restaurant_details.SERVER_PRIVAT_ADDRESS.2026_07_10_17_19_49,restaurant_details.uniqueFormId.2026_07_10_17_17_20,restaurant_details.SERVER_PRIVAT_ADDRESS.2026_07_10_17_17_20,restaurant_details.uniqueFormId.2026_07_10_15_41_29,restaurant_details.SERVER_PRIVAT_ADDRESS.2026_07_10_15_41_29,restaurant_details.uniqueFormId.2026_07_10_11_53_42,restaurant_details.SERVER_PRIVAT_ADDRESS.2026_07_10_11_53_42,restaurant_details.uniqueFormId.2026_07_08_11_45_03,restaurant_details.uniqueFormId.2026_07_11_17_35_59,restaurant_details.SERVER_PRIVAT_ADDRESS.2026_07_08_11_45_03,restaurant_details.SERVER_PRIVAT_ADDRESS.2026_07_11_17_35_59,restaurant_details.uniqueFormId.2026_07_07_17_04_01,restaurant_details.uniqueFormId.2026_07_10_11_27_26,restaurant_details.SERVER_PRIVAT_ADDRESS.2026_07_07_17_04_01,restaurant_details.SERVER_PRIVAT_ADDRESS.2026_07_10_11_27_26,restaurant_details.uniqueFormId.2026_07_06_18_17_56,restaurant_details.uniqueFormId.2026_07_10_11_37_27,restaurant_details.SERVER_PRIVAT_ADDRESS.2026_07_06_18_17_56,restaurant_details.SERVER_PRIVAT_ADDRESS.2026_07_10_11_37_27,restaurant_details.uniqueFormId.2026_07_06_17_37_41,restaurant_details.uniqueFormId.2026_07_10_11_34_22,restaurant_details.SERVER_PRIVAT_ADDRESS.2026_07_06_17_37_41,restaurant_details.SERVER_PRIVAT_ADDRESS.2026_07_10_11_34_22,restaurant_details.uniqueFormId.2026_07_06_15_36_24,restaurant_details.uniqueFormId.2026_07_12_12_47_27,restaurant_details.SERVER_PRIVAT_ADDRESS.2026_07_06_15_36_24,restaurant_details.SERVER_PRIVAT_ADDRESS.2026_07_12_12_47_27,restaurant_details.uniqueFormId.2026_07_06_12_51_28,restaurant_details.uniqueFormId.2026_07_10_11_36_09,restaurant_details.SERVER_PRIVAT_ADDRESS.2026_07_06_12_51_28,restaurant_details.SERVER_PRIVAT_ADDRESS.2026_07_10_11_36_09,restaurant_details.uniqueFormId.2026_07_05_15_07_24,restaurant_details.uniqueFormId.2026_07_05_15_07_57,restaurant_details.SERVER_PRIVAT_ADDRESS.2026_07_05_15_07_24,restaurant_details.SERVER_PRIVAT_ADDRESS.2026_07_05_15_07_57,restaurant_details.uniqueFormId.2026_07_05_14_19_18,restaurant_details.uniqueFormId.2026_07_05_14_50_54,restaurant_details.uniqueFormId.2026_07_11_17_37_46,restaurant_details.SERVER_PRIVAT_ADDRESS.2026_07_05_14_19_18,restaurant_details.SERVER_PRIVAT_ADDRESS.2026_07_05_14_50_54,restaurant_details.SERVER_PRIVAT_ADDRESS.2026_07_11_17_37_46,restaurant_details.uniqueFormId.2026_07_05_14_07_45,restaurant_details.uniqueFormId.2026_07_05_14_35_11,restaurant_details.uniqueFormId.2026_07_05_14_50_27,restaurant_details.SERVER_PRIVAT_ADDRESS.2026_07_05_14_07_45,restaurant_details.SERVER_PRIVAT_ADDRESS.2026_07_05_14_35_11,restaurant_details.SERVER_PRIVAT_ADDRESS.2026_07_05_14_50_27,restaurant_details.uniqueFormId.2026_07_05_13_25_49,restaurant_details.uniqueFormId.2026_07_11_15_27_02,restaurant_details.SERVER_PRIVAT_ADDRESS.2026_07_05_13_25_49,restaurant_details.SERVER_PRIVAT_ADDRESS.2026_07_11_15_27_02,restaurant_details.uniqueFormId.2026_07_05_13_10_21,restaurant_details.uniqueFormId.2026_07_05_14_05_56,restaurant_details.uniqueFormId.2026_07_05_14_06_15,restaurant_details.uniqueFormId.2026_07_11_15_12_24,restaurant_details.SERVER_PRIVAT_ADDRESS.2026_07_05_13_10_21,restaurant_details.SERVER_PRIVAT_ADDRESS.2026_07_05_14_05_56,restaurant_details.SERVER_PRIVAT_ADDRESS.2026_07_05_14_06_15,restaurant_details.SERVER_PRIVAT_ADDRESS.2026_07_11_15_12_24,restaurant_details.uniqueFormId.2026_07_04_17_22_05,restaurant_details.uniqueFormId.2026_07_04_18_04_24,restaurant_details.uniqueFormId.2026_07_11_17_38_23,restaurant_details.SERVER_PRIVAT_ADDRESS.2026_07_04_17_22_05,restaurant_details.SERVER_PRIVAT_ADDRESS.2026_07_04_18_04_24,restaurant_details.SERVER_PRIVAT_ADDRESS.2026_07_11_17_38_23,restaurant_details.uniqueFormId.2026_07_04_17_16_30,restaurant_details.uniqueFormId.2026_07_04_18_04_57,restaurant_details.SERVER_PRIVAT_ADDRESS.2026_07_04_17_16_30,restaurant_details.SERVER_PRIVAT_ADDRESS.2026_07_04_18_04_57,restaurant_details.uniqueFormId.2026_07_04_16_42_56,restaurant_details.uniqueFormId.2026_07_04_18_05_22,restaurant_details.SERVER_PRIVAT_ADDRESS.2026_07_04_16_42_56,restaurant_details.SERVER_PRIVAT_ADDRESS.2026_07_04_18_05_22,restaurant_details.SERVER_PRIVAT_ADDRESS.2026_07_04_15_41_31,restaurant_details.uniqueFormId.2026_07_04_15_15_02,restaurant_details.uniqueFormId.2026_07_11_15_49_21,restaurant_details.SERVER_PRIVAT_ADDRESS.2026_07_04_15_15_02,restaurant_details.SERVER_PRIVAT_ADDRESS.2026_07_11_15_49_21,restaurant_details.uniqueFormId.2026_07_04_14_35_47,restaurant_details.uniqueFormId.2026_07_04_15_12_09,restaurant_details.uniqueFormId.2026_07_10_16_52_25,restaurant_details.SERVER_PRIVAT_ADDRESS.2026_07_04_14_35_47,restaurant_details.SERVER_PRIVAT_ADDRESS.2026_07_04_15_12_09,restaurant_details.SERVER_PRIVAT_ADDRESS.2026_07_10_16_52_25,restaurant_details.uniqueFormId.2026_07_04_14_15_26,restaurant_details.uniqueFormId.2026_07_04_15_17_01,restaurant_details.uniqueFormId.2026_07_10_16_50_36,restaurant_details.SERVER_PRIVAT_ADDRESS.2026_07_04_14_15_26,restaurant_details.SERVER_PRIVAT_ADDRESS.2026_07_04_15_17_01,restaurant_details.SERVER_PRIVAT_ADDRESS.2026_07_10_16_50_36,restaurant_details.uniqueFormId.2026_07_04_13_21_44,restaurant_details.uniqueFormId.2026_07_10_17_10_36,restaurant_details.SERVER_PRIVAT_ADDRESS.2026_07_04_13_21_44,restaurant_details.SERVER_PRIVAT_ADDRESS.2026_07_10_17_10_36,restaurant_details.uniqueFormId.2026_07_04_12_20_51,restaurant_details.uniqueFormId.2026_07_04_15_15_01,restaurant_details.uniqueFormId.2026_07_10_16_57_11,restaurant_details.SERVER_PRIVAT_ADDRESS.2026_07_04_12_20_51,restaurant_details.SERVER_PRIVAT_ADDRESS.2026_07_04_15_15_01,restaurant_details.SERVER_PRIVAT_ADDRESS.2026_07_10_16_57_11,restaurant_details.uniqueFormId.2026_07_04_11_52_54,restaurant_details.SERVER_PRIVAT_ADDRESS.2026_07_04_11_52_54,restaurant_details.uniqueFormId.2026_07_04_11_42_01,restaurant_details.uniqueFormId.2026_07_04_15_15_25,restaurant_details.uniqueFormId.2026_07_10_17_00_02,restaurant_details.SERVER_PRIVAT_ADDRESS.2026_07_04_11_42_01,restaurant_details.SERVER_PRIVAT_ADDRESS.2026_07_04_15_15_25,restaurant_details.SERVER_PRIVAT_ADDRESS.2026_07_10_17_00_02,restaurant_details.uniqueFormId.2026_07_04_10_42_37,restaurant_details.SERVER_PRIVAT_ADDRESS.2026_07_04_10_42_37,restaurant_details.uniqueFormId.2026_07_03_15_49_27,restaurant_details.SERVER_PRIVAT_ADDRESS.2026_07_03_15_49_27,restaurant_details.uniqueFormId.2026_07_03_15_37_03,restaurant_details.SERVER_PRIVAT_ADDRESS.2026_07_03_15_37_03,restaurant_details.uniqueFormId.2026_07_03_15_35_32,restaurant_details.uniqueFormId.2026_07_03_16_09_34,restaurant_details.SERVER_PRIVAT_ADDRESS.2026_07_03_15_35_32,restaurant_details.SERVER_PRIVAT_ADDRESS.2026_07_03_16_09_34,restaurant_details.uniqueFormId.2026_07_03_15_29_08,restaurant_details.uniqueFormId.2026_07_03_16_08_35,restaurant_details.SERVER_PRIVAT_ADDRESS.2026_07_03_15_29_08,restaurant_details.SERVER_PRIVAT_ADDRESS.2026_07_03_16_08_35,restaurant_details.uniqueFormId.2026_07_03_15_14_49,restaurant_details.uniqueFormId.2026_07_03_15_15_51,restaurant_details.SERVER_PRIVAT_ADDRESS.2026_07_03_15_14_49,restaurant_details.SERVER_PRIVAT_ADDRESS.2026_07_03_15_15_51,restaurant_details.uniqueFormId.2026_07_03_15_11_36,restaurant_details.SERVER_PRIVAT_ADDRESS.2026_07_03_15_11_36,restaurant_details.uniqueFormId.2026_07_03_14_53_42,restaurant_details.uniqueFormId.2026_07_03_14_54_09,restaurant_details.SERVER_PRIVAT_ADDRESS.2026_07_03_14_53_42,restaurant_details.SERVER_PRIVAT_ADDRESS.2026_07_03_14_54_09,restaurant_details.uniqueFormId.2026_07_03_13_55_49,restaurant_details.uniqueFormId.2026_07_03_16_11_36,restaurant_details.SERVER_PRIVAT_ADDRESS.2026_07_03_13_55_49,restaurant_details.SERVER_PRIVAT_ADDRESS.2026_07_03_16_11_36,restaurant_details.uniqueFormId.2026_07_02_19_09_23,restaurant_details.uniqueFormId.2026_07_03_12_44_33,restaurant_details.uniqueFormId.2026_07_03_14_54_59,restaurant_details.SERVER_PRIVAT_ADDRESS.2026_07_02_19_09_23,restaurant_details.SERVER_PRIVAT_ADDRESS.2026_07_03_12_44_33,restaurant_details.SERVER_PRIVAT_ADDRESS.2026_07_03_14_54_59,restaurant_details.uniqueFormId.2026_07_02_18_21_31,restaurant_details.uniqueFormId.2026_07_02_18_24_59,restaurant_details.uniqueFormId.2026_07_10_16_58_29,restaurant_details.SERVER_PRIVAT_ADDRESS.2026_07_02_18_21_31,restaurant_details.SERVER_PRIVAT_ADDRESS.2026_07_02_18_24_59,restaurant_details.SERVER_PRIVAT_ADDRESS.2026_07_10_16_58_29,restaurant_details.uniqueFormId.2026_07_02_17_52_02,restaurant_details.uniqueFormId.2026_07_02_17_58_19,restaurant_details.SERVER_PRIVAT_ADDRESS.2026_07_02_17_52_02,restaurant_details.SERVER_PRIVAT_ADDRESS.2026_07_02_17_58_19,restaurant_details.uniqueFormId.2026_07_02_17_33_33,restaurant_details.SERVER_PRIVAT_ADDRESS.2026_07_02_17_33_33,restaurant_details.uniqueFormId.2026_07_02_17_31_32,restaurant_details.SERVER_PRIVAT_ADDRESS.2026_07_02_17_31_32,restaurant_details.uniqueFormId.2026_07_02_16_53_02,restaurant_details.SERVER_PRIVAT_ADDRESS.2026_07_02_16_53_02,restaurant_details.uniqueFormId.2026_07_02_16_50_44,restaurant_details.SERVER_PRIVAT_ADDRESS.2026_07_02_16_50_44,restaurant_details.uniqueFormId.2026_07_02_16_41_07,restaurant_details.uniqueFormId.2026_07_02_18_06_26,restaurant_details.SERVER_PRIVAT_ADDRESS.2026_07_02_16_41_07,restaurant_details.SERVER_PRIVAT_ADDRESS.2026_07_02_18_06_26,restaurant_details.uniqueFormId.2026_07_02_16_39_11,restaurant_details.uniqueFormId.2026_07_02_18_06_52,restaurant_details.SERVER_PRIVAT_ADDRESS.2026_07_02_16_39_11,restaurant_details.SERVER_PRIVAT_ADDRESS.2026_07_02_18_06_52,restaurant_details.SERVER_PRIVAT_ADDRESS.2026_07_02_13_07_17,restaurant_details.SERVER_PRIVAT_ADDRESS.2026_07_01_17_00_27,restaurant_details.uniqueFormId.2026_07_01_15_25_21,restaurant_details.uniqueFormId.2026_07_02_17_40_16,restaurant_details.SERVER_PRIVAT_ADDRESS.2026_07_01_15_25_21,restaurant_details.SERVER_PRIVAT_ADDRESS.2026_07_02_17_40_16,restaurant_details.uniqueFormId.2026_07_01_15_15_51,restaurant_details.SERVER_PRIVAT_ADDRESS.2026_07_01_15_15_51,restaurant_details.uniqueFormId.2026_07_01_14_59_31,restaurant_details.uniqueFormId.2026_07_02_17_42_43,restaurant_details.SERVER_PRIVAT_ADDRESS.2026_07_01_14_59_31,restaurant_details.SERVER_PRIVAT_ADDRESS.2026_07_02_17_42_43,restaurant_details.SERVER_PRIVAT_ADDRESS.2026_07_01_11_29_16,restaurant_details.SERVER_PRIVAT_ADDRESS.2026_07_01_11_16_01,restaurant_details.SERVER_PRIVAT_ADDRESS.2026_07_01_01_00_53,restaurant_details.SERVER_PRIVAT_ADDRESS.2026_07_01_00_57_38,restaurant_details.SERVER_PRIVAT_ADDRESS.2026_07_01_00_57_29,restaurant_details.SERVER_PRIVAT_ADDRESS.2026_07_01_00_56_34,restaurant_details.SERVER_PRIVAT_ADDRESS.2026_07_01_00_55_45,restaurant_details.SERVER_PRIVAT_ADDRESS.2026_07_01_00_55_37,restaurant_details.SERVER_PRIVAT_ADDRESS.2026_07_01_00_55_28,restaurant_details.SERVER_PRIVAT_ADDRESS.2026_07_01_00_54_40,restaurant_details.SERVER_PRIVAT_ADDRESS.2026_07_01_00_54_31,restaurant_details.SERVER_PRIVAT_ADDRESS.2026_07_01_00_54_22,restaurant_details.SERVER_PRIVAT_ADDRESS.2026_07_01_00_54_13,restaurant_details.SERVER_PRIVAT_ADDRESS.2026_07_01_00_53_11,restaurant_details.SERVER_PRIVAT_ADDRESS.2026_07_01_00_52_29,restaurant_details.SERVER_PRIVAT_ADDRESS.2026_07_01_00_51_50,restaurant_details.SERVER_PRIVAT_ADDRESS.2026_07_01_00_51_39,restaurant_details.SERVER_PRIVAT_ADDRESS.2026_07_01_00_51_29,restaurant_details.SERVER_PRIVAT_ADDRESS.2026_07_01_00_51_20,restaurant_details.SERVER_PRIVAT_ADDRESS.2026_07_01_00_51_10,restaurant_details.SERVER_PRIVAT_ADDRESS.2026_07_01_00_50_12,restaurant_details.SERVER_PRIVAT_ADDRESS.2026_07_01_00_49_19,restaurant_details.SERVER_PRIVAT_ADDRESS.2026_07_01_00_49_09,restaurant_details.SERVER_PRIVAT_ADDRESS.2026_07_01_00_48_51,restaurant_details.SERVER_PRIVAT_ADDRESS.2026_07_01_00_48_21,restaurant_details.SERVER_PRIVAT_ADDRESS.2026_07_01_00_47_16,restaurant_details.SERVER_PRIVAT_ADDRESS.2026_07_01_00_46_41,restaurant_details.SERVER_PRIVAT_ADDRESS.2026_07_01_00_46_20,restaurant_details.SERVER_PRIVAT_ADDRESS.2026_07_01_00_44_35,restaurant_details.SERVER_PRIVAT_ADDRESS.2026_07_01_00_43_32,restaurant_details.SERVER_PRIVAT_ADDRESS.2026_07_01_00_42_31,restaurant_details.SERVER_PRIVAT_ADDRESS.2026_07_01_00_42_20,restaurant_details.SERVER_PRIVAT_ADDRESS.2026_07_01_00_41_40,restaurant_details.SERVER_PRIVAT_ADDRESS.2026_07_01_00_41_21,restaurant_details.SERVER_PRIVAT_ADDRESS.2026_07_01_00_41_10,restaurant_details.SERVER_PRIVAT_ADDRESS.2026_07_01_00_39_35,restaurant_details.SERVER_PRIVAT_ADDRESS.2026_07_01_00_39_08,restaurant_details.SERVER_PRIVAT_ADDRESS.2026_07_01_00_37_55,restaurant_details.SERVER_PRIVAT_ADDRESS.2026_07_01_00_36_42,restaurant_details.SERVER_PRIVAT_ADDRESS.2026_07_01_00_36_31,restaurant_details.SERVER_PRIVAT_ADDRESS.2026_07_01_00_36_00,restaurant_details.SERVER_PRIVAT_ADDRESS.2026_07_01_00_35_48,restaurant_details.SERVER_PRIVAT_ADDRESS.2026_07_01_00_34_57,restaurant_details.SERVER_PRIVAT_ADDRESS.2026_07_01_00_34_46,restaurant_details.SERVER_PRIVAT_ADDRESS.2026_07_01_00_32_55,restaurant_details.SERVER_PRIVAT_ADDRESS.2026_07_01_00_32_28,restaurant_details.SERVER_PRIVAT_ADDRESS.2026_07_01_00_32_18,restaurant_details.SERVER_PRIVAT_ADDRESS.2026_07_01_00_32_07,restaurant_details.SERVER_PRIVAT_ADDRESS.2026_07_01_00_31_50,restaurant_details.SERVER_PRIVAT_ADDRESS.2026_07_01_00_30_35,restaurant_details.SERVER_PRIVAT_ADDRESS.2026_07_01_00_29_57,restaurant_details.SERVER_PRIVAT_ADDRESS.2026_07_01_00_29_47,restaurant_details.SERVER_PRIVAT_ADDRESS.2026_07_01_00_29_36,restaurant_details.SERVER_PRIVAT_ADDRESS.2026_07_01_00_29_15,restaurant_details.SERVER_PRIVAT_ADDRESS.2026_07_01_00_28_51,restaurant_details.SERVER_PRIVAT_ADDRESS.2026_07_01_00_27_50,restaurant_details.SERVER_PRIVAT_ADDRESS.2026_07_01_00_27_24,restaurant_details.SERVER_PRIVAT_ADDRESS.2026_07_01_00_27_13,restaurant_details.SERVER_PRIVAT_ADDRESS.2026_07_01_00_26_50,restaurant_details.SERVER_PRIVAT_ADDRESS.2026_07_01_00_26_29,restaurant_details.SERVER_PRIVAT_ADDRESS.2026_07_01_00_26_13,restaurant_details.SERVER_PRIVAT_ADDRESS.2026_07_01_00_25_47,restaurant_details.uniqueFormId.2026_07_09_18_35_22,restaurant_details.SERVER_PRIVAT_ADDRESS.2026_07_09_18_35_22,restaurant_details.uniqueFormId.2026_07_09_18_34_42,restaurant_details.SERVER_PRIVAT_ADDRESS.2026_07_09_18_34_42,restaurant_details.uniqueFormId.2026_07_09_18_34_05,restaurant_details.SERVER_PRIVAT_ADDRESS.2026_07_09_18_34_05,restaurant_details.uniqueFormId.2026_07_09_18_33_17,restaurant_details.SERVER_PRIVAT_ADDRESS.2026_07_09_18_33_17,restaurant_details.uniqueFormId.2026_07_09_18_32_46,restaurant_details.SERVER_PRIVAT_ADDRESS.2026_07_09_18_32_46,restaurant_details.uniqueFormId.2026_07_07_18_19_31,restaurant_details.SERVER_PRIVAT_ADDRESS.2026_07_07_18_19_31,restaurant_details.uniqueFormId.2026_07_07_14_45_15,restaurant_details.SERVER_PRIVAT_ADDRESS.2026_07_07_14_45_15,restaurant_details.uniqueFormId.2026_07_07_14_44_47,restaurant_details.SERVER_PRIVAT_ADDRESS.2026_07_07_14_44_47,restaurant_details.uniqueFormId.2026_07_07_14_41_18,restaurant_details.SERVER_PRIVAT_ADDRESS.2026_07_07_14_41_18,restaurant_details.uniqueFormId.2026_07_07_14_40_53,restaurant_details.SERVER_PRIVAT_ADDRESS.2026_07_07_14_40_53,restaurant_details.uniqueFormId.2026_07_07_14_35_54,restaurant_details.SERVER_PRIVAT_ADDRESS.2026_07_07_14_35_54,restaurant_details.uniqueFormId.2026_07_07_14_35_27,restaurant_details.SERVER_PRIVAT_ADDRESS.2026_07_07_14_35_27,restaurant_details.uniqueFormId.2026_07_07_14_35_02,restaurant_details.SERVER_PRIVAT_ADDRESS.2026_07_07_14_35_02,restaurant_details.uniqueFormId.2026_07_07_14_34_42,restaurant_details.SERVER_PRIVAT_ADDRESS.2026_07_07_14_34_42,restaurant_details.uniqueFormId.2026_07_07_14_34_26,restaurant_details.SERVER_PRIVAT_ADDRESS.2026_07_07_14_34_26,restaurant_details.uniqueFormId.2026_07_07_14_33_26,restaurant_details.SERVER_PRIVAT_ADDRESS.2026_07_07_14_33_26,restaurant_details.uniqueFormId.2026_07_07_14_32_46,restaurant_details.SERVER_PRIVAT_ADDRESS.2026_07_07_14_32_46,restaurant_details.uniqueFormId.2026_07_07_14_31_26,restaurant_details.SERVER_PRIVAT_ADDRESS.2026_07_07_14_31_26,restaurant_details.uniqueFormId.2026_07_07_14_28_57,restaurant_details.SERVER_PRIVAT_ADDRESS.2026_07_07_14_28_57,restaurant_details.uniqueFormId.2026_07_07_14_27_56,restaurant_details.SERVER_PRIVAT_ADDRESS.2026_07_07_14_27_56,restaurant_details.uniqueFormId.2026_07_07_14_27_26,restaurant_details.SERVER_PRIVAT_ADDRESS.2026_07_07_14_27_26,restaurant_details.uniqueFormId.2026_07_07_14_25_49,restaurant_details.SERVER_PRIVAT_ADDRESS.2026_07_07_14_25_49,restaurant_details.uniqueFormId.2026_07_07_14_25_21,restaurant_details.SERVER_PRIVAT_ADDRESS.2026_07_07_14_25_21,restaurant_details.uniqueFormId.2026_07_07_14_24_49,restaurant_details.SERVER_PRIVAT_ADDRESS.2026_07_07_14_24_49,restaurant_details.uniqueFormId.2026_07_07_14_24_19,restaurant_details.SERVER_PRIVAT_ADDRESS.2026_07_07_14_24_19,restaurant_details.uniqueFormId.2026_07_07_14_23_45,restaurant_details.SERVER_PRIVAT_ADDRESS.2026_07_07_14_23_45,restaurant_details.uniqueFormId.2026_07_07_14_08_37,restaurant_details.SERVER_PRIVAT_ADDRESS.2026_07_07_14_08_37,restaurant_details.uniqueFormId.2026_07_07_14_07_09,restaurant_details.SERVER_PRIVAT_ADDRESS.2026_07_07_14_07_09,restaurant_details.uniqueFormId.2026_07_07_12_16_37,restaurant_details.SERVER_PRIVAT_ADDRESS.2026_07_07_12_16_37,restaurant_details.uniqueFormId.2026_07_07_12_15_33,restaurant_details.SERVER_PRIVAT_ADDRESS.2026_07_07_12_15_33,restaurant_details.uniqueFormId.2026_07_07_12_15_00,restaurant_details.SERVER_PRIVAT_ADDRESS.2026_07_07_12_15_00,restaurant_details.uniqueFormId.2026_07_05_12_41_56,restaurant_details.SERVER_PRIVAT_ADDRESS.2026_07_05_12_41_56,restaurant_details.uniqueFormId.2026_07_05_12_41_02,restaurant_details.SERVER_PRIVAT_ADDRESS.2026_07_05_12_41_02,restaurant_details.uniqueFormId.2026_07_05_12_39_44,restaurant_details.SERVER_PRIVAT_ADDRESS.2026_07_05_12_39_44,restaurant_details.uniqueFormId.2026_07_05_12_38_46,restaurant_details.SERVER_PRIVAT_ADDRESS.2026_07_05_12_38_46,restaurant_details.uniqueFormId.2026_07_05_12_38_23,restaurant_details.SERVER_PRIVAT_ADDRESS.2026_07_05_12_38_23,restaurant_details.uniqueFormId.2026_07_05_12_37_07,restaurant_details.SERVER_PRIVAT_ADDRESS.2026_07_05_12_37_07,restaurant_details.uniqueFormId.2026_07_01_17_55_07,restaurant_details.SERVER_PRIVAT_ADDRESS.2026_07_01_17_55_07,restaurant_details.SERVER_PRIVAT_ADDRESS.2026_07_01_13_33_35,restaurant_details.SERVER_PRIVAT_ADDRESS.2026_07_01_13_20_45,restaurant_details.SERVER_PRIVAT_ADDRESS.2026_07_01_13_16_14,restaurant_details.SERVER_PRIVAT_ADDRESS.2026_07_01_13_14_30,restaurant_details.SERVER_PRIVAT_ADDRESS.2026_07_01_13_14_15
Ahmedabad Prep Kitchen,410150,134454387,From Sales,118062793,110,,2026-07-07,26986.118,0,Active,Unpaid,,26986.118,0,0,0,0.00,0,0,0,0,2026-07-08 20:50:10,2026-07-08 20:50:10,443195,Kitchen,,Surat,Ahmedabad Prep Kitchen,Gujarat,,"Ason vista, Sanidhya, Ahmedabad, Gujarat 380058",9510355182,,,,Ahmedabad,Ahmedabad store 2.0 ,Kitchen,,Gujarat,,Ahmedabad ,8849373682,0,6a4e6a9a-8bc0-430c-8b48-46f83c009e87,1,PO0081104467,PO0081104467,1,60.0.138.152,0,0,0,"[{""prev_price"":""2300.000000"",""item_id"":""46286931"",""itemname"":""00 Flour 20kg Bag"",""qty"":2,""price"":2300,""amount"":4600,""discount"":""0.000"",""lbl_unit"":""Qty"",""unit"":""5790709"",""description"":"""",""hsn_code"":"""",""weighted_price"":2300,""invoice_date"":""2026-07-07"",""sap_code"":"""",""purchase_doc_number"":"""",""purchase_invoice_number"":"""",""tax1"":0,""tax2"":0,""tax3"":0,""tax1_amount"":0,""tax2_amount"":0,""tax3_amount"":0,""expiry_date"":"""",""manufacturing_date"":"""",""actual_qty"":""40.000"",""actual_unit_id"":""6602488"",""actual_unit_name"":""Qty"",""sap_group_master_id"":0,""category"":""Food"",""yield_qty"":""0"",""discount_application"":""B"",""container_weight"":0,""net_weight"":""2"",""gross_weight"":0,""tax_type"":0,""excise_duty"":0,""tax1_label"":""CGST"",""tax2_label"":""SGST"",""tax3_label"":""IGST""},{""prev_price"":""602.000000"",""item_id"":""46286928"",""itemname"":""Mozzarella Cheese 1kg"",""qty"":10,""price"":602,""amount"":6020,""discount"":""0.000"",""lbl_unit"":""Qty"",""unit"":""5790709"",""description"":"""",""hsn_code"":"""",""weighted_price"":602,""invoice_date"":""2026-07-07"",""sap_code"":"""",""purchase_doc_number"":"""",""purchase_invoice_number"":"""",""tax1"":0,""tax2"":0,""tax3"":0,""tax1_amount"":0,""tax2_amount"":0,""tax3_amount"":0,""expiry_date"":"""",""manufacturing_date"":"""",""actual_qty"":""10.000"",""actual_unit_id"":""6602488"",""actual_unit_name"":""Qty"",""sap_group_master_id"":0,""category"":""Food"",""yield_qty"":""0"",""discount_application"":""B"",""pricing_method"":""0"",""container_weight"":0,""net_weight"":""10"",""gross_weight"":0,""tax_type"":0,""excise_duty"":0,""tax1_label"":""CGST"",""tax2_label"":""SGST"",""tax3_label"":""IGST""},{""prev_price"":""540.000000"",""item_id"":""46286098"",""itemname"":""Dolce Vita Peeled Tomatoes 3kg"",""qty"":10,""price"":540,""amount"":5400,""discount"":""0.000"",""lbl_unit"":""TIN"",""unit"":""5790701"",""description"":"""",""hsn_code"":"""",""weighted_price"":540,""invoice_date"":""2026-07-07"",""sap_code"":"""",""purchase_doc_number"":"""",""purchase_invoice_number"":"""",""tax1"":0,""tax2"":0,""tax3"":0,""tax1_amount"":0,""tax2_amount"":0,""tax3_amount"":0,""expiry_date"":"""",""manufacturing_date"":"""",""actual_qty"":""10.000"",""actual_unit_id"":""6602480"",""actual_unit_name"":""TIN"",""sap_group_master_id"":0,""category"":""Food"",""yield_qty"":""0"",""discount_application"":""B"",""container_weight"":0,""net_weight"":""10"",""gross_weight"":0,""tax_type"":0,""excise_duty"":0,""tax1_label"":""CGST"",""tax2_label"":""SGST"",""tax3_label"":""IGST""},{""prev_price"":""2357.140000"",""item_id"":""46287200"",""itemname"":""Sunflower Refined Oil 13kg"",""qty"":1,""price"":2357.14,""amount"":2357.14,""discount"":""0.000"",""lbl_unit"":""Qty"",""unit"":""5790709"",""description"":"""",""hsn_code"":"""",""weighted_price"":2357.14,""invoice_date"":""2026-07-07"",""sap_code"":"""",""purchase_doc_number"":"""",""purchase_invoice_number"":"""",""tax1"":0,""tax2"":0,""tax3"":0,""tax1_amount"":0,""tax2_amount"":0,""tax3_amount"":0,""expiry_date"":"""",""manufacturing_date"":"""",""actual_qty"":""1.000"",""actual_unit_id"":""6602488"",""actual_unit_name"":""Qty"",""sap_group_master_id"":0,""category"":""Food"",""yield_qty"":""0"",""discount_application"":""B"",""container_weight"":0,""net_weight"":""1"",""gross_weight"":0,""tax_type"":0,""excise_duty"":0,""tax1_label"":""CGST"",""tax2_label"":""SGST"",""tax3_label"":""IGST""},{""prev_price"":""483.720000"",""item_id"":""46286929"",""itemname"":""Buffalo Mozzarella Cheese 580gm"",""qty"":1,""price"":483.72,""amount"":483.72,""discount"":""0.000"",""lbl_unit"":""Qty"",""unit"":""5790709"",""description"":"""",""hsn_code"":"""",""weighted_price"":483.72,""invoice_date"":""2026-07-07"",""sap_code"":"""",""purchase_doc_number"":"""",""purchase_invoice_number"":"""",""tax1"":0,""tax2"":0,""tax3"":0,""tax1_amount"":0,""tax2_amount"":0,""tax3_amount"":0,""expiry_date"":"""",""manufacturing_date"":"""",""actual_qty"":""1.000"",""actual_unit_id"":""6602488"",""actual_unit_name"":""Qty"",""sap_group_master_id"":0,""category"":""Food"",""yield_qty"":""0"",""discount_application"":""B"",""pricing_method"":""0"",""container_weight"":0,""net_weight"":""1"",""gross_weight"":0,""tax_type"":0,""excise_duty"":0,""tax1_label"":""CGST"",""tax2_label"":""SGST"",""tax3_label"":""IGST""},{""prev_price"":""1172.500000"",""item_id"":""46909719"",""itemname"":""Parmesan"",""qty"":4,""price"":1172.5,""amount"":4690,""discount"":""0.000"",""lbl_unit"":""Kg"",""unit"":""5790692"",""description"":"""",""hsn_code"":"""",""weighted_price"":1172.5,""invoice_date"":""2026-07-07"",""sap_code"":"""",""purchase_doc_number"":"""",""purchase_invoice_number"":"""",""tax1"":0,""tax2"":0,""tax3"":0,""tax1_amount"":0,""tax2_amount"":0,""tax3_amount"":0,""expiry_date"":"""",""manufacturing_date"":"""",""actual_qty"":""4.000"",""actual_unit_id"":""6602471"",""actual_unit_name"":""Kg"",""sap_group_master_id"":0,""category"":""Food"",""yield_qty"":""0"",""discount_application"":""B"",""container_weight"":0,""net_weight"":""4"",""gross_weight"":0,""tax_type"":0,""excise_duty"":0,""tax1_label"":""CGST"",""tax2_label"":""SGST"",""tax3_label"":""IGST""},{""prev_price"":""55.000000"",""item_id"":""46286235"",""itemname"":""Corn Flour ."",""qty"":2,""price"":55,""amount"":110,""discount"":""0.000"",""lbl_unit"":""Kg"",""unit"":""5790692"",""description"":"""",""hsn_code"":"""",""weighted_price"":55,""invoice_date"":""2026-07-07"",""sap_code"":"""",""purchase_doc_number"":"""",""purchase_invoice_number"":"""",""tax1"":0,""tax2"":0,""tax3"":0,""tax1_amount"":0,""tax2_amount"":0,""tax3_amount"":0,""expiry_date"":"""",""manufacturing_date"":"""",""actual_qty"":""2.000"",""actual_unit_id"":""6602471"",""actual_unit_name"":""Kg"",""sap_group_master_id"":0,""category"":""Food"",""yield_qty"":""0"",""discount_application"":""B"",""container_weight"":0,""net_weight"":""2"",""gross_weight"":0,""tax_type"":0,""excise_duty"":0,""tax1_label"":""CGST"",""tax2_label"":""SGST"",""tax3_label"":""IGST""},{""prev_price"":""40.000000"",""item_id"":""46286960"",""itemname"":""Soya Plain Paneer 200gm"",""qty"":5,""price"":40,""amount"":200,""discount"":""0.000"",""lbl_unit"":""Qty"",""unit"":""5790709"",""description"":"""",""hsn_code"":"""",""weighted_price"":40,""invoice_date"":""2026-07-07"",""sap_code"":"""",""purchase_doc_number"":"""",""purchase_invoice_number"":"""",""tax1"":0,""tax2"":0,""tax3"":0,""tax1_amount"":0,""tax2_amount"":0,""tax3_amount"":0,""expiry_date"":"""",""manufacturing_date"":"""",""actual_qty"":""5.000"",""actual_unit_id"":""6602488"",""actual_unit_name"":""Qty"",""sap_group_master_id"":0,""category"":""Food"",""yield_qty"":""0"",""discount_application"":""B"",""container_weight"":0,""net_weight"":""5"",""gross_weight"":0,""tax_type"":0,""excise_duty"":0,""tax1_label"":""CGST"",""tax2_label"":""SGST"",""tax3_label"":""IGST""},{""prev_price"":""90.000000"",""item_id"":""46286663"",""itemname"":""Green Garbage Bag 5kg"",""qty"":5,""price"":90,""amount"":450,""discount"":""0.000"",""lbl_unit"":""kgs"",""unit"":""6058568"",""description"":"""",""hsn_code"":"""",""weighted_price"":90,""invoice_date"":""2026-07-07"",""sap_code"":"""",""purchase_doc_number"":"""",""purchase_invoice_number"":"""",""tax1"":0,""tax2"":0,""tax3"":0,""tax1_amount"":0,""tax2_amount"":0,""tax3_amount"":0,""expiry_date"":"""",""manufacturing_date"":"""",""actual_qty"":""5.000"",""actual_unit_id"":""6602730"",""actual_unit_name"":""kgs"",""sap_group_master_id"":0,""category"":""Housekeeping Hygiene"",""yield_qty"":""0"",""discount_application"":""B"",""container_weight"":0,""net_weight"":""5"",""gross_weight"":0,""tax_type"":0,""excise_duty"":0,""tax1_label"":""CGST"",""tax2_label"":""SGST"",""tax3_label"":""IGST""},{""prev_price"":""94.000000"",""item_id"":""46286683"",""itemname"":""Surf Excel 500 Gm"",""qty"":1,""price"":94,""amount"":94,""discount"":""0.000"",""lbl_unit"":""Qty"",""unit"":""5790709"",""description"":"""",""hsn_code"":"""",""weighted_price"":94,""invoice_date"":""2026-07-07"",""sap_code"":"""",""purchase_doc_number"":"""",""purchase_invoice_number"":"""",""tax1"":0,""tax2"":0,""tax3"":0,""tax1_amount"":0,""tax2_amount"":0,""tax3_amount"":0,""expiry_date"":"""",""manufacturing_date"":"""",""actual_qty"":""1.000"",""actual_unit_id"":""6602488"",""actual_unit_name"":""Qty"",""sap_group_master_id"":0,""category"":""Housekeeping Liquids"",""yield_qty"":""0"",""discount_application"":""B"",""container_weight"":0,""net_weight"":""1"",""gross_weight"":0,""tax_type"":0,""excise_duty"":0,""tax1_label"":""CGST"",""tax2_label"":""SGST"",""tax3_label"":""IGST""},{""prev_price"":""425.000000"",""item_id"":""46578570"",""itemname"":""Liquid Detergent 5 Ltr"",""qty"":1,""price"":425,""amount"":425,""discount"":""0.000"",""lbl_unit"":""Qty"",""unit"":""5790709"",""description"":"""",""hsn_code"":"""",""weighted_price"":425,""invoice_date"":""2026-07-07"",""sap_code"":"""",""purchase_doc_number"":"""",""purchase_invoice_number"":"""",""tax1"":0,""tax2"":0,""tax3"":0,""tax1_amount"":0,""tax2_amount"":0,""tax3_amount"":0,""expiry_date"":"""",""manufacturing_date"":"""",""actual_qty"":""1.000"",""actual_unit_id"":""6602488"",""actual_unit_name"":""Qty"",""sap_group_master_id"":0,""category"":""Housekeeping Liquids"",""yield_qty"":""0"",""discount_application"":""B"",""container_weight"":0,""net_weight"":""1"",""gross_weight"":0,""tax_type"":0,""excise_duty"":0,""tax1_label"":""CGST"",""tax2_label"":""SGST"",""tax3_label"":""IGST""},{""prev_price"":""474.400000"",""item_id"":""46578571"",""itemname"":""Dishwash Liquid 5 Ltr"",""qty"":1,""price"":474.4,""amount"":474.4,""discount"":""0.000"",""lbl_unit"":""Qty"",""unit"":""5790709"",""description"":"""",""hsn_code"":"""",""weighted_price"":474.4,""invoice_date"":""2026-07-07"",""sap_code"":"""",""purchase_doc_number"":"""",""purchase_invoice_number"":"""",""tax1"":0,""tax2"":0,""tax3"":0,""tax1_amount"":0,""tax2_amount"":0,""tax3_amount"":0,""expiry_date"":"""",""manufacturing_date"":"""",""actual_qty"":""1.000"",""actual_unit_id"":""6602488"",""actual_unit_name"":""Qty"",""sap_group_master_id"":0,""category"":""Housekeeping Liquids"",""yield_qty"":""0"",""discount_application"":""B"",""container_weight"":0,""net_weight"":""1"",""gross_weight"":0,""tax_type"":0,""excise_duty"":0,""tax1_label"":""CGST"",""tax2_label"":""SGST"",""tax3_label"":""IGST""},{""item_id"":""47063227"",""itemname"":""3m Scotch Brite 4x6(5pcs)"",""qty"":4,""price"":75,""prev_price"":""75.000000"",""amount"":300,""discount"":""0.000"",""lbl_unit"":""Qty"",""unit"":""5790709"",""description"":"""",""hsn_code"":"""",""weighted_price"":75,""invoice_date"":""2026-07-07"",""sap_code"":"""",""purchase_doc_number"":"""",""purchase_invoice_number"":"""",""tax1"":0,""tax2"":0,""tax3"":0,""tax1_amount"":0,""tax2_amount"":0,""tax3_amount"":0,""expiry_date"":"""",""manufacturing_date"":"""",""actual_qty"":""12.000"",""actual_unit_id"":""6602488"",""actual_unit_name"":""Qty"",""sap_group_master_id"":0,""discount_application"":""B"",""container_weight"":0,""net_weight"":""4"",""gross_weight"":0,""category"":""Housekeeping Liquids"",""tax_type"":0,""excise_duty"":0,""tax1_label"":""CGST"",""tax2_label"":""SGST"",""tax3_label"":""IGST""},{""prev_price"":""0.000000"",""item_id"":""46287027"",""itemname"":""Small Garbage Bag"",""qty"":2,""price"":0,""amount"":0,""discount"":""0.000"",""lbl_unit"":""Qty"",""unit"":""5790709"",""description"":"""",""hsn_code"":"""",""weighted_price"":0,""invoice_date"":""2026-07-07"",""sap_code"":"""",""purchase_doc_number"":"""",""purchase_invoice_number"":"""",""tax1"":0,""tax2"":0,""tax3"":0,""tax1_amount"":0,""tax2_amount"":0,""tax3_amount"":0,""expiry_date"":"""",""manufacturing_date"":"""",""actual_qty"":""2.000"",""actual_unit_id"":""6602488"",""actual_unit_name"":""Qty"",""sap_group_master_id"":0,""category"":""Housekeeping Hygiene"",""yield_qty"":""0"",""discount_application"":""B"",""container_weight"":0,""net_weight"":""2"",""gross_weight"":0,""tax_type"":0,""excise_duty"":0,""tax1_label"":""CGST"",""tax2_label"":""SGST"",""tax3_label"":""IGST""},{""prev_price"":""205.000000"",""item_id"":""46287076"",""itemname"":""Jivraj Tea 1kg"",""qty"":1,""price"":205,""amount"":205,""discount"":""0.000"",""lbl_unit"":""Qty"",""unit"":""5790709"",""description"":"""",""hsn_code"":"""",""weighted_price"":205,""invoice_date"":""2026-07-07"",""sap_code"":"""",""purchase_doc_number"":"""",""purchase_invoice_number"":"""",""tax1"":0,""tax2"":0,""tax3"":0,""tax1_amount"":0,""tax2_amount"":0,""tax3_amount"":0,""expiry_date"":"""",""manufacturing_date"":"""",""actual_qty"":""1.000"",""actual_unit_id"":""6602488"",""actual_unit_name"":""Qty"",""sap_group_master_id"":0,""category"":""Staff Welfare"",""yield_qty"":""0"",""discount_application"":""B"",""container_weight"":0,""net_weight"":""1"",""gross_weight"":0,""tax_type"":0,""excise_duty"":0,""tax1_label"":""CGST"",""tax2_label"":""SGST"",""tax3_label"":""IGST""},{""prev_price"":""242.858000"",""item_id"":""46287660"",""itemname"":""Madhur Sugar 5 Kg"",""qty"":1,""price"":242.858,""amount"":242.858,""discount"":""0.000"",""lbl_unit"":""Qty"",""unit"":""5790709"",""description"":"""",""hsn_code"":"""",""weighted_price"":242.858,""invoice_date"":""2026-07-07"",""sap_code"":"""",""purchase_doc_number"":"""",""purchase_invoice_number"":"""",""tax1"":0,""tax2"":0,""tax3"":0,""tax1_amount"":0,""tax2_amount"":0,""tax3_amount"":0,""expiry_date"":"""",""manufacturing_date"":"""",""actual_qty"":""1.000"",""actual_unit_id"":""6602488"",""actual_unit_name"":""Qty"",""sap_group_master_id"":0,""category"":""Food"",""yield_qty"":""0"",""discount_application"":""B"",""container_weight"":0,""net_weight"":""1"",""gross_weight"":0,""tax_type"":0,""excise_duty"":0,""tax1_label"":""CGST"",""tax2_label"":""SGST"",""tax3_label"":""IGST""},{""prev_price"":""934.000000"",""item_id"":""46287199"",""itemname"":""Almond 1kg"",""qty"":1,""price"":934,""amount"":934,""discount"":""0.000"",""lbl_unit"":""Kg"",""unit"":""5790692"",""description"":"""",""hsn_code"":"""",""weighted_price"":934,""invoice_date"":""2026-07-07"",""sap_code"":"""",""purchase_doc_number"":"""",""purchase_invoice_number"":"""",""tax1"":0,""tax2"":0,""tax3"":0,""tax1_amount"":0,""tax2_amount"":0,""tax3_amount"":0,""expiry_date"":"""",""manufacturing_date"":"""",""actual_qty"":""1.000"",""actual_unit_id"":""6602471"",""actual_unit_name"":""Kg"",""sap_group_master_id"":0,""category"":""Food"",""yield_qty"":""0"",""discount_application"":""B"",""container_weight"":0,""net_weight"":""1"",""gross_weight"":0,""tax_type"":0,""excise_duty"":0,""tax1_label"":""CGST"",""tax2_label"":""SGST"",""tax3_label"":""IGST""}]",[],0,0,,,[],[],,,,,,,,,,,,,,,,,,,,,,,,,,,,,,,,,,,,,,,,,,,,,,,,,,,,,,,,,,,,,,,,,,,,,,,,,,,,,,,,,,,,,,,,,,,,,,,,,,,,,,,,,,,,,,,,,,,,,,,,,,,,,,,,,,,,,,,,,,,,,,,,,,,,,,,,,,,,,,,,,,,,,,,,,,,,,,,,,,,,,,,,,,,,,,,,,,,,,,,,,,,,,,,,,,,,,,,,,,,,,,,,,,,,,,,,,,,,,,,,,,,,,,,,,,,,,,,,,,,,,,,,,,,,,,,,,,,,,,,,,,,,,,,,,,,,,,,,,,,,,,,,,,,,,,,,,,,,,,,,,,,,,,,,,,,,,,,,,,,,,,,,,,,,,,,,,,,,,,,,,,,,,,,,,,,,,,,,,,,,,,,,,,,,,,,,,,,,,,,,,,,,,,,,,,,,,,,,,,,,,,,,,,,,,,,,,,,,,,,,,,,,,,,,,,,,,,,,,,,,,,,,,,,,,,,,,,,,,,,,,,,,,,,,,,,,,,,,,,,,,,,,,,,,,,,,,,,,,,,,,,,,,,,,,,,,,,,,,,,,,,,,,,,,,,,,,,,,,,,,,,,,,,,,,,,,,,,,,,,,,,,,,,,,,,,,,,,,,,,,,,,,,,,,,,,,,,,,,,,,,,,,,,,,,,,,,,,,,,,,,,,,,,,,,,,,,,,,,,,,,,,,,,,,,,,,,,,,,,,,,,,,,,,,,,,,,,,,,,,,,,,,,,,,,,,,,,,,,,,,,,,,,,,,,,,,,,,,,,,,,,,,,,,,,
Ahmedabad Prep Kitchen,410150,134454324,From Sales,118089744,109,,2026-07-07,14675,0,Active,Unpaid,,14675,0,0,0,0.00,0,0,0,0,2026-07-08 20:49:50,2026-07-08 20:49:50,443195,Kitchen,,Surat,Ahmedabad Prep Kitchen,Gujarat,,"Ason vista, Sanidhya, Ahmedabad, Gujarat 380058",9510355182,,,,Ahmedabad,Ahmedabad store 2.0 ,Kitchen,,Gujarat,,Ahmedabad ,8849373682,0,,1,PO0081109437,PO0081109437,1,,0,0,0,"[{""prev_price"":""49.000000"",""item_id"":""46287039"",""itemname"":""Fettuccine Pasta 500 Gm"",""qty"":5,""price"":49,""amount"":245,""discount"":""0.000"",""lbl_unit"":""Qty"",""unit"":""5790709"",""description"":"""",""hsn_code"":"""",""weighted_price"":49,""invoice_date"":""2026-07-07"",""sap_code"":"""",""purchase_doc_number"":"""",""purchase_invoice_number"":"""",""tax1"":0,""tax2"":0,""tax3"":0,""tax1_amount"":0,""tax2_amount"":0,""tax3_amount"":0,""expiry_date"":"""",""manufacturing_date"":"""",""actual_qty"":""5.000"",""actual_unit_id"":""6602488"",""actual_unit_name"":""Qty"",""sap_group_master_id"":0,""category"":""Food"",""yield_qty"":""0"",""discount_application"":""B"",""container_weight"":0,""net_weight"":""5"",""gross_weight"":0,""tax_type"":0,""excise_duty"":0,""tax1_label"":""CGST"",""tax2_label"":""SGST"",""tax3_label"":""IGST""},{""prev_price"":""540.000000"",""item_id"":""46286098"",""itemname"":""Dolce Vita Peeled Tomatoes 3kg"",""qty"":10,""price"":540,""amount"":5400,""discount"":""0.000"",""lbl_unit"":""TIN"",""unit"":""5790701"",""description"":"""",""hsn_code"":"""",""weighted_price"":540,""invoice_date"":""2026-07-07"",""sap_code"":"""",""purchase_doc_number"":"""",""purchase_invoice_number"":"""",""tax1"":0,""tax2"":0,""tax3"":0,""tax1_amount"":0,""tax2_amount"":0,""tax3_amount"":0,""expiry_date"":"""",""manufacturing_date"":"""",""actual_qty"":""10.000"",""actual_unit_id"":""6602480"",""actual_unit_name"":""TIN"",""sap_group_master_id"":0,""category"":""Food"",""yield_qty"":""0"",""discount_application"":""B"",""container_weight"":0,""net_weight"":""10"",""gross_weight"":0,""tax_type"":0,""excise_duty"":0,""tax1_label"":""CGST"",""tax2_label"":""SGST"",""tax3_label"":""IGST""},{""prev_price"":""602.000000"",""item_id"":""46286928"",""itemname"":""Mozzarella Cheese 1kg"",""qty"":15,""price"":602,""amount"":9030,""discount"":""0.000"",""lbl_unit"":""Qty"",""unit"":""5790709"",""description"":"""",""hsn_code"":"""",""weighted_price"":602,""invoice_date"":""2026-07-07"",""sap_code"":"""",""purchase_doc_number"":"""",""purchase_invoice_number"":"""",""tax1"":0,""tax2"":0,""tax3"":0,""tax1_amount"":0,""tax2_amount"":0,""tax3_amount"":0,""expiry_date"":"""",""manufacturing_date"":"""",""actual_qty"":""15.000"",""actual_unit_id"":""6602488"",""actual_unit_name"":""Qty"",""sap_group_master_id"":0,""category"":""Food"",""yield_qty"":""0"",""discount_application"":""B"",""pricing_method"":""0"",""container_weight"":0,""net_weight"":""15"",""gross_weight"":0,""tax_type"":0,""excise_duty"":0,""tax1_label"":""CGST"",""tax2_label"":""SGST"",""tax3_label"":""IGST""}]",[],0,0,,,[],[],6a4e6a8a-04a8-4341-9c92-4ba03c009e87,60.0.158.135,,,,,,,,,,,,,,,,,,,,,,,,,,,,,,,,,,,,,,,,,,,,,,,,,,,,,,,,,,,,,,,,,,,,,,,,,,,,,,,,,,,,,,,,,,,,,,,,,,,,,,,,,,,,,,,,,,,,,,,,,,,,,,,,,,,,,,,,,,,,,,,,,,,,,,,,,,,,,,,,,,,,,,,,,,,,,,,,,,,,,,,,,,,,,,,,,,,,,,,,,,,,,,,,,,,,,,,,,,,,,,,,,,,,,,,,,,,,,,,,,,,,,,,,,,,,,,,,,,,,,,,,,,,,,,,,,,,,,,,,,,,,,,,,,,,,,,,,,,,,,,,,,,,,,,,,,,,,,,,,,,,,,,,,,,,,,,,,,,,,,,,,,,,,,,,,,,,,,,,,,,,,,,,,,,,,,,,,,,,,,,,,,,,,,,,,,,,,,,,,,,,,,,,,,,,,,,,,,,,,,,,,,,,,,,,,,,,,,,,,,,,,,,,,,,,,,,,,,,,,,,,,,,,,,,,,,,,,,,,,,,,,,,,,,,,,,,,,,,,,,,,,,,,,,,,,,,,,,,,,,,,,,,,,,,,,,,,,,,,,,,,,,,,,,,,,,,,,,,,,,,,,,,,,,,,,,,,,,,,,,,,,,,,,,,,,,,,,,,,,,,,,,,,,,,,,,,,,,,,,,,,,,,,,,,,,,,,,,,,,,,,,,,,,,,,,,,,,,,,,,,,,,,,,,,,,,,,,,,,,,,,,,,,,,,,,,,,,,,,,,,,,,,,,,,,,,,,,,,,,,,,,,,,,,,,,,,,,,,,,,,,,,,,
Ahmedabad Prep Kitchen,410150,134346799,Normal,,509,905,2026-07-07,400,0,Active,Unpaid,,400,0,0,0,0.00,0,0,0,0,2026-07-07 18:37:18,2026-07-07 18:37:18,1139315,Supplier,,Surat,Ahmedabad Prep Kitchen,Gujarat,,"Ason vista, Sanidhya, Ahmedabad, Gujarat 380058",9510355182,,,,,B.k Aegro,Supplier,,Gujarat,,,,0,,,,,1,,,0,,"[{""item_id"":""47012579"",""itemname"":""Red Cherries"",""qty"":1,""price"":400,""prev_price"":""0.000000"",""amount"":400,""discount"":""0.000"",""lbl_unit"":""Kg"",""unit"":""5790692"",""description"":"""",""hsn_code"":"""",""weighted_price"":400,""invoice_date"":""2026-07-07"",""sap_code"":"""",""purchase_doc_number"":"""",""purchase_invoice_number"":"""",""tax1"":0,""tax2"":0,""tax3"":0,""tax1_amount"":0,""tax2_amount"":0,""tax3_amount"":0,""expiry_date"":"""",""manufacturing_date"":"""",""sap_group_master_id"":0,""discount_application"":""B"",""container_weight"":0,""net_weight"":""1"",""gross_weight"":0,""category"":""Food"",""tax_type"":0,""excise_duty"":0,""tax1_label"":""CGST"",""tax2_label"":""SGST"",""tax3_label"":""IGST""}]",[],0,0,,,[],[],,,,,,,1,6a4cf9d1-bc18-4a79-8d60-6d343c008c93,60.0.136.243,,,,,,,,,,,,,,,,,,,,,,,,,,,,,,,,,,,,,,,,,,,,,,,,,,,,,,,,,,,,,,,,,,,,,,,,,,,,,,,,,,,,,,,,,,,,,,,,,,,,,,,,,,,,,,,,,,,,,,,,,,,,,,,,,,,,,,,,,,,,,,,,,,,,,,,,,,,,,,,,,,,,,,,,,,,,,,,,,,,,,,,,,,,,,,,,,,,,,,,,,,,,,,,,,,,,,,,,,,,,,,,,,,,,,,,,,,,,,,,,,,,,,,,,,,,,,,,,,,,,,,,,,,,,,,,,,,,,,,,,,,,,,,,,,,,,,,,,,,,,,,,,,,,,,,,,,,,,,,,,,,,,,,,,,,,,,,,,,,,,,,,,,,,,,,,,,,,,,,,,,,,,,,,,,,,,,,,,,,,,,,,,,,,,,,,,,,,,,,,,,,,,,,,,,,,,,,,,,,,,,,,,,,,,,,,,,,,,,,,,,,,,,,,,,,,,,,,,,,,,,,,,,,,,,,,,,,,,,,,,,,,,,,,,,,,,,,,,,,,,,,,,,,,,,,,,,,,,,,,,,,,,,,,,,,,,,,,,,,,,,,,,,,,,,,,,,,,,,,,,,,,,,,,,,,,,,,,,,,,,,,,,,,,,,,,,,,,,,,,,,,,,,,,,,,,,,,,,,,,,,,,,,,,,,,,,,,,,,,,,,,,,,,,,,,,,,,,,,,,,,,,,,,,,,,,,,,,,,,,,,,,,,,,,,,,,,,,,,,,,,,,,,,,,,,,,,,,,,,,,,,,,,,,,,,,,,,,,,,,,
Ahmedabad Prep Kitchen,410150,134346459,Normal,,508,908,2026-07-07,6590,0,Active,Unpaid,,6590,0,0,0,0.00,0,0,0,0,2026-07-07 18:34:44,2026-07-07 18:34:44,1139315,Supplier,,Surat,Ahmedabad Prep Kitchen,Gujarat,,"Ason vista, Sanidhya, Ahmedabad, Gujarat 380058",9510355182,,,,,B.k Aegro,Supplier,,Gujarat,,,,0,,,,,1,,,0,,"[{""prev_price"":""0.000000"",""item_id"":""46286245"",""itemname"":""Beetroot"",""qty"":1,""price"":50,""amount"":50,""discount"":""0.000"",""lbl_unit"":""Kg"",""unit"":""5790692"",""description"":"""",""hsn_code"":"""",""weighted_price"":50,""invoice_date"":""2026-07-07"",""sap_code"":"""",""purchase_doc_number"":"""",""purchase_invoice_number"":"""",""tax1"":0,""tax2"":0,""tax3"":0,""tax1_amount"":0,""tax2_amount"":0,""tax3_amount"":0,""expiry_date"":"""",""manufacturing_date"":"""",""sap_group_master_id"":0,""category"":""Food"",""rmconv_qty"":""1000"",""rmconv_qty_total"":1000,""rmconv_unit_id"":""5790698"",""rmconv_unit"":""GM"",""yield_qty"":""0"",""discount_application"":""B"",""container_weight"":0,""net_weight"":""1"",""gross_weight"":0,""tax_type"":0,""excise_duty"":0,""tax1_label"":""CGST"",""tax2_label"":""SGST"",""tax3_label"":""IGST""},{""prev_price"":""0.000000"",""item_id"":""46286275"",""itemname"":""Cherry Tomato"",""qty"":0.5,""price"":300,""amount"":150,""discount"":""0.000"",""lbl_unit"":""Kg"",""unit"":""5790692"",""description"":"""",""hsn_code"":"""",""weighted_price"":300,""invoice_date"":""2026-07-07"",""sap_code"":"""",""purchase_doc_number"":"""",""purchase_invoice_number"":"""",""tax1"":0,""tax2"":0,""tax3"":0,""tax1_amount"":0,""tax2_amount"":0,""tax3_amount"":0,""expiry_date"":"""",""manufacturing_date"":"""",""sap_group_master_id"":0,""category"":""Food"",""rmconv_qty"":""1000"",""rmconv_qty_total"":500,""rmconv_unit_id"":""5790698"",""rmconv_unit"":""GM"",""yield_qty"":""0"",""discount_application"":""B"",""container_weight"":0,""net_weight"":""0.5"",""gross_weight"":0,""tax_type"":0,""excise_duty"":0,""tax1_label"":""CGST"",""tax2_label"":""SGST"",""tax3_label"":""IGST""},{""prev_price"":""0.000000"",""item_id"":""46286262"",""itemname"":""Lemon"",""qty"":3,""price"":80,""amount"":240,""discount"":""0.000"",""lbl_unit"":""Kg"",""unit"":""5790692"",""description"":"""",""hsn_code"":"""",""weighted_price"":80,""invoice_date"":""2026-07-07"",""sap_code"":"""",""purchase_doc_number"":"""",""purchase_invoice_number"":"""",""tax1"":0,""tax2"":0,""tax3"":0,""tax1_amount"":0,""tax2_amount"":0,""tax3_amount"":0,""expiry_date"":"""",""manufacturing_date"":"""",""sap_group_master_id"":0,""category"":""Food"",""yield_qty"":""0"",""discount_application"":""B"",""container_weight"":0,""net_weight"":""3"",""gross_weight"":0,""tax_type"":0,""excise_duty"":0,""tax1_label"":""CGST"",""tax2_label"":""SGST"",""tax3_label"":""IGST""},{""prev_price"":""0.000000"",""item_id"":""46286016"",""itemname"":""Rosemary"",""qty"":0.1,""price"":800,""amount"":80,""discount"":""0.000"",""lbl_unit"":""Kg"",""unit"":""5790692"",""description"":"""",""hsn_code"":"""",""weighted_price"":800,""invoice_date"":""2026-07-07"",""sap_code"":"""",""purchase_doc_number"":"""",""purchase_invoice_number"":"""",""tax1"":0,""tax2"":0,""tax3"":0,""tax1_amount"":0,""tax2_amount"":0,""tax3_amount"":0,""expiry_date"":"""",""manufacturing_date"":"""",""sap_group_master_id"":0,""category"":""Food"",""rmconv_qty"":""1000"",""rmconv_qty_total"":100,""rmconv_unit_id"":""5790698"",""rmconv_unit"":""GM"",""yield_qty"":""0"",""discount_application"":""B"",""container_weight"":0,""net_weight"":""0.1"",""gross_weight"":0,""tax_type"":0,""excise_duty"":0,""tax1_label"":""CGST"",""tax2_label"":""SGST"",""tax3_label"":""IGST""},{""prev_price"":""0.000000"",""item_id"":""46453239"",""itemname"":""W Skin Pineapple"",""qty"":4,""price"":110,""amount"":440,""discount"":""0.000"",""lbl_unit"":""Piece"",""unit"":""5790691"",""description"":"""",""hsn_code"":"""",""weighted_price"":110,""invoice_date"":""2026-07-07"",""sap_code"":"""",""purchase_doc_number"":"""",""purchase_invoice_number"":"""",""tax1"":0,""tax2"":0,""tax3"":0,""tax1_amount"":0,""tax2_amount"":0,""tax3_amount"":0,""expiry_date"":"""",""manufacturing_date"":"""",""sap_group_master_id"":0,""category"":""Food"",""yield_qty"":""0"",""discount_application"":""B"",""container_weight"":0,""net_weight"":""4"",""gross_weight"":0,""tax_type"":0,""excise_duty"":0,""tax1_label"":""CGST"",""tax2_label"":""SGST"",""tax3_label"":""IGST""},{""prev_price"":""0.000000"",""item_id"":""46286642"",""itemname"":""Jamun"",""qty"":5,""price"":220,""amount"":1100,""discount"":""0.000"",""lbl_unit"":""Kg"",""unit"":""5790692"",""description"":"""",""hsn_code"":"""",""weighted_price"":220,""invoice_date"":""2026-07-07"",""sap_code"":"""",""purchase_doc_number"":"""",""purchase_invoice_number"":"""",""tax1"":0,""tax2"":0,""tax3"":0,""tax1_amount"":0,""tax2_amount"":0,""tax3_amount"":0,""expiry_date"":"""",""manufacturing_date"":"""",""sap_group_master_id"":0,""category"":""Food"",""rmconv_qty"":""1000"",""rmconv_qty_total"":5000,""rmconv_unit_id"":""5790698"",""rmconv_unit"":""GM"",""yield_qty"":""0"",""discount_application"":""B"",""container_weight"":0,""net_weight"":""5"",""gross_weight"":0,""tax_type"":0,""excise_duty"":0,""tax1_label"":""CGST"",""tax2_label"":""SGST"",""tax3_label"":""IGST""},{""prev_price"":""0.000000"",""item_id"":""46286381"",""itemname"":""Watermelon"",""qty"":2,""price"":90,""amount"":180,""discount"":""0.000"",""lbl_unit"":""Kg"",""unit"":""5790692"",""description"":"""",""hsn_code"":"""",""weighted_price"":90,""invoice_date"":""2026-07-07"",""sap_code"":"""",""purchase_doc_number"":"""",""purchase_invoice_number"":"""",""tax1"":0,""tax2"":0,""tax3"":0,""tax1_amount"":0,""tax2_amount"":0,""tax3_amount"":0,""expiry_date"":"""",""manufacturing_date"":"""",""sap_group_master_id"":0,""category"":""Food"",""yield_qty"":""0"",""discount_application"":""B"",""container_weight"":0,""net_weight"":""2"",""gross_weight"":0,""tax_type"":0,""excise_duty"":0,""tax1_label"":""CGST"",""tax2_label"":""SGST"",""tax3_label"":""IGST""},{""prev_price"":""0.000000"",""item_id"":""46286213"",""itemname"":""Green Bell Pepper"",""qty"":4,""price"":40,""amount"":160,""discount"":""0.000"",""lbl_unit"":""Kg"",""unit"":""5790692"",""description"":"""",""hsn_code"":"""",""weighted_price"":40,""invoice_date"":""2026-07-07"",""sap_code"":"""",""purchase_doc_number"":"""",""purchase_invoice_number"":"""",""tax1"":0,""tax2"":0,""tax3"":0,""tax1_amount"":0,""tax2_amount"":0,""tax3_amount"":0,""expiry_date"":"""",""manufacturing_date"":"""",""sap_group_master_id"":0,""category"":""Food"",""rmconv_qty"":""1000"",""rmconv_qty_total"":4000,""rmconv_unit_id"":""5790698"",""rmconv_unit"":""GM"",""yield_qty"":""0"",""discount_application"":""B"",""container_weight"":0,""net_weight"":""4"",""gross_weight"":0,""tax_type"":0,""excise_duty"":0,""tax1_label"":""CGST"",""tax2_label"":""SGST"",""tax3_label"":""IGST""},{""prev_price"":""0.000000"",""item_id"":""46286277"",""itemname"":""Basil"",""qty"":2,""price"":150,""amount"":300,""discount"":""0.000"",""lbl_unit"":""Kg"",""unit"":""5790692"",""description"":"""",""hsn_code"":"""",""weighted_price"":150,""invoice_date"":""2026-07-07"",""sap_code"":"""",""purchase_doc_number"":"""",""purchase_invoice_number"":"""",""tax1"":0,""tax2"":0,""tax3"":0,""tax1_amount"":0,""tax2_amount"":0,""tax3_amount"":0,""expiry_date"":"""",""manufacturing_date"":"""",""sap_group_master_id"":0,""category"":""Food"",""rmconv_qty"":""1000"",""rmconv_qty_total"":2000,""rmconv_unit_id"":""5790698"",""rmconv_unit"":""GM"",""yield_qty"":""0"",""discount_application"":""B"",""container_weight"":0,""net_weight"":""2"",""gross_weight"":0,""tax_type"":0,""excise_duty"":0,""tax1_label"":""CGST"",""tax2_label"":""SGST"",""tax3_label"":""IGST""},{""prev_price"":""0.000000"",""item_id"":""46286012"",""itemname"":""Edible Flower"",""qty"":2,""price"":160,""amount"":320,""discount"":""0.000"",""lbl_unit"":""Pkt"",""unit"":""6694691"",""description"":"""",""hsn_code"":"""",""weighted_price"":160,""invoice_date"":""2026-07-07"",""sap_code"":"""",""purchase_doc_number"":"""",""purchase_invoice_number"":"""",""tax1"":0,""tax2"":0,""tax3"":0,""tax1_amount"":0,""tax2_amount"":0,""tax3_amount"":0,""expiry_date"":"""",""manufacturing_date"":"""",""sap_group_master_id"":0,""category"":""Food"",""yield_qty"":""0"",""discount_application"":""B"",""container_weight"":0,""net_weight"":""2"",""gross_weight"":0,""tax_type"":0,""excise_duty"":0,""tax1_label"":""CGST"",""tax2_label"":""SGST"",""tax3_label"":""IGST""},{""prev_price"":""0.000000"",""item_id"":""46453245"",""itemname"":""Big Clove Garlic"",""qty"":4,""price"":240,""amount"":960,""discount"":""0.000"",""lbl_unit"":""Kg"",""unit"":""5790692"",""description"":"""",""hsn_code"":"""",""weighted_price"":240,""invoice_date"":""2026-07-07"",""sap_code"":"""",""purchase_doc_number"":"""",""purchase_invoice_number"":"""",""tax1"":0,""tax2"":0,""tax3"":0,""tax1_amount"":0,""tax2_amount"":0,""tax3_amount"":0,""expiry_date"":"""",""manufacturing_date"":"""",""sap_group_master_id"":0,""category"":""Food"",""rmconv_qty"":""1000"",""rmconv_qty_total"":4000,""rmconv_unit_id"":""5790698"",""rmconv_unit"":""GM"",""yield_qty"":""0"",""discount_application"":""B"",""container_weight"":0,""net_weight"":""4"",""gross_weight"":0,""tax_type"":0,""excise_duty"":0,""tax1_label"":""CGST"",""tax2_label"":""SGST"",""tax3_label"":""IGST""},{""prev_price"":""0.000000"",""item_id"":""46286260"",""itemname"":""Button Mushrooms"",""qty"":3,""price"":200,""amount"":600,""discount"":""0.000"",""lbl_unit"":""Kg"",""unit"":""5790692"",""description"":"""",""hsn_code"":"""",""weighted_price"":200,""invoice_date"":""2026-07-07"",""sap_code"":"""",""purchase_doc_number"":"""",""purchase_invoice_number"":"""",""tax1"":0,""tax2"":0,""tax3"":0,""tax1_amount"":0,""tax2_amount"":0,""tax3_amount"":0,""expiry_date"":"""",""manufacturing_date"":"""",""sap_group_master_id"":0,""category"":""Food"",""rmconv_qty"":""1000"",""rmconv_qty_total"":3000,""rmconv_unit_id"":""5790698"",""rmconv_unit"":""GM"",""yield_qty"":""0"",""discount_application"":""B"",""container_weight"":0,""net_weight"":""3"",""gross_weight"":0,""tax_type"":0,""excise_duty"":0,""tax1_label"":""CGST"",""tax2_label"":""SGST"",""tax3_label"":""IGST""},{""prev_price"":""0.000000"",""item_id"":""46286276"",""itemname"":""Broccoli"",""qty"":3,""price"":270,""amount"":810,""discount"":""0.000"",""lbl_unit"":""Kg"",""unit"":""5790692"",""description"":"""",""hsn_code"":"""",""weighted_price"":270,""invoice_date"":""2026-07-07"",""sap_code"":"""",""purchase_doc_number"":"""",""purchase_invoice_number"":"""",""tax1"":0,""tax2"":0,""tax3"":0,""tax1_amount"":0,""tax2_amount"":0,""tax3_amount"":0,""expiry_date"":"""",""manufacturing_date"":"""",""sap_group_master_id"":0,""category"":""Food"",""rmconv_qty"":""1000"",""rmconv_qty_total"":3000,""rmconv_unit_id"":""5790698"",""rmconv_unit"":""GM"",""yield_qty"":""0"",""discount_application"":""B"",""container_weight"":0,""net_weight"":""3"",""gross_weight"":0,""tax_type"":0,""excise_duty"":0,""tax1_label"":""CGST"",""tax2_label"":""SGST"",""tax3_label"":""IGST""},{""prev_price"":""0.000000"",""item_id"":""46286166"",""itemname"":""Spring Onion ."",""qty"":2,""price"":220,""amount"":440,""discount"":""0.000"",""lbl_unit"":""Kg"",""unit"":""5790692"",""description"":"""",""hsn_code"":"""",""weighted_price"":220,""invoice_date"":""2026-07-07"",""sap_code"":"""",""purchase_doc_number"":"""",""purchase_invoice_number"":"""",""tax1"":0,""tax2"":0,""tax3"":0,""tax1_amount"":0,""tax2_amount"":0,""tax3_amount"":0,""expiry_date"":"""",""manufacturing_date"":"""",""sap_group_master_id"":0,""category"":""Food"",""rmconv_qty"":""1000"",""rmconv_qty_total"":2000,""rmconv_unit_id"":""5790698"",""rmconv_unit"":""GM"",""yield_qty"":""0"",""discount_application"":""B"",""container_weight"":0,""net_weight"":""2"",""gross_weight"":0,""tax_type"":0,""excise_duty"":0,""tax1_label"":""CGST"",""tax2_label"":""SGST"",""tax3_label"":""IGST""},{""prev_price"":""0.000000"",""item_id"":""46286271"",""itemname"":""Green Garlic"",""qty"":0.5,""price"":500,""amount"":250,""discount"":""0.000"",""lbl_unit"":""Kg"",""unit"":""5790692"",""description"":"""",""hsn_code"":"""",""weighted_price"":500,""invoice_date"":""2026-07-07"",""sap_code"":"""",""purchase_doc_number"":"""",""purchase_invoice_number"":"""",""tax1"":0,""tax2"":0,""tax3"":0,""tax1_amount"":0,""tax2_amount"":0,""tax3_amount"":0,""expiry_date"":"""",""manufacturing_date"":"""",""sap_group_master_id"":0,""category"":""Food"",""rmconv_qty"":""1000"",""rmconv_qty_total"":500,""rmconv_unit_id"":""5790698"",""rmconv_unit"":""GM"",""yield_qty"":""0"",""discount_application"":""B"",""container_weight"":0,""net_weight"":""0.5"",""gross_weight"":0,""tax_type"":0,""excise_duty"":0,""tax1_label"":""CGST"",""tax2_label"":""SGST"",""tax3_label"":""IGST""},{""prev_price"":""0.000000"",""item_id"":""46285750"",""itemname"":""Coriander"",""qty"":1,""price"":150,""amount"":150,""discount"":""0.000"",""lbl_unit"":""Kg"",""unit"":""5790692"",""description"":"""",""hsn_code"":"""",""weighted_price"":150,""invoice_date"":""2026-07-07"",""sap_code"":"""",""purchase_doc_number"":"""",""purchase_invoice_number"":"""",""tax1"":0,""tax2"":0,""tax3"":0,""tax1_amount"":0,""tax2_amount"":0,""tax3_amount"":0,""expiry_date"":"""",""manufacturing_date"":"""",""sap_group_master_id"":0,""category"":""Food"",""rmconv_qty"":""1000"",""rmconv_qty_total"":1000,""rmconv_unit_id"":""5790698"",""rmconv_unit"":""GM"",""yield_qty"":""0"",""discount_application"":""B"",""container_weight"":0,""net_weight"":""1"",""gross_weight"":0,""tax_type"":0,""excise_duty"":0,""tax1_label"":""CGST"",""tax2_label"":""SGST"",""tax3_label"":""IGST""},{""prev_price"":""0.000000"",""item_id"":""46286256"",""itemname"":""Parsley"",""qty"":1,""price"":250,""amount"":250,""discount"":""0.000"",""lbl_unit"":""Kg"",""unit"":""5790692"",""description"":"""",""hsn_code"":"""",""weighted_price"":250,""invoice_date"":""2026-07-07"",""sap_code"":"""",""purchase_doc_number"":"""",""purchase_invoice_number"":"""",""tax1"":0,""tax2"":0,""tax3"":0,""tax1_amount"":0,""tax2_amount"":0,""tax3_amount"":0,""expiry_date"":"""",""manufacturing_date"":"""",""sap_group_master_id"":0,""category"":""Food"",""rmconv_qty"":""1000"",""rmconv_qty_total"":1000,""rmconv_unit_id"":""5790698"",""rmconv_unit"":""GM"",""yield_qty"":""0"",""discount_application"":""B"",""container_weight"":0,""net_weight"":""1"",""gross_weight"":0,""tax_type"":0,""excise_duty"":0,""tax1_label"":""CGST"",""tax2_label"":""SGST"",""tax3_label"":""IGST""},{""prev_price"":""0.000000"",""item_id"":""46286280"",""itemname"":""Mint"",""qty"":2,""price"":20,""amount"":40,""discount"":""0.000"",""lbl_unit"":""pcs"",""unit"":""6058570"",""description"":"""",""hsn_code"":"""",""weighted_price"":20,""invoice_date"":""2026-07-07"",""sap_code"":"""",""purchase_doc_number"":"""",""purchase_invoice_number"":"""",""tax1"":0,""tax2"":0,""tax3"":0,""tax1_amount"":0,""tax2_amount"":0,""tax3_amount"":0,""expiry_date"":"""",""manufacturing_date"":"""",""sap_group_master_id"":0,""category"":""Food"",""yield_qty"":""0"",""discount_application"":""B"",""container_weight"":0,""net_weight"":""2"",""gross_weight"":0,""tax_type"":0,""excise_duty"":0,""tax1_label"":""CGST"",""tax2_label"":""SGST"",""tax3_label"":""IGST""},{""prev_price"":""0.000000"",""item_id"":""46286258"",""itemname"":""Onion"",""qty"":1,""price"":30,""amount"":30,""discount"":""0.000"",""lbl_unit"":""Kg"",""unit"":""5790692"",""description"":"""",""hsn_code"":"""",""weighted_price"":30,""invoice_date"":""2026-07-07"",""sap_code"":"""",""purchase_doc_number"":"""",""purchase_invoice_number"":"""",""tax1"":0,""tax2"":0,""tax3"":0,""tax1_amount"":0,""tax2_amount"":0,""tax3_amount"":0,""expiry_date"":"""",""manufacturing_date"":"""",""sap_group_master_id"":0,""category"":""Food"",""rmconv_qty"":""1000"",""rmconv_qty_total"":1000,""rmconv_unit_id"":""5790698"",""rmconv_unit"":""GM"",""yield_qty"":""0"",""discount_application"":""B"",""container_weight"":0,""net_weight"":""1"",""gross_weight"":0,""tax_type"":0,""excise_duty"":0,""tax1_label"":""CGST"",""tax2_label"":""SGST"",""tax3_label"":""IGST""},{""prev_price"":""0.000000"",""item_id"":""46286266"",""itemname"":""Green Chilli"",""qty"":0.5,""price"":80,""amount"":40,""discount"":""0.000"",""lbl_unit"":""Kg"",""unit"":""5790692"",""description"":"""",""hsn_code"":"""",""weighted_price"":80,""invoice_date"":""2026-07-07"",""sap_code"":"""",""purchase_doc_number"":"""",""purchase_invoice_number"":"""",""tax1"":0,""tax2"":0,""tax3"":0,""tax1_amount"":0,""tax2_amount"":0,""tax3_amount"":0,""expiry_date"":"""",""manufacturing_date"":"""",""sap_group_master_id"":0,""category"":""Food"",""rmconv_qty"":""1000"",""rmconv_qty_total"":500,""rmconv_unit_id"":""5790698"",""rmconv_unit"":""GM"",""yield_qty"":""0"",""discount_application"":""B"",""container_weight"":0,""net_weight"":""0.5"",""gross_weight"":0,""tax_type"":0,""excise_duty"":0,""tax1_label"":""CGST"",""tax2_label"":""SGST"",""tax3_label"":""IGST""}]",[],0,0,,,[],[],,,,,,,1,,,6a4cf7a1-bb44-42a8-b477-7fab3c009e87,60.0.136.243,,,,,,,,,,,,,,,,,,,,,,,,,,,,,,,,,,,,,,,,,,,,,,,,,,,,,,,,,,,,,,,,,,,,,,,,,,,,,,,,,,,,,,,,,,,,,,,,,,,,,,,,,,,,,,,,,,,,,,,,,,,,,,,,,,,,,,,,,,,,,,,,,,,,,,,,,,,,,,,,,,,,,,,,,,,,,,,,,,,,,,,,,,,,,,,,,,,,,,,,,,,,,,,,,,,,,,,,,,,,,,,,,,,,,,,,,,,,,,,,,,,,,,,,,,,,,,,,,,,,,,,,,,,,,,,,,,,,,,,,,,,,,,,,,,,,,,,,,,,,,,,,,,,,,,,,,,,,,,,,,,,,,,,,,,,,,,,,,,,,,,,,,,,,,,,,,,,,,,,,,,,,,,,,,,,,,,,,,,,,,,,,,,,,,,,,,,,,,,,,,,,,,,,,,,,,,,,,,,,,,,,,,,,,,,,,,,,,,,,,,,,,,,,,,,,,,,,,,,,,,,,,,,,,,,,,,,,,,,,,,,,,,,,,,,,,,,,,,,,,,,,,,,,,,,,,,,,,,,,,,,,,,,,,,,,,,,,,,,,,,,,,,,,,,,,,,,,,,,,,,,,,,,,,,,,,,,,,,,,,,,,,,,,,,,,,,,,,,,,,,,,,,,,,,,,,,,,,,,,,,,,,,,,,,,,,,,,,,,,,,,,,,,,,,,,,,,,,,,,,,,,,,,,,,,,,,,,,,,,,,,,,,,,,,,,,,,,,,,,,,,,,,,,,,,,,,,,,,,,,,,,,,,,,,,,,,,,,,,
Ahmedabad Prep Kitchen,410150,134257805,From Sales,117974399,107,,2026-07-05,483.72,0,Active,Unpaid,,483.72,0,0,0,0.00,0,0,0,0,2026-07-06 21:42:26,2026-07-06 21:42:26,443195,Kitchen,,Surat,Ahmedabad Prep Kitchen,Gujarat,,"Ason vista, Sanidhya, Ahmedabad, Gujarat 380058",9510355182,,,,Ahmedabad,Ahmedabad store 2.0 ,Kitchen,,Gujarat,,Ahmedabad ,8849373682,0,,1,PO0081080617,PO0081080617,1,,0,0,0,"[{""prev_price"":""483.720000"",""item_id"":""46286929"",""itemname"":""Buffalo Mozzarella Cheese 580gm"",""qty"":1,""price"":483.72,""amount"":483.72,""discount"":""0.000"",""lbl_unit"":""Qty"",""unit"":""5790709"",""description"":"""",""hsn_code"":"""",""weighted_price"":483.72,""invoice_date"":""2026-07-05"",""sap_code"":"""",""purchase_doc_number"":"""",""purchase_invoice_number"":"""",""tax1"":0,""tax2"":0,""tax3"":0,""tax1_amount"":0,""tax2_amount"":0,""tax3_amount"":0,""expiry_date"":"""",""manufacturing_date"":"""",""actual_qty"":""1.000"",""actual_unit_id"":""6602488"",""actual_unit_name"":""Qty"",""sap_group_master_id"":0,""category"":""Food"",""yield_qty"":""0"",""discount_application"":""B"",""pricing_method"":""0"",""container_weight"":0,""net_weight"":""1"",""gross_weight"":0,""tax_type"":0,""excise_duty"":0,""tax1_label"":""CGST"",""tax2_label"":""SGST"",""tax3_label"":""IGST""}]",[],0,0,,,[],[],,,,,,,,,,,,6a4bd3df-3990-4c52-905d-64da3c008e0a,60.0.158.135,,,,,,,,,,,,,,,,,,,,,,,,,,,,,,,,,,,,,,,,,,,,,,,,,,,,,,,,,,,,,,,,,,,,,,,,,,,,,,,,,,,,,,,,,,,,,,,,,,,,,,,,,,,,,,,,,,,,,,,,,,,,,,,,,,,,,,,,,,,,,,,,,,,,,,,,,,,,,,,,,,,,,,,,,,,,,,,,,,,,,,,,,,,,,,,,,,,,,,,,,,,,,,,,,,,,,,,,,,,,,,,,,,,,,,,,,,,,,,,,,,,,,,,,,,,,,,,,,,,,,,,,,,,,,,,,,,,,,,,,,,,,,,,,,,,,,,,,,,,,,,,,,,,,,,,,,,,,,,,,,,,,,,,,,,,,,,,,,,,,,,,,,,,,,,,,,,,,,,,,,,,,,,,,,,,,,,,,,,,,,,,,,,,,,,,,,,,,,,,,,,,,,,,,,,,,,,,,,,,,,,,,,,,,,,,,,,,,,,,,,,,,,,,,,,,,,,,,,,,,,,,,,,,,,,,,,,,,,,,,,,,,,,,,,,,,,,,,,,,,,,,,,,,,,,,,,,,,,,,,,,,,,,,,,,,,,,,,,,,,,,,,,,,,,,,,,,,,,,,,,,,,,,,,,,,,,,,,,,,,,,,,,,,,,,,,,,,,,,,,,,,,,,,,,,,,,,,,,,,,,,,,,,,,,,,,,,,,,,,,,,,,,,,,,,,,,,,,,,,,,,,,,,,,,,,,,,,,,,,,,,,,,,,,,,,,,,,,,,,,,,,,,,,,,,,,,,,,,,,,,,,,,,,,,,,,,,,,
Ahmedabad Prep Kitchen,410150,134257756,From Sales,117976050,106,,2026-07-06,23574,0,Active,Unpaid,,23574,0,0,0,0.00,0,0,0,0,2026-07-06 21:42:11,2026-07-06 21:42:11,443195,Kitchen,,Surat,Ahmedabad Prep Kitchen,Gujarat,,"Ason vista, Sanidhya, Ahmedabad, Gujarat 380058",9510355182,,,,Ahmedabad,Ahmedabad store 2.0 ,Kitchen,,Gujarat,,Ahmedabad ,8849373682,0,,1,PO0081088433,PO0081088433,1,,0,0,0,"[{""prev_price"":""602.000000"",""item_id"":""46286928"",""itemname"":""Mozzarella Cheese 1kg"",""qty"":20,""price"":602,""amount"":12040,""discount"":""0.000"",""lbl_unit"":""Qty"",""unit"":""5790709"",""description"":"""",""hsn_code"":"""",""weighted_price"":602,""invoice_date"":""2026-07-06"",""sap_code"":"""",""purchase_doc_number"":"""",""purchase_invoice_number"":"""",""tax1"":0,""tax2"":0,""tax3"":0,""tax1_amount"":0,""tax2_amount"":0,""tax3_amount"":0,""expiry_date"":"""",""manufacturing_date"":"""",""actual_qty"":""20.000"",""actual_unit_id"":""6602488"",""actual_unit_name"":""Qty"",""sap_group_master_id"":0,""category"":""Food"",""yield_qty"":""0"",""discount_application"":""B"",""pricing_method"":""0"",""container_weight"":0,""net_weight"":""20"",""gross_weight"":0,""tax_type"":0,""excise_duty"":0,""tax1_label"":""CGST"",""tax2_label"":""SGST"",""tax3_label"":""IGST""},{""prev_price"":""627.000000"",""item_id"":""46286695"",""itemname"":""Smoked Mozzarella Cheese 1kg"",""qty"":2,""price"":627,""amount"":1254,""discount"":""0.000"",""lbl_unit"":""Qty"",""unit"":""5790709"",""description"":"""",""hsn_code"":"""",""weighted_price"":627,""invoice_date"":""2026-07-06"",""sap_code"":"""",""purchase_doc_number"":"""",""purchase_invoice_number"":"""",""tax1"":0,""tax2"":0,""tax3"":0,""tax1_amount"":0,""tax2_amount"":0,""tax3_amount"":0,""expiry_date"":"""",""manufacturing_date"":"""",""actual_qty"":""2.000"",""actual_unit_id"":""6602488"",""actual_unit_name"":""Qty"",""sap_group_master_id"":0,""category"":""Food"",""yield_qty"":""0"",""discount_application"":""B"",""container_weight"":0,""net_weight"":""2"",""gross_weight"":0,""tax_type"":0,""excise_duty"":0,""tax1_label"":""CGST"",""tax2_label"":""SGST"",""tax3_label"":""IGST""},{""prev_price"":""2300.000000"",""item_id"":""46286931"",""itemname"":""00 Flour 20kg Bag"",""qty"":2,""price"":2300,""amount"":4600,""discount"":""0.000"",""lbl_unit"":""Qty"",""unit"":""5790709"",""description"":"""",""hsn_code"":"""",""weighted_price"":2300,""invoice_date"":""2026-07-06"",""sap_code"":"""",""purchase_doc_number"":"""",""purchase_invoice_number"":"""",""tax1"":0,""tax2"":0,""tax3"":0,""tax1_amount"":0,""tax2_amount"":0,""tax3_amount"":0,""expiry_date"":"""",""manufacturing_date"":"""",""actual_qty"":""40.000"",""actual_unit_id"":""6602488"",""actual_unit_name"":""Qty"",""sap_group_master_id"":0,""category"":""Food"",""yield_qty"":""0"",""discount_application"":""B"",""container_weight"":0,""net_weight"":""2"",""gross_weight"":0,""tax_type"":0,""excise_duty"":0,""tax1_label"":""CGST"",""tax2_label"":""SGST"",""tax3_label"":""IGST""},{""prev_price"":""815.000000"",""item_id"":""46287673"",""itemname"":""Cheddar Cheese 1kg"",""qty"":2,""price"":815,""amount"":1630,""discount"":""0.000"",""lbl_unit"":""Qty"",""unit"":""5790709"",""description"":"""",""hsn_code"":"""",""weighted_price"":815,""invoice_date"":""2026-07-06"",""sap_code"":"""",""purchase_doc_number"":"""",""purchase_invoice_number"":"""",""tax1"":0,""tax2"":0,""tax3"":0,""tax1_amount"":0,""tax2_amount"":0,""tax3_amount"":0,""expiry_date"":"""",""manufacturing_date"":"""",""actual_qty"":""2.000"",""actual_unit_id"":""6602488"",""actual_unit_name"":""Qty"",""sap_group_master_id"":0,""category"":""Food"",""yield_qty"":""0"",""discount_application"":""B"",""container_weight"":0,""net_weight"":""2"",""gross_weight"":0,""tax_type"":0,""excise_duty"":0,""tax1_label"":""CGST"",""tax2_label"":""SGST"",""tax3_label"":""IGST""},{""prev_price"":""540.000000"",""item_id"":""46286098"",""itemname"":""Dolce Vita Peeled Tomatoes 3kg"",""qty"":5,""price"":540,""amount"":2700,""discount"":""0.000"",""lbl_unit"":""TIN"",""unit"":""5790701"",""description"":"""",""hsn_code"":"""",""weighted_price"":540,""invoice_date"":""2026-07-06"",""sap_code"":"""",""purchase_doc_number"":"""",""purchase_invoice_number"":"""",""tax1"":0,""tax2"":0,""tax3"":0,""tax1_amount"":0,""tax2_amount"":0,""tax3_amount"":0,""expiry_date"":"""",""manufacturing_date"":"""",""actual_qty"":""5.000"",""actual_unit_id"":""6602480"",""actual_unit_name"":""TIN"",""sap_group_master_id"":0,""category"":""Food"",""yield_qty"":""0"",""discount_application"":""B"",""container_weight"":0,""net_weight"":""5"",""gross_weight"":0,""tax_type"":0,""excise_duty"":0,""tax1_label"":""CGST"",""tax2_label"":""SGST"",""tax3_label"":""IGST""},{""prev_price"":""425.000000"",""item_id"":""46578568"",""itemname"":""Cling Wrap"",""qty"":2,""price"":425,""amount"":850,""discount"":""0.000"",""lbl_unit"":""pcs"",""unit"":""6058570"",""description"":"""",""hsn_code"":"""",""weighted_price"":425,""invoice_date"":""2026-07-06"",""sap_code"":"""",""purchase_doc_number"":"""",""purchase_invoice_number"":"""",""tax1"":0,""tax2"":0,""tax3"":0,""tax1_amount"":0,""tax2_amount"":0,""tax3_amount"":0,""expiry_date"":"""",""manufacturing_date"":"""",""actual_qty"":""2.000"",""actual_unit_id"":""6602725"",""actual_unit_name"":""pcs"",""sap_group_master_id"":0,""category"":""Packaging"",""yield_qty"":""0"",""discount_application"":""B"",""container_weight"":0,""net_weight"":""2"",""gross_weight"":0,""tax_type"":0,""excise_duty"":0,""tax1_label"":""CGST"",""tax2_label"":""SGST"",""tax3_label"":""IGST""},{""prev_price"":""250.000000"",""item_id"":""46286669"",""itemname"":""Kitchen Roll"",""qty"":2,""price"":250,""amount"":500,""discount"":""0.000"",""lbl_unit"":""Qty"",""unit"":""5790709"",""description"":"""",""hsn_code"":"""",""weighted_price"":250,""invoice_date"":""2026-07-06"",""sap_code"":"""",""purchase_doc_number"":"""",""purchase_invoice_number"":"""",""tax1"":0,""tax2"":0,""tax3"":0,""tax1_amount"":0,""tax2_amount"":0,""tax3_amount"":0,""expiry_date"":"""",""manufacturing_date"":"""",""actual_qty"":""2.000"",""actual_unit_id"":""6602488"",""actual_unit_name"":""Qty"",""sap_group_master_id"":0,""category"":""Housekeeping Hygiene"",""yield_qty"":""0"",""discount_application"":""B"",""container_weight"":0,""net_weight"":""2"",""gross_weight"":0,""tax_type"":0,""excise_duty"":0,""tax1_label"":""CGST"",""tax2_label"":""SGST"",""tax3_label"":""IGST""}]",[],0,0,,,[],[],,,,,,,,,,,,,,6a4bd3cc-5d48-4273-bdae-43f53c009e87,60.0.158.135,,,,,,,,,,,,,,,,,,,,,,,,,,,,,,,,,,,,,,,,,,,,,,,,,,,,,,,,,,,,,,,,,,,,,,,,,,,,,,,,,,,,,,,,,,,,,,,,,,,,,,,,,,,,,,,,,,,,,,,,,,,,,,,,,,,,,,,,,,,,,,,,,,,,,,,,,,,,,,,,,,,,,,,,,,,,,,,,,,,,,,,,,,,,,,,,,,,,,,,,,,,,,,,,,,,,,,,,,,,,,,,,,,,,,,,,,,,,,,,,,,,,,,,,,,,,,,,,,,,,,,,,,,,,,,,,,,,,,,,,,,,,,,,,,,,,,,,,,,,,,,,,,,,,,,,,,,,,,,,,,,,,,,,,,,,,,,,,,,,,,,,,,,,,,,,,,,,,,,,,,,,,,,,,,,,,,,,,,,,,,,,,,,,,,,,,,,,,,,,,,,,,,,,,,,,,,,,,,,,,,,,,,,,,,,,,,,,,,,,,,,,,,,,,,,,,,,,,,,,,,,,,,,,,,,,,,,,,,,,,,,,,,,,,,,,,,,,,,,,,,,,,,,,,,,,,,,,,,,,,,,,,,,,,,,,,,,,,,,,,,,,,,,,,,,,,,,,,,,,,,,,,,,,,,,,,,,,,,,,,,,,,,,,,,,,,,,,,,,,,,,,,,,,,,,,,,,,,,,,,,,,,,,,,,,,,,,,,,,,,,,,,,,,,,,,,,,,,,,,,,,,,,,,,,,,,,,,,,,,,,,,,,,,,,,,,,,,,,,,,,,,,,,,,,,,,,,,,,,,,,,,,,,,,,,,,,,
Ahmedabad Prep Kitchen,410150,134159488,From Sales,117619581,105,,2026-07-04,9550,0,Active,Unpaid,,9550,0,0,0,0.00,0,0,0,0,2026-07-05 23:42:17,2026-07-05 23:42:17,443195,Kitchen,,Surat,Ahmedabad Prep Kitchen,Gujarat,,"Ason vista, Sanidhya, Ahmedabad, Gujarat 380058",9510355182,,,,Ahmedabad,Ahmedabad store 2.0 ,Kitchen,,Gujarat,,Ahmedabad ,8849373682,0,,1,PO0081024783,PO0081024783,1,,0,0,0,"[{""prev_price"":""0.000000"",""item_id"":""46287137"",""itemname"":""Permanent Marker"",""qty"":1,""price"":0,""amount"":0,""discount"":""0.000"",""lbl_unit"":""pcs"",""unit"":""6058570"",""description"":"""",""hsn_code"":"""",""weighted_price"":0,""invoice_date"":""2026-07-04"",""sap_code"":"""",""purchase_doc_number"":"""",""purchase_invoice_number"":"""",""tax1"":0,""tax2"":0,""tax3"":0,""tax1_amount"":0,""tax2_amount"":0,""tax3_amount"":0,""expiry_date"":"""",""manufacturing_date"":"""",""actual_qty"":""1.000"",""actual_unit_id"":""6602725"",""actual_unit_name"":""pcs"",""sap_group_master_id"":0,""category"":""Stationery"",""yield_qty"":""0"",""discount_application"":""B"",""container_weight"":0,""net_weight"":""1"",""gross_weight"":0,""tax_type"":0,""excise_duty"":0,""tax1_label"":""CGST"",""tax2_label"":""SGST"",""tax3_label"":""IGST""},{""prev_price"":""0.000000"",""item_id"":""46287136"",""itemname"":""White Board Marker"",""qty"":2,""price"":0,""amount"":0,""discount"":""0.000"",""lbl_unit"":""Pcs."",""unit"":""6058452"",""description"":"""",""hsn_code"":"""",""weighted_price"":0,""invoice_date"":""2026-07-04"",""sap_code"":"""",""purchase_doc_number"":"""",""purchase_invoice_number"":"""",""tax1"":0,""tax2"":0,""tax3"":0,""tax1_amount"":0,""tax2_amount"":0,""tax3_amount"":0,""expiry_date"":"""",""manufacturing_date"":"""",""actual_qty"":""2.000"",""actual_unit_id"":""6602728"",""actual_unit_name"":""pcs."",""sap_group_master_id"":0,""category"":""Stationery"",""rmconv_qty"":""1"",""rmconv_qty_total"":2,""rmconv_unit_id"":""6058570"",""rmconv_unit"":""pcs"",""yield_qty"":""0"",""discount_application"":""B"",""container_weight"":0,""net_weight"":""2"",""gross_weight"":0,""tax_type"":0,""excise_duty"":0,""tax1_label"":""CGST"",""tax2_label"":""SGST"",""tax3_label"":""IGST""},{""prev_price"":""540.000000"",""item_id"":""46286098"",""itemname"":""Dolce Vita Peeled Tomatoes 3kg"",""qty"":10,""price"":540,""amount"":5400,""discount"":""0.000"",""lbl_unit"":""TIN"",""unit"":""5790701"",""description"":"""",""hsn_code"":"""",""weighted_price"":540,""invoice_date"":""2026-07-04"",""sap_code"":"""",""purchase_doc_number"":"""",""purchase_invoice_number"":"""",""tax1"":0,""tax2"":0,""tax3"":0,""tax1_amount"":0,""tax2_amount"":0,""tax3_amount"":0,""expiry_date"":"""",""manufacturing_date"":"""",""actual_qty"":""10.000"",""actual_unit_id"":""6602480"",""actual_unit_name"":""TIN"",""sap_group_master_id"":0,""category"":""Food"",""yield_qty"":""0"",""discount_application"":""B"",""container_weight"":0,""net_weight"":""10"",""gross_weight"":0,""tax_type"":0,""excise_duty"":0,""tax1_label"":""CGST"",""tax2_label"":""SGST"",""tax3_label"":""IGST""},{""prev_price"":""0.000000"",""item_id"":""46286120"",""itemname"":""Extra Virgin Olive Oil 5ltr"",""qty"":1,""price"":4150,""amount"":4150,""discount"":""0.000"",""lbl_unit"":""Qty"",""unit"":""5790709"",""description"":"""",""hsn_code"":"""",""weighted_price"":4150,""invoice_date"":""2026-07-04"",""sap_code"":"""",""purchase_doc_number"":"""",""purchase_invoice_number"":"""",""tax1"":0,""tax2"":0,""tax3"":0,""tax1_amount"":0,""tax2_amount"":0,""tax3_amount"":0,""expiry_date"":"""",""manufacturing_date"":"""",""actual_qty"":""1.000"",""actual_unit_id"":""6602488"",""actual_unit_name"":""Qty"",""sap_group_master_id"":0,""category"":""Food"",""yield_qty"":""0"",""discount_application"":""B"",""container_weight"":0,""net_weight"":""1"",""gross_weight"":0,""tax_type"":0,""excise_duty"":0,""tax1_label"":""CGST"",""tax2_label"":""SGST"",""tax3_label"":""IGST""}]",[],0,0,,,[],[],,,,,,,,,,,,,,,,6a4a9e70-09fc-4387-9210-1c513c009e87,60.0.158.135,,,,,,,,,,,,,,,,,,,,,,,,,,,,,,,,,,,,,,,,,,,,,,,,,,,,,,,,,,,,,,,,,,,,,,,,,,,,,,,,,,,,,,,,,,,,,,,,,,,,,,,,,,,,,,,,,,,,,,,,,,,,,,,,,,,,,,,,,,,,,,,,,,,,,,,,,,,,,,,,,,,,,,,,,,,,,,,,,,,,,,,,,,,,,,,,,,,,,,,,,,,,,,,,,,,,,,,,,,,,,,,,,,,,,,,,,,,,,,,,,,,,,,,,,,,,,,,,,,,,,,,,,,,,,,,,,,,,,,,,,,,,,,,,,,,,,,,,,,,,,,,,,,,,,,,,,,,,,,,,,,,,,,,,,,,,,,,,,,,,,,,,,,,,,,,,,,,,,,,,,,,,,,,,,,,,,,,,,,,,,,,,,,,,,,,,,,,,,,,,,,,,,,,,,,,,,,,,,,,,,,,,,,,,,,,,,,,,,,,,,,,,,,,,,,,,,,,,,,,,,,,,,,,,,,,,,,,,,,,,,,,,,,,,,,,,,,,,,,,,,,,,,,,,,,,,,,,,,,,,,,,,,,,,,,,,,,,,,,,,,,,,,,,,,,,,,,,,,,,,,,,,,,,,,,,,,,,,,,,,,,,,,,,,,,,,,,,,,,,,,,,,,,,,,,,,,,,,,,,,,,,,,,,,,,,,,,,,,,,,,,,,,,,,,,,,,,,,,,,,,,,,,,,,,,,,,,,,,,,,,,,,,,,,,,,,,,,,,,,,,,,,,,,,,,,,,,,,,,,,,,,,,,,,,,,,
Ahmedabad Prep Kitchen,410150,134159450,From Sales,117714025,104,,2026-07-04,10728.194,0,Active,Unpaid,,10728.194,0,0,0,0.00,0,0,0,0,2026-07-05 23:41:57,2026-07-05 23:41:57,443195,Kitchen,,Surat,Ahmedabad Prep Kitchen,Gujarat,,"Ason vista, Sanidhya, Ahmedabad, Gujarat 380058",9510355182,,,,Ahmedabad,Ahmedabad store 2.0 ,Kitchen,,Gujarat,,Ahmedabad ,8849373682,0,,1,PO0081041896,PO0081041896,1,,0,0,0,"[{""prev_price"":""2300.000000"",""item_id"":""46286931"",""itemname"":""00 Flour 20kg Bag"",""qty"":2,""price"":2300,""amount"":4600,""discount"":""0.000"",""lbl_unit"":""Qty"",""unit"":""5790709"",""description"":"""",""hsn_code"":"""",""weighted_price"":2300,""invoice_date"":""2026-07-04"",""sap_code"":"""",""purchase_doc_number"":"""",""purchase_invoice_number"":"""",""tax1"":0,""tax2"":0,""tax3"":0,""tax1_amount"":0,""tax2_amount"":0,""tax3_amount"":0,""expiry_date"":"""",""manufacturing_date"":"""",""actual_qty"":""2.000"",""actual_unit_id"":""6602488"",""actual_unit_name"":""Qty"",""sap_group_master_id"":0,""category"":""Food"",""yield_qty"":""0"",""discount_application"":""B"",""container_weight"":0,""net_weight"":""2"",""gross_weight"":0,""tax_type"":0,""excise_duty"":0,""tax1_label"":""CGST"",""tax2_label"":""SGST"",""tax3_label"":""IGST""},{""prev_price"":""40.000000"",""item_id"":""46286960"",""itemname"":""Soya Plain Paneer 200gm"",""qty"":8,""price"":40,""amount"":320,""discount"":""0.000"",""lbl_unit"":""Qty"",""unit"":""5790709"",""description"":"""",""hsn_code"":"""",""weighted_price"":40,""invoice_date"":""2026-07-04"",""sap_code"":"""",""purchase_doc_number"":"""",""purchase_invoice_number"":"""",""tax1"":0,""tax2"":0,""tax3"":0,""tax1_amount"":0,""tax2_amount"":0,""tax3_amount"":0,""expiry_date"":"""",""manufacturing_date"":"""",""actual_qty"":""8.000"",""actual_unit_id"":""6602488"",""actual_unit_name"":""Qty"",""sap_group_master_id"":0,""category"":""Food"",""yield_qty"":""0"",""discount_application"":""B"",""container_weight"":0,""net_weight"":""8"",""gross_weight"":0,""tax_type"":0,""excise_duty"":0,""tax1_label"":""CGST"",""tax2_label"":""SGST"",""tax3_label"":""IGST""},{""prev_price"":""204.097000"",""item_id"":""46287682"",""itemname"":""Extra Firm Silken Tofu 308 Gm"",""qty"":2,""price"":204.097,""amount"":408.194,""discount"":""0.000"",""lbl_unit"":""Qty"",""unit"":""5790709"",""description"":"""",""hsn_code"":"""",""weighted_price"":204.097,""invoice_date"":""2026-07-04"",""sap_code"":"""",""purchase_doc_number"":"""",""purchase_invoice_number"":"""",""tax1"":0,""tax2"":0,""tax3"":0,""tax1_amount"":0,""tax2_amount"":0,""tax3_amount"":0,""expiry_date"":"""",""manufacturing_date"":"""",""actual_qty"":""5.000"",""actual_unit_id"":""6602488"",""actual_unit_name"":""Qty"",""sap_group_master_id"":0,""category"":""Food"",""yield_qty"":""0"",""discount_application"":""B"",""pricing_method"":""0"",""container_weight"":0,""net_weight"":""2"",""gross_weight"":0,""tax_type"":0,""excise_duty"":0,""tax1_label"":""CGST"",""tax2_label"":""SGST"",""tax3_label"":""IGST""},{""prev_price"":""540.000000"",""item_id"":""46286098"",""itemname"":""Dolce Vita Peeled Tomatoes 3kg"",""qty"":10,""price"":540,""amount"":5400,""discount"":""0.000"",""lbl_unit"":""TIN"",""unit"":""5790701"",""description"":"""",""hsn_code"":"""",""weighted_price"":540,""invoice_date"":""2026-07-04"",""sap_code"":"""",""purchase_doc_number"":"""",""purchase_invoice_number"":"""",""tax1"":0,""tax2"":0,""tax3"":0,""tax1_amount"":0,""tax2_amount"":0,""tax3_amount"":0,""expiry_date"":"""",""manufacturing_date"":"""",""actual_qty"":""10.000"",""actual_unit_id"":""6602480"",""actual_unit_name"":""TIN"",""sap_group_master_id"":0,""category"":""Food"",""yield_qty"":""0"",""discount_application"":""B"",""container_weight"":0,""net_weight"":""10"",""gross_weight"":0,""tax_type"":0,""excise_duty"":0,""tax1_label"":""CGST"",""tax2_label"":""SGST"",""tax3_label"":""IGST""}]",[],0,0,,,[],[],,,,,,,,,,,,,,,,,,6a4a9e60-9f04-4050-83b5-246a3c009e87,60.0.158.135,,,,,,,,,,,,,,,,,,,,,,,,,,,,,,,,,,,,,,,,,,,,,,,,,,,,,,,,,,,,,,,,,,,,,,,,,,,,,,,,,,,,,,,,,,,,,,,,,,,,,,,,,,,,,,,,,,,,,,,,,,,,,,,,,,,,,,,,,,,,,,,,,,,,,,,,,,,,,,,,,,,,,,,,,,,,,,,,,,,,,,,,,,,,,,,,,,,,,,,,,,,,,,,,,,,,,,,,,,,,,,,,,,,,,,,,,,,,,,,,,,,,,,,,,,,,,,,,,,,,,,,,,,,,,,,,,,,,,,,,,,,,,,,,,,,,,,,,,,,,,,,,,,,,,,,,,,,,,,,,,,,,,,,,,,,,,,,,,,,,,,,,,,,,,,,,,,,,,,,,,,,,,,,,,,,,,,,,,,,,,,,,,,,,,,,,,,,,,,,,,,,,,,,,,,,,,,,,,,,,,,,,,,,,,,,,,,,,,,,,,,,,,,,,,,,,,,,,,,,,,,,,,,,,,,,,,,,,,,,,,,,,,,,,,,,,,,,,,,,,,,,,,,,,,,,,,,,,,,,,,,,,,,,,,,,,,,,,,,,,,,,,,,,,,,,,,,,,,,,,,,,,,,,,,,,,,,,,,,,,,,,,,,,,,,,,,,,,,,,,,,,,,,,,,,,,,,,,,,,,,,,,,,,,,,,,,,,,,,,,,,,,,,,,,,,,,,,,,,,,,,,,,,,,,,,,,,,,,,,,,,,,,,,,,,,,,,,,,,,,,,,,,,,,,,,,,,,,,,,,,,,,,,,,,,
Ahmedabad Prep Kitchen,410150,134159441,From Sales,117753848,103,,2026-07-04,1750,0,Active,Unpaid,,1750,0,0,0,0.00,0,0,0,0,2026-07-05 23:41:40,2026-07-05 23:41:40,443195,Kitchen,,Surat,Ahmedabad Prep Kitchen,Gujarat,,"Ason vista, Sanidhya, Ahmedabad, Gujarat 380058",9510355182,,,,Ahmedabad,Ahmedabad store 2.0 ,Kitchen,,Gujarat,,Ahmedabad ,8849373682,0,,1,,,1,,0,0,0,"[{""prev_price"":""250.000000"",""item_id"":""46286945"",""itemname"":""Fresh Cream 1ltr"",""qty"":7,""price"":250,""amount"":1750,""discount"":""0.000"",""lbl_unit"":""Qty"",""unit"":""5790709"",""description"":""morning po"",""hsn_code"":"""",""weighted_price"":250,""invoice_date"":""2026-07-04"",""sap_code"":"""",""purchase_doc_number"":"""",""purchase_invoice_number"":"""",""tax1"":0,""tax2"":0,""tax3"":0,""tax1_amount"":0,""tax2_amount"":0,""tax3_amount"":0,""expiry_date"":"""",""manufacturing_date"":"""",""sap_group_master_id"":0,""category"":""Food"",""yield_qty"":""0"",""discount_application"":""B"",""container_weight"":0,""net_weight"":""7"",""gross_weight"":0,""tax_type"":0,""excise_duty"":0,""tax1_label"":""CGST"",""tax2_label"":""SGST"",""tax3_label"":""IGST""}]",[],0,0,,,[],[],,,,,,,,,,,,,,,,,,,,6a4a9e50-4420-43d1-a70e-1e353c009e87,60.0.158.135,,,,,,,,,,,,,,,,,,,,,,,,,,,,,,,,,,,,,,,,,,,,,,,,,,,,,,,,,,,,,,,,,,,,,,,,,,,,,,,,,,,,,,,,,,,,,,,,,,,,,,,,,,,,,,,,,,,,,,,,,,,,,,,,,,,,,,,,,,,,,,,,,,,,,,,,,,,,,,,,,,,,,,,,,,,,,,,,,,,,,,,,,,,,,,,,,,,,,,,,,,,,,,,,,,,,,,,,,,,,,,,,,,,,,,,,,,,,,,,,,,,,,,,,,,,,,,,,,,,,,,,,,,,,,,,,,,,,,,,,,,,,,,,,,,,,,,,,,,,,,,,,,,,,,,,,,,,,,,,,,,,,,,,,,,,,,,,,,,,,,,,,,,,,,,,,,,,,,,,,,,,,,,,,,,,,,,,,,,,,,,,,,,,,,,,,,,,,,,,,,,,,,,,,,,,,,,,,,,,,,,,,,,,,,,,,,,,,,,,,,,,,,,,,,,,,,,,,,,,,,,,,,,,,,,,,,,,,,,,,,,,,,,,,,,,,,,,,,,,,,,,,,,,,,,,,,,,,,,,,,,,,,,,,,,,,,,,,,,,,,,,,,,,,,,,,,,,,,,,,,,,,,,,,,,,,,,,,,,,,,,,,,,,,,,,,,,,,,,,,,,,,,,,,,,,,,,,,,,,,,,,,,,,,,,,,,,,,,,,,,,,,,,,,,,,,,,,,,,,,,,,,,,,,,,,,,,,,,,,,,,,,,,,,,,,,,,,,,,,,,,,,,,,,,,,,,,,,,,,,,,,,,,,,
Ahmedabad Prep Kitchen,410150,134159420,From Sales,117730962,102,,2026-07-04,12484.4,0,Active,Unpaid,,12484.4,0,0,0,0.00,0,0,0,0,2026-07-05 23:41:23,2026-07-05 23:41:23,443195,Kitchen,,Surat,Ahmedabad Prep Kitchen,Gujarat,,"Ason vista, Sanidhya, Ahmedabad, Gujarat 380058",9510355182,,,,Ahmedabad,Ahmedabad store 2.0 ,Kitchen,,Gujarat,,Ahmedabad ,8849373682,0,,1,PO0081044767,PO0081044767,1,,0,0,0,"[{""prev_price"":""180.000000"",""item_id"":""46286932"",""itemname"":""Dry Yeast 500gm"",""qty"":2,""price"":180,""amount"":360,""discount"":""0.000"",""lbl_unit"":""Qty"",""unit"":""5790709"",""description"":"""",""hsn_code"":"""",""weighted_price"":180,""invoice_date"":""2026-07-04"",""sap_code"":"""",""purchase_doc_number"":"""",""purchase_invoice_number"":"""",""tax1"":0,""tax2"":0,""tax3"":0,""tax1_amount"":0,""tax2_amount"":0,""tax3_amount"":0,""expiry_date"":"""",""manufacturing_date"":"""",""actual_qty"":""2.000"",""actual_unit_id"":""6602488"",""actual_unit_name"":""Qty"",""sap_group_master_id"":0,""category"":""Food"",""yield_qty"":""0"",""discount_application"":""B"",""container_weight"":0,""net_weight"":""2"",""gross_weight"":0,""tax_type"":0,""excise_duty"":0,""tax1_label"":""CGST"",""tax2_label"":""SGST"",""tax3_label"":""IGST""},{""prev_price"":""425.000000"",""item_id"":""46578570"",""itemname"":""Liquid Detergent 5 Ltr"",""qty"":1,""price"":425,""amount"":425,""discount"":""0.000"",""lbl_unit"":""Qty"",""unit"":""5790709"",""description"":"""",""hsn_code"":"""",""weighted_price"":425,""invoice_date"":""2026-07-04"",""sap_code"":"""",""purchase_doc_number"":"""",""purchase_invoice_number"":"""",""tax1"":0,""tax2"":0,""tax3"":0,""tax1_amount"":0,""tax2_amount"":0,""tax3_amount"":0,""expiry_date"":"""",""manufacturing_date"":"""",""actual_qty"":""1.000"",""actual_unit_id"":""6602488"",""actual_unit_name"":""Qty"",""sap_group_master_id"":0,""category"":""Housekeeping Liquids"",""yield_qty"":""0"",""discount_application"":""B"",""container_weight"":0,""net_weight"":""1"",""gross_weight"":0,""tax_type"":0,""excise_duty"":0,""tax1_label"":""CGST"",""tax2_label"":""SGST"",""tax3_label"":""IGST""},{""prev_price"":""474.400000"",""item_id"":""46578571"",""itemname"":""Dishwash Liquid 5 Ltr"",""qty"":1,""price"":474.4,""amount"":474.4,""discount"":""0.000"",""lbl_unit"":""Qty"",""unit"":""5790709"",""description"":"""",""hsn_code"":"""",""weighted_price"":474.4,""invoice_date"":""2026-07-04"",""sap_code"":"""",""purchase_doc_number"":"""",""purchase_invoice_number"":"""",""tax1"":0,""tax2"":0,""tax3"":0,""tax1_amount"":0,""tax2_amount"":0,""tax3_amount"":0,""expiry_date"":"""",""manufacturing_date"":"""",""actual_qty"":""1.000"",""actual_unit_id"":""6602488"",""actual_unit_name"":""Qty"",""sap_group_master_id"":0,""category"":""Housekeeping Liquids"",""yield_qty"":""0"",""discount_application"":""B"",""container_weight"":0,""net_weight"":""1"",""gross_weight"":0,""tax_type"":0,""excise_duty"":0,""tax1_label"":""CGST"",""tax2_label"":""SGST"",""tax3_label"":""IGST""},{""prev_price"":""90.000000"",""item_id"":""46286684"",""itemname"":""Comfort Liquid"",""qty"":2,""price"":90,""amount"":180,""discount"":""0.000"",""lbl_unit"":""Qty"",""unit"":""5790709"",""description"":"""",""hsn_code"":"""",""weighted_price"":90,""invoice_date"":""2026-07-04"",""sap_code"":"""",""purchase_doc_number"":"""",""purchase_invoice_number"":"""",""tax1"":0,""tax2"":0,""tax3"":0,""tax1_amount"":0,""tax2_amount"":0,""tax3_amount"":0,""expiry_date"":"""",""manufacturing_date"":"""",""actual_qty"":""2.000"",""actual_unit_id"":""6602488"",""actual_unit_name"":""Qty"",""sap_group_master_id"":0,""category"":""Housekeeping Liquids"",""yield_qty"":""0"",""discount_application"":""B"",""container_weight"":0,""net_weight"":""2"",""gross_weight"":0,""tax_type"":0,""excise_duty"":0,""tax1_label"":""CGST"",""tax2_label"":""SGST"",""tax3_label"":""IGST""},{""prev_price"":""85.000000"",""item_id"":""46286664"",""itemname"":""Black Garbage Bag 5kg"",""qty"":5,""price"":85,""amount"":425,""discount"":""0.000"",""lbl_unit"":""kgs"",""unit"":""6058568"",""description"":"""",""hsn_code"":"""",""weighted_price"":85,""invoice_date"":""2026-07-04"",""sap_code"":"""",""purchase_doc_number"":"""",""purchase_invoice_number"":"""",""tax1"":0,""tax2"":0,""tax3"":0,""tax1_amount"":0,""tax2_amount"":0,""tax3_amount"":0,""expiry_date"":"""",""manufacturing_date"":"""",""actual_qty"":""3.000"",""actual_unit_id"":""6602730"",""actual_unit_name"":""kgs"",""sap_group_master_id"":0,""category"":""Housekeeping Hygiene"",""yield_qty"":""0"",""discount_application"":""B"",""container_weight"":0,""net_weight"":""5"",""gross_weight"":0,""tax_type"":0,""excise_duty"":0,""tax1_label"":""CGST"",""tax2_label"":""SGST"",""tax3_label"":""IGST""},{""prev_price"":""602.000000"",""item_id"":""46286928"",""itemname"":""Mozzarella Cheese 1kg"",""qty"":10,""price"":602,""amount"":6020,""discount"":""0.000"",""lbl_unit"":""Qty"",""unit"":""5790709"",""description"":"""",""hsn_code"":"""",""weighted_price"":602,""invoice_date"":""2026-07-04"",""sap_code"":"""",""purchase_doc_number"":"""",""purchase_invoice_number"":"""",""tax1"":0,""tax2"":0,""tax3"":0,""tax1_amount"":0,""tax2_amount"":0,""tax3_amount"":0,""expiry_date"":"""",""manufacturing_date"":"""",""actual_qty"":""10.000"",""actual_unit_id"":""6602488"",""actual_unit_name"":""Qty"",""sap_group_master_id"":0,""category"":""Food"",""yield_qty"":""0"",""discount_application"":""B"",""pricing_method"":""0"",""container_weight"":0,""net_weight"":""10"",""gross_weight"":0,""tax_type"":0,""excise_duty"":0,""tax1_label"":""CGST"",""tax2_label"":""SGST"",""tax3_label"":""IGST""},{""prev_price"":""4150.000000"",""item_id"":""46286120"",""itemname"":""Extra Virgin Olive Oil 5ltr"",""qty"":1,""price"":4150,""amount"":4150,""discount"":""0.000"",""lbl_unit"":""Qty"",""unit"":""5790709"",""description"":"""",""hsn_code"":"""",""weighted_price"":4150,""invoice_date"":""2026-07-04"",""sap_code"":"""",""purchase_doc_number"":"""",""purchase_invoice_number"":"""",""tax1"":0,""tax2"":0,""tax3"":0,""tax1_amount"":0,""tax2_amount"":0,""tax3_amount"":0,""expiry_date"":"""",""manufacturing_date"":"""",""actual_qty"":""1.000"",""actual_unit_id"":""6602488"",""actual_unit_name"":""Qty"",""sap_group_master_id"":0,""category"":""Food"",""yield_qty"":""0"",""discount_application"":""B"",""container_weight"":0,""net_weight"":""1"",""gross_weight"":0,""tax_type"":0,""excise_duty"":0,""tax1_label"":""CGST"",""tax2_label"":""SGST"",""tax3_label"":""IGST""},{""prev_price"":""90.000000"",""item_id"":""46286663"",""itemname"":""Green Garbage Bag 5kg"",""qty"":5,""price"":90,""amount"":450,""discount"":""0.000"",""lbl_unit"":""kgs"",""unit"":""6058568"",""description"":"""",""hsn_code"":"""",""weighted_price"":90,""invoice_date"":""2026-07-04"",""sap_code"":"""",""purchase_doc_number"":"""",""purchase_invoice_number"":"""",""tax1"":0,""tax2"":0,""tax3"":0,""tax1_amount"":0,""tax2_amount"":0,""tax3_amount"":0,""expiry_date"":"""",""manufacturing_date"":"""",""sap_group_master_id"":0,""category"":""Housekeeping Hygiene"",""yield_qty"":""0"",""discount_application"":""B"",""container_weight"":0,""net_weight"":""5"",""gross_weight"":0,""tax_type"":0,""excise_duty"":0,""tax1_label"":""CGST"",""tax2_label"":""SGST"",""tax3_label"":""IGST""}]",[],0,0,,,[],[],,,,,,,,,,,,,,,,,,,,,,6a4a9e04-3034-478c-913f-19bf3c009e87,60.0.158.135,,,,,,,,,,,,,,,,,,,,,,,,,,,,,,,,,,,,,,,,,,,,,,,,,,,,,,,,,,,,,,,,,,,,,,,,,,,,,,,,,,,,,,,,,,,,,,,,,,,,,,,,,,,,,,,,,,,,,,,,,,,,,,,,,,,,,,,,,,,,,,,,,,,,,,,,,,,,,,,,,,,,,,,,,,,,,,,,,,,,,,,,,,,,,,,,,,,,,,,,,,,,,,,,,,,,,,,,,,,,,,,,,,,,,,,,,,,,,,,,,,,,,,,,,,,,,,,,,,,,,,,,,,,,,,,,,,,,,,,,,,,,,,,,,,,,,,,,,,,,,,,,,,,,,,,,,,,,,,,,,,,,,,,,,,,,,,,,,,,,,,,,,,,,,,,,,,,,,,,,,,,,,,,,,,,,,,,,,,,,,,,,,,,,,,,,,,,,,,,,,,,,,,,,,,,,,,,,,,,,,,,,,,,,,,,,,,,,,,,,,,,,,,,,,,,,,,,,,,,,,,,,,,,,,,,,,,,,,,,,,,,,,,,,,,,,,,,,,,,,,,,,,,,,,,,,,,,,,,,,,,,,,,,,,,,,,,,,,,,,,,,,,,,,,,,,,,,,,,,,,,,,,,,,,,,,,,,,,,,,,,,,,,,,,,,,,,,,,,,,,,,,,,,,,,,,,,,,,,,,,,,,,,,,,,,,,,,,,,,,,,,,,,,,,,,,,,,,,,,,,,,,,,,,,,,,,,,,,,,,,,,,,,,,,,,,,,,,,,,,,,,,,,,,,,,,,,,,,,,,,,,,,,
Ahmedabad Prep Kitchen,410150,134159178,From Sales,117801498,101,,2026-07-04,21210.931,0,Active,Unpaid,,21210.931,0,0,0,0.00,0,0,0,0,2026-07-05 23:38:57,2026-07-05 23:38:57,443195,Kitchen,,Surat,Ahmedabad Prep Kitchen,Gujarat,,"Ason vista, Sanidhya, Ahmedabad, Gujarat 380058",9510355182,,,,Ahmedabad,Ahmedabad store 2.0 ,Kitchen,,Gujarat,,Ahmedabad ,8849373682,0,,1,PO0081057627,PO0081057627,1,,0,0,0,"[{""prev_price"":""627.000000"",""item_id"":""46286695"",""itemname"":""Smoked Mozzarella Cheese 1kg"",""qty"":1,""price"":627,""amount"":627,""discount"":""0.000"",""lbl_unit"":""Qty"",""unit"":""5790709"",""description"":"""",""hsn_code"":"""",""weighted_price"":627,""invoice_date"":""2026-07-04"",""sap_code"":"""",""purchase_doc_number"":"""",""purchase_invoice_number"":"""",""tax1"":0,""tax2"":0,""tax3"":0,""tax1_amount"":0,""tax2_amount"":0,""tax3_amount"":0,""expiry_date"":"""",""manufacturing_date"":"""",""actual_qty"":""1.000"",""actual_unit_id"":""6602488"",""actual_unit_name"":""Qty"",""sap_group_master_id"":0,""category"":""Food"",""yield_qty"":""0"",""discount_application"":""B"",""container_weight"":0,""net_weight"":""1"",""gross_weight"":0,""tax_type"":0,""excise_duty"":0,""tax1_label"":""CGST"",""tax2_label"":""SGST"",""tax3_label"":""IGST""},{""prev_price"":""2300.000000"",""item_id"":""46286931"",""itemname"":""00 Flour 20kg Bag"",""qty"":1,""price"":2300,""amount"":2300,""discount"":""0.000"",""lbl_unit"":""Qty"",""unit"":""5790709"",""description"":"""",""hsn_code"":"""",""weighted_price"":2300,""invoice_date"":""2026-07-04"",""sap_code"":"""",""purchase_doc_number"":"""",""purchase_invoice_number"":"""",""tax1"":0,""tax2"":0,""tax3"":0,""tax1_amount"":0,""tax2_amount"":0,""tax3_amount"":0,""expiry_date"":"""",""manufacturing_date"":"""",""actual_qty"":""1.000"",""actual_unit_id"":""6602488"",""actual_unit_name"":""Qty"",""sap_group_master_id"":0,""category"":""Food"",""yield_qty"":""0"",""discount_application"":""B"",""container_weight"":0,""net_weight"":""1"",""gross_weight"":0,""tax_type"":0,""excise_duty"":0,""tax1_label"":""CGST"",""tax2_label"":""SGST"",""tax3_label"":""IGST""},{""item_id"":""46909719"",""itemname"":""Parmesan"",""qty"":4.28,""price"":1172.5,""prev_price"":""1172.500000"",""amount"":5018.3,""discount"":""0.000"",""lbl_unit"":""Kg"",""unit"":""5790692"",""description"":"""",""hsn_code"":"""",""weighted_price"":1172.5,""invoice_date"":""2026-07-04"",""sap_code"":"""",""purchase_doc_number"":"""",""purchase_invoice_number"":"""",""tax1"":0,""tax2"":0,""tax3"":0,""tax1_amount"":0,""tax2_amount"":0,""tax3_amount"":0,""expiry_date"":"""",""manufacturing_date"":"""",""actual_qty"":""4.000"",""actual_unit_id"":""6602471"",""actual_unit_name"":""Kg"",""sap_group_master_id"":0,""discount_application"":""B"",""container_weight"":0,""net_weight"":""4.28"",""gross_weight"":0,""category"":""Food"",""tax_type"":0,""excise_duty"":0,""tax1_label"":""CGST"",""tax2_label"":""SGST"",""tax3_label"":""IGST""},{""prev_price"":""602.000000"",""item_id"":""46286928"",""itemname"":""Mozzarella Cheese 1kg"",""qty"":10,""price"":602,""amount"":6020,""discount"":""0.000"",""lbl_unit"":""Qty"",""unit"":""5790709"",""description"":"""",""hsn_code"":"""",""weighted_price"":602,""invoice_date"":""2026-07-04"",""sap_code"":"""",""purchase_doc_number"":"""",""purchase_invoice_number"":"""",""tax1"":0,""tax2"":0,""tax3"":0,""tax1_amount"":0,""tax2_amount"":0,""tax3_amount"":0,""expiry_date"":"""",""manufacturing_date"":"""",""actual_qty"":""10.000"",""actual_unit_id"":""6602488"",""actual_unit_name"":""Qty"",""sap_group_master_id"":0,""category"":""Food"",""yield_qty"":""0"",""discount_application"":""B"",""pricing_method"":""0"",""container_weight"":0,""net_weight"":""10"",""gross_weight"":0,""tax_type"":0,""excise_duty"":0,""tax1_label"":""CGST"",""tax2_label"":""SGST"",""tax3_label"":""IGST""},{""prev_price"":""145.000000"",""item_id"":""46286956"",""itemname"":""Water Chestnuts 567 Gm"",""qty"":10,""price"":145,""amount"":1450,""discount"":""0.000"",""lbl_unit"":""Qty"",""unit"":""5790709"",""description"":"""",""hsn_code"":"""",""weighted_price"":145,""invoice_date"":""2026-07-04"",""sap_code"":"""",""purchase_doc_number"":"""",""purchase_invoice_number"":"""",""tax1"":0,""tax2"":0,""tax3"":0,""tax1_amount"":0,""tax2_amount"":0,""tax3_amount"":0,""expiry_date"":"""",""manufacturing_date"":"""",""actual_qty"":""10.000"",""actual_unit_id"":""6602488"",""actual_unit_name"":""Qty"",""sap_group_master_id"":0,""category"":""Food"",""yield_qty"":""0"",""discount_application"":""B"",""container_weight"":0,""net_weight"":""10"",""gross_weight"":0,""tax_type"":0,""excise_duty"":0,""tax1_label"":""CGST"",""tax2_label"":""SGST"",""tax3_label"":""IGST""},{""prev_price"":""40.000000"",""item_id"":""46286960"",""itemname"":""Soya Plain Paneer 200gm"",""qty"":6,""price"":40,""amount"":240,""discount"":""0.000"",""lbl_unit"":""Qty"",""unit"":""5790709"",""description"":"""",""hsn_code"":"""",""weighted_price"":40,""invoice_date"":""2026-07-04"",""sap_code"":"""",""purchase_doc_number"":"""",""purchase_invoice_number"":"""",""tax1"":0,""tax2"":0,""tax3"":0,""tax1_amount"":0,""tax2_amount"":0,""tax3_amount"":0,""expiry_date"":"""",""manufacturing_date"":"""",""actual_qty"":""6.000"",""actual_unit_id"":""6602488"",""actual_unit_name"":""Qty"",""sap_group_master_id"":0,""category"":""Food"",""yield_qty"":""0"",""discount_application"":""B"",""container_weight"":0,""net_weight"":""6"",""gross_weight"":0,""tax_type"":0,""excise_duty"":0,""tax1_label"":""CGST"",""tax2_label"":""SGST"",""tax3_label"":""IGST""},{""prev_price"":""28.000000"",""item_id"":""46286388"",""itemname"":""Salt 1kg"",""qty"":2,""price"":28,""amount"":56,""discount"":""0.000"",""lbl_unit"":""Qty"",""unit"":""5790709"",""description"":"""",""hsn_code"":"""",""weighted_price"":28,""invoice_date"":""2026-07-04"",""sap_code"":"""",""purchase_doc_number"":"""",""purchase_invoice_number"":"""",""tax1"":0,""tax2"":0,""tax3"":0,""tax1_amount"":0,""tax2_amount"":0,""tax3_amount"":0,""expiry_date"":"""",""manufacturing_date"":"""",""actual_qty"":""4.000"",""actual_unit_id"":""6602488"",""actual_unit_name"":""Qty"",""sap_group_master_id"":0,""category"":""Food"",""yield_qty"":""0"",""discount_application"":""B"",""container_weight"":0,""net_weight"":""2"",""gross_weight"":0,""tax_type"":0,""excise_duty"":0,""tax1_label"":""CGST"",""tax2_label"":""SGST"",""tax3_label"":""IGST""},{""prev_price"":""595.000000"",""item_id"":""46287753"",""itemname"":""Milk Powder 1kg"",""qty"":1,""price"":595,""amount"":595,""discount"":""0.000"",""lbl_unit"":""Qty"",""unit"":""5790709"",""description"":"""",""hsn_code"":"""",""weighted_price"":595,""invoice_date"":""2026-07-04"",""sap_code"":"""",""purchase_doc_number"":"""",""purchase_invoice_number"":"""",""tax1"":0,""tax2"":0,""tax3"":0,""tax1_amount"":0,""tax2_amount"":0,""tax3_amount"":0,""expiry_date"":"""",""manufacturing_date"":"""",""actual_qty"":""1.000"",""actual_unit_id"":""6602488"",""actual_unit_name"":""Qty"",""sap_group_master_id"":0,""category"":""Food"",""yield_qty"":""0"",""discount_application"":""B"",""container_weight"":0,""net_weight"":""1"",""gross_weight"":0,""tax_type"":0,""excise_duty"":0,""tax1_label"":""CGST"",""tax2_label"":""SGST"",""tax3_label"":""IGST""},{""prev_price"":""2357.140000"",""item_id"":""46287200"",""itemname"":""Sunflower Refined Oil 13kg"",""qty"":1,""price"":2357.14,""amount"":2357.14,""discount"":""0.000"",""lbl_unit"":""Qty"",""unit"":""5790709"",""description"":"""",""hsn_code"":"""",""weighted_price"":2357.14,""invoice_date"":""2026-07-04"",""sap_code"":"""",""purchase_doc_number"":"""",""purchase_invoice_number"":"""",""tax1"":0,""tax2"":0,""tax3"":0,""tax1_amount"":0,""tax2_amount"":0,""tax3_amount"":0,""expiry_date"":"""",""manufacturing_date"":"""",""actual_qty"":""1.000"",""actual_unit_id"":""6602488"",""actual_unit_name"":""Qty"",""sap_group_master_id"":0,""category"":""Food"",""yield_qty"":""0"",""discount_application"":""B"",""container_weight"":0,""net_weight"":""1"",""gross_weight"":0,""tax_type"":0,""excise_duty"":0,""tax1_label"":""CGST"",""tax2_label"":""SGST"",""tax3_label"":""IGST""},{""prev_price"":""276.490000"",""item_id"":""46286940"",""itemname"":""Semolina Pasta Flour 1kg"",""qty"":1,""price"":276.49,""amount"":276.49,""discount"":""0.000"",""lbl_unit"":""Qty"",""unit"":""5790709"",""description"":"""",""hsn_code"":"""",""weighted_price"":276.49,""invoice_date"":""2026-07-04"",""sap_code"":"""",""purchase_doc_number"":"""",""purchase_invoice_number"":"""",""tax1"":0,""tax2"":0,""tax3"":0,""tax1_amount"":0,""tax2_amount"":0,""tax3_amount"":0,""expiry_date"":"""",""manufacturing_date"":"""",""actual_qty"":""1.000"",""actual_unit_id"":""6602488"",""actual_unit_name"":""Qty"",""sap_group_master_id"":0,""category"":""Food"",""yield_qty"":""0"",""discount_application"":""B"",""container_weight"":0,""net_weight"":""1"",""gross_weight"":0,""tax_type"":0,""excise_duty"":0,""tax1_label"":""CGST"",""tax2_label"":""SGST"",""tax3_label"":""IGST""},{""prev_price"":""350.000000"",""item_id"":""46286981"",""itemname"":""Vital Wheat Gluten 1kg"",""qty"":1,""price"":350,""amount"":350,""discount"":""0.000"",""lbl_unit"":""Kg"",""unit"":""5790692"",""description"":"""",""hsn_code"":"""",""weighted_price"":350,""invoice_date"":""2026-07-04"",""sap_code"":"""",""purchase_doc_number"":"""",""purchase_invoice_number"":"""",""tax1"":0,""tax2"":0,""tax3"":0,""tax1_amount"":0,""tax2_amount"":0,""tax3_amount"":0,""expiry_date"":"""",""manufacturing_date"":"""",""actual_qty"":""1.000"",""actual_unit_id"":""6602471"",""actual_unit_name"":""Kg"",""sap_group_master_id"":0,""category"":""Food"",""rmconv_qty"":""1000"",""rmconv_qty_total"":1000,""rmconv_unit_id"":""5790698"",""rmconv_unit"":""GM"",""yield_qty"":""0"",""discount_application"":""B"",""container_weight"":0,""net_weight"":""1"",""gross_weight"":0,""tax_type"":0,""excise_duty"":0,""tax1_label"":""CGST"",""tax2_label"":""SGST"",""tax3_label"":""IGST""},{""prev_price"":""815.000000"",""item_id"":""46287673"",""itemname"":""Cheddar Cheese 1kg"",""qty"":1,""price"":815,""amount"":815,""discount"":""0.000"",""lbl_unit"":""Qty"",""unit"":""5790709"",""description"":"""",""hsn_code"":"""",""weighted_price"":815,""invoice_date"":""2026-07-04"",""sap_code"":"""",""purchase_doc_number"":"""",""purchase_invoice_number"":"""",""tax1"":0,""tax2"":0,""tax3"":0,""tax1_amount"":0,""tax2_amount"":0,""tax3_amount"":0,""expiry_date"":"""",""manufacturing_date"":"""",""actual_qty"":""1.000"",""actual_unit_id"":""6602488"",""actual_unit_name"":""Qty"",""sap_group_master_id"":0,""category"":""Food"",""yield_qty"":""0"",""discount_application"":""B"",""container_weight"":0,""net_weight"":""1"",""gross_weight"":0,""tax_type"":0,""excise_duty"":0,""tax1_label"":""CGST"",""tax2_label"":""SGST"",""tax3_label"":""IGST""},{""prev_price"":""36.866700"",""item_id"":""46286325"",""itemname"":""Maida"",""qty"":30,""price"":36.8667,""amount"":1106.001,""discount"":""0.000"",""lbl_unit"":""Kg"",""unit"":""5790692"",""description"":"""",""hsn_code"":"""",""weighted_price"":36.8667,""invoice_date"":""2026-07-04"",""sap_code"":"""",""purchase_doc_number"":"""",""purchase_invoice_number"":"""",""tax1"":0,""tax2"":0,""tax3"":0,""tax1_amount"":0,""tax2_amount"":0,""tax3_amount"":0,""expiry_date"":"""",""manufacturing_date"":"""",""actual_qty"":""30.000"",""actual_unit_id"":""6602471"",""actual_unit_name"":""Kg"",""sap_group_master_id"":0,""category"":""Food"",""yield_qty"":""0"",""discount_application"":""B"",""container_weight"":0,""net_weight"":""30"",""gross_weight"":0,""tax_type"":0,""excise_duty"":0,""tax1_label"":""CGST"",""tax2_label"":""SGST"",""tax3_label"":""IGST""}]",[],0,0,,,[],[],,,,,,,,,,,,,,,,,,,,,,,,6a4a9da4-ec94-4ccb-81de-1ce53c009e87,60.0.158.135,,,,,,,,,,,,,,,,,,,,,,,,,,,,,,,,,,,,,,,,,,,,,,,,,,,,,,,,,,,,,,,,,,,,,,,,,,,,,,,,,,,,,,,,,,,,,,,,,,,,,,,,,,,,,,,,,,,,,,,,,,,,,,,,,,,,,,,,,,,,,,,,,,,,,,,,,,,,,,,,,,,,,,,,,,,,,,,,,,,,,,,,,,,,,,,,,,,,,,,,,,,,,,,,,,,,,,,,,,,,,,,,,,,,,,,,,,,,,,,,,,,,,,,,,,,,,,,,,,,,,,,,,,,,,,,,,,,,,,,,,,,,,,,,,,,,,,,,,,,,,,,,,,,,,,,,,,,,,,,,,,,,,,,,,,,,,,,,,,,,,,,,,,,,,,,,,,,,,,,,,,,,,,,,,,,,,,,,,,,,,,,,,,,,,,,,,,,,,,,,,,,,,,,,,,,,,,,,,,,,,,,,,,,,,,,,,,,,,,,,,,,,,,,,,,,,,,,,,,,,,,,,,,,,,,,,,,,,,,,,,,,,,,,,,,,,,,,,,,,,,,,,,,,,,,,,,,,,,,,,,,,,,,,,,,,,,,,,,,,,,,,,,,,,,,,,,,,,,,,,,,,,,,,,,,,,,,,,,,,,,,,,,,,,,,,,,,,,,,,,,,,,,,,,,,,,,,,,,,,,,,,,,,,,,,,,,,,,,,,,,,,,,,,,,,,,,,,,,,,,,,,,,,,,,,,,,,,,,,,,,,,,,,,,,,,,,,,,,,,,,,,,,,,,,,,,,,,,,,,,,,,,
Ahmedabad Prep Kitchen,410150,134159093,From Sales,117826120,100,,2026-07-04,8100,0,Active,Unpaid,,8100,0,0,0,0.00,0,0,0,0,2026-07-05 23:38:02,2026-07-05 23:38:02,443195,Kitchen,,Surat,Ahmedabad Prep Kitchen,Gujarat,,"Ason vista, Sanidhya, Ahmedabad, Gujarat 380058",9510355182,,,,Ahmedabad,Ahmedabad store 2.0 ,Kitchen,,Gujarat,,Ahmedabad ,8849373682,0,,1,PO0081062274,PO0081062274,1,,0,0,0,"[{""prev_price"":""540.000000"",""item_id"":""46286098"",""itemname"":""Dolce Vita Peeled Tomatoes 3kg"",""qty"":15,""price"":540,""amount"":8100,""discount"":""0.000"",""lbl_unit"":""TIN"",""unit"":""5790701"",""description"":"""",""hsn_code"":"""",""weighted_price"":540,""invoice_date"":""2026-07-04"",""sap_code"":"""",""purchase_doc_number"":"""",""purchase_invoice_number"":"""",""tax1"":0,""tax2"":0,""tax3"":0,""tax1_amount"":0,""tax2_amount"":0,""tax3_amount"":0,""expiry_date"":"""",""manufacturing_date"":"""",""actual_qty"":""15.000"",""actual_unit_id"":""6602480"",""actual_unit_name"":""TIN"",""sap_group_master_id"":0,""category"":""Food"",""yield_qty"":""0"",""discount_application"":""B"",""container_weight"":0,""net_weight"":""15"",""gross_weight"":0,""tax_type"":0,""excise_duty"":0,""tax1_label"":""CGST"",""tax2_label"":""SGST"",""tax3_label"":""IGST""}]",[],0,0,,,[],[],,,,,,,,,,,,,,,,,,,,,,,,,,6a4a9d74-d6f8-4637-9ade-17e43c009e87,60.0.158.135,,,,,,,,,,,,,,,,,,,,,,,,,,,,,,,,,,,,,,,,,,,,,,,,,,,,,,,,,,,,,,,,,,,,,,,,,,,,,,,,,,,,,,,,,,,,,,,,,,,,,,,,,,,,,,,,,,,,,,,,,,,,,,,,,,,,,,,,,,,,,,,,,,,,,,,,,,,,,,,,,,,,,,,,,,,,,,,,,,,,,,,,,,,,,,,,,,,,,,,,,,,,,,,,,,,,,,,,,,,,,,,,,,,,,,,,,,,,,,,,,,,,,,,,,,,,,,,,,,,,,,,,,,,,,,,,,,,,,,,,,,,,,,,,,,,,,,,,,,,,,,,,,,,,,,,,,,,,,,,,,,,,,,,,,,,,,,,,,,,,,,,,,,,,,,,,,,,,,,,,,,,,,,,,,,,,,,,,,,,,,,,,,,,,,,,,,,,,,,,,,,,,,,,,,,,,,,,,,,,,,,,,,,,,,,,,,,,,,,,,,,,,,,,,,,,,,,,,,,,,,,,,,,,,,,,,,,,,,,,,,,,,,,,,,,,,,,,,,,,,,,,,,,,,,,,,,,,,,,,,,,,,,,,,,,,,,,,,,,,,,,,,,,,,,,,,,,,,,,,,,,,,,,,,,,,,,,,,,,,,,,,,,,,,,,,,,,,,,,,,,,,,,,,,,,,,,,,,,,,,,,,,,,,,,,,,,,,,,,,,,,,,,,,,,,,,,,,,,,,,,,,,,,,,,,,,,,,,,,,,,,,,,,,,,,,,,,,,,,,,,,,,,,,,,,,,,,,,,,,,,,
Ahmedabad Prep Kitchen,410150,134159081,From Sales,117903018,99,,2026-07-05,29856.55,0,Active,Unpaid,,29856.55,0,0,0,0.00,0,0,0,0,2026-07-05 23:37:44,2026-07-05 23:37:44,443195,Kitchen,,Surat,Ahmedabad Prep Kitchen,Gujarat,,"Ason vista, Sanidhya, Ahmedabad, Gujarat 380058",9510355182,,,,Ahmedabad,Ahmedabad store 2.0 ,Kitchen,,Gujarat,,Ahmedabad ,8849373682,0,,1,PO0081073609,PO0081073609,1,,0,0,0,"[{""prev_price"":""815.000000"",""item_id"":""46287673"",""itemname"":""Cheddar Cheese 1kg"",""qty"":2,""price"":815,""amount"":1630,""discount"":""0.000"",""lbl_unit"":""Qty"",""unit"":""5790709"",""description"":"""",""hsn_code"":"""",""weighted_price"":815,""invoice_date"":""2026-07-05"",""sap_code"":"""",""purchase_doc_number"":"""",""purchase_invoice_number"":"""",""tax1"":0,""tax2"":0,""tax3"":0,""tax1_amount"":0,""tax2_amount"":0,""tax3_amount"":0,""expiry_date"":"""",""manufacturing_date"":"""",""actual_qty"":""2.000"",""actual_unit_id"":""6602488"",""actual_unit_name"":""Qty"",""sap_group_master_id"":0,""category"":""Food"",""yield_qty"":""0"",""discount_application"":""B"",""container_weight"":0,""net_weight"":""2"",""gross_weight"":0,""tax_type"":0,""excise_duty"":0,""tax1_label"":""CGST"",""tax2_label"":""SGST"",""tax3_label"":""IGST""},{""prev_price"":""602.000000"",""item_id"":""46286928"",""itemname"":""Mozzarella Cheese 1kg"",""qty"":18,""price"":602,""amount"":10836,""discount"":""0.000"",""lbl_unit"":""Qty"",""unit"":""5790709"",""description"":"""",""hsn_code"":"""",""weighted_price"":602,""invoice_date"":""2026-07-05"",""sap_code"":"""",""purchase_doc_number"":"""",""purchase_invoice_number"":"""",""tax1"":0,""tax2"":0,""tax3"":0,""tax1_amount"":0,""tax2_amount"":0,""tax3_amount"":0,""expiry_date"":"""",""manufacturing_date"":"""",""actual_qty"":""18.000"",""actual_unit_id"":""6602488"",""actual_unit_name"":""Qty"",""sap_group_master_id"":0,""category"":""Food"",""yield_qty"":""0"",""discount_application"":""B"",""pricing_method"":""0"",""container_weight"":0,""net_weight"":""18"",""gross_weight"":0,""tax_type"":0,""excise_duty"":0,""tax1_label"":""CGST"",""tax2_label"":""SGST"",""tax3_label"":""IGST""},{""prev_price"":""230.000000"",""item_id"":""46287084"",""itemname"":""Spaghetti 1kg"",""qty"":11,""price"":230,""amount"":2530,""discount"":""0.000"",""lbl_unit"":""Qty"",""unit"":""5790709"",""description"":"""",""hsn_code"":"""",""weighted_price"":230,""invoice_date"":""2026-07-05"",""sap_code"":"""",""purchase_doc_number"":"""",""purchase_invoice_number"":"""",""tax1"":0,""tax2"":0,""tax3"":0,""tax1_amount"":0,""tax2_amount"":0,""tax3_amount"":0,""expiry_date"":"""",""manufacturing_date"":"""",""actual_qty"":""11.000"",""actual_unit_id"":""6602488"",""actual_unit_name"":""Qty"",""sap_group_master_id"":0,""category"":""Food"",""yield_qty"":""0"",""discount_application"":""B"",""pricing_method"":""0"",""container_weight"":0,""net_weight"":""11"",""gross_weight"":0,""tax_type"":0,""excise_duty"":0,""tax1_label"":""CGST"",""tax2_label"":""SGST"",""tax3_label"":""IGST""},{""prev_price"":""49.000000"",""item_id"":""46287039"",""itemname"":""Fettuccine Pasta 500 Gm"",""qty"":2,""price"":49,""amount"":98,""discount"":""0.000"",""lbl_unit"":""Qty"",""unit"":""5790709"",""description"":"""",""hsn_code"":"""",""weighted_price"":49,""invoice_date"":""2026-07-05"",""sap_code"":"""",""purchase_doc_number"":"""",""purchase_invoice_number"":"""",""tax1"":0,""tax2"":0,""tax3"":0,""tax1_amount"":0,""tax2_amount"":0,""tax3_amount"":0,""expiry_date"":"""",""manufacturing_date"":"""",""actual_qty"":""2.000"",""actual_unit_id"":""6602488"",""actual_unit_name"":""Qty"",""sap_group_master_id"":0,""category"":""Food"",""yield_qty"":""0"",""discount_application"":""B"",""container_weight"":0,""net_weight"":""2"",""gross_weight"":0,""tax_type"":0,""excise_duty"":0,""tax1_label"":""CGST"",""tax2_label"":""SGST"",""tax3_label"":""IGST""},{""prev_price"":""51.430000"",""item_id"":""46287040"",""itemname"":""Macaroni Pasta 500gm"",""qty"":3,""price"":51.43,""amount"":154.29,""discount"":""0.000"",""lbl_unit"":""Qty"",""unit"":""5790709"",""description"":"""",""hsn_code"":"""",""weighted_price"":51.43,""invoice_date"":""2026-07-05"",""sap_code"":"""",""purchase_doc_number"":"""",""purchase_invoice_number"":"""",""tax1"":0,""tax2"":0,""tax3"":0,""tax1_amount"":0,""tax2_amount"":0,""tax3_amount"":0,""expiry_date"":"""",""manufacturing_date"":"""",""actual_qty"":""3.000"",""actual_unit_id"":""6602488"",""actual_unit_name"":""Qty"",""sap_group_master_id"":0,""category"":""Food"",""yield_qty"":""0"",""discount_application"":""B"",""container_weight"":0,""net_weight"":""3"",""gross_weight"":0,""tax_type"":0,""excise_duty"":0,""tax1_label"":""CGST"",""tax2_label"":""SGST"",""tax3_label"":""IGST""},{""prev_price"":""245.710000"",""item_id"":""46286350"",""itemname"":""Amul Butter - 500gm"",""qty"":6,""price"":245.71,""amount"":1474.26,""discount"":""0.000"",""lbl_unit"":""Qty"",""unit"":""5790709"",""description"":"""",""hsn_code"":"""",""weighted_price"":245.71,""invoice_date"":""2026-07-05"",""sap_code"":"""",""purchase_doc_number"":"""",""purchase_invoice_number"":"""",""tax1"":0,""tax2"":0,""tax3"":0,""tax1_amount"":0,""tax2_amount"":0,""tax3_amount"":0,""expiry_date"":"""",""manufacturing_date"":"""",""actual_qty"":""6.000"",""actual_unit_id"":""6602488"",""actual_unit_name"":""Qty"",""sap_group_master_id"":0,""category"":""Food"",""yield_qty"":""0"",""discount_application"":""B"",""pricing_method"":""0"",""container_weight"":0,""net_weight"":""6"",""gross_weight"":0,""tax_type"":0,""excise_duty"":0,""tax1_label"":""CGST"",""tax2_label"":""SGST"",""tax3_label"":""IGST""},{""prev_price"":""540.000000"",""item_id"":""46286098"",""itemname"":""Dolce Vita Peeled Tomatoes 3kg"",""qty"":15,""price"":540,""amount"":8100,""discount"":""0.000"",""lbl_unit"":""TIN"",""unit"":""5790701"",""description"":"""",""hsn_code"":"""",""weighted_price"":540,""invoice_date"":""2026-07-05"",""sap_code"":"""",""purchase_doc_number"":"""",""purchase_invoice_number"":"""",""tax1"":0,""tax2"":0,""tax3"":0,""tax1_amount"":0,""tax2_amount"":0,""tax3_amount"":0,""expiry_date"":"""",""manufacturing_date"":"""",""actual_qty"":""15.000"",""actual_unit_id"":""6602480"",""actual_unit_name"":""TIN"",""sap_group_master_id"":0,""category"":""Food"",""yield_qty"":""0"",""discount_application"":""B"",""container_weight"":0,""net_weight"":""15"",""gross_weight"":0,""tax_type"":0,""excise_duty"":0,""tax1_label"":""CGST"",""tax2_label"":""SGST"",""tax3_label"":""IGST""},{""prev_price"":""627.000000"",""item_id"":""46286695"",""itemname"":""Smoked Mozzarella Cheese 1kg"",""qty"":2,""price"":627,""amount"":1254,""discount"":""0.000"",""lbl_unit"":""Qty"",""unit"":""5790709"",""description"":"""",""hsn_code"":"""",""weighted_price"":627,""invoice_date"":""2026-07-05"",""sap_code"":"""",""purchase_doc_number"":"""",""purchase_invoice_number"":"""",""tax1"":0,""tax2"":0,""tax3"":0,""tax1_amount"":0,""tax2_amount"":0,""tax3_amount"":0,""expiry_date"":"""",""manufacturing_date"":"""",""actual_qty"":""2.000"",""actual_unit_id"":""6602488"",""actual_unit_name"":""Qty"",""sap_group_master_id"":0,""category"":""Food"",""yield_qty"":""0"",""discount_application"":""B"",""container_weight"":0,""net_weight"":""2"",""gross_weight"":0,""tax_type"":0,""excise_duty"":0,""tax1_label"":""CGST"",""tax2_label"":""SGST"",""tax3_label"":""IGST""},{""prev_price"":""1380.000000"",""item_id"":""46286955"",""itemname"":""Truffle Oil 250ml"",""qty"":1,""price"":1380,""amount"":1380,""discount"":""0.000"",""lbl_unit"":""Qty"",""unit"":""5790709"",""description"":"""",""hsn_code"":"""",""weighted_price"":1380,""invoice_date"":""2026-07-05"",""sap_code"":"""",""purchase_doc_number"":"""",""purchase_invoice_number"":"""",""tax1"":0,""tax2"":0,""tax3"":0,""tax1_amount"":0,""tax2_amount"":0,""tax3_amount"":0,""expiry_date"":"""",""manufacturing_date"":"""",""actual_qty"":""1.000"",""actual_unit_id"":""6602488"",""actual_unit_name"":""Qty"",""sap_group_master_id"":0,""category"":""Food"",""yield_qty"":""0"",""discount_application"":""B"",""container_weight"":0,""net_weight"":""1"",""gross_weight"":0,""tax_type"":0,""excise_duty"":0,""tax1_label"":""CGST"",""tax2_label"":""SGST"",""tax3_label"":""IGST""},{""item_id"":""46909715"",""itemname"":""Amul Fresh Cream 250 Ml"",""qty"":32,""price"":75,""prev_price"":""75.000000"",""amount"":2400,""discount"":""0.000"",""lbl_unit"":""Qty"",""unit"":""5790709"",""description"":"""",""hsn_code"":"""",""weighted_price"":75,""invoice_date"":""2026-07-05"",""sap_code"":"""",""purchase_doc_number"":"""",""purchase_invoice_number"":"""",""tax1"":0,""tax2"":0,""tax3"":0,""tax1_amount"":0,""tax2_amount"":0,""tax3_amount"":0,""expiry_date"":"""",""manufacturing_date"":"""",""sap_group_master_id"":0,""discount_application"":""B"",""container_weight"":0,""net_weight"":""32"",""gross_weight"":0,""category"":""Food"",""tax_type"":0,""excise_duty"":0,""tax1_label"":""CGST"",""tax2_label"":""SGST"",""tax3_label"":""IGST""}]",[],0,0,,,[],[],,,,,,,,,,,,,,,,,,,,,,,,,,,,6a4a9d5f-1240-4a35-bf36-17953c009e87,60.0.158.135,,,,,,,,,,,,,,,,,,,,,,,,,,,,,,,,,,,,,,,,,,,,,,,,,,,,,,,,,,,,,,,,,,,,,,,,,,,,,,,,,,,,,,,,,,,,,,,,,,,,,,,,,,,,,,,,,,,,,,,,,,,,,,,,,,,,,,,,,,,,,,,,,,,,,,,,,,,,,,,,,,,,,,,,,,,,,,,,,,,,,,,,,,,,,,,,,,,,,,,,,,,,,,,,,,,,,,,,,,,,,,,,,,,,,,,,,,,,,,,,,,,,,,,,,,,,,,,,,,,,,,,,,,,,,,,,,,,,,,,,,,,,,,,,,,,,,,,,,,,,,,,,,,,,,,,,,,,,,,,,,,,,,,,,,,,,,,,,,,,,,,,,,,,,,,,,,,,,,,,,,,,,,,,,,,,,,,,,,,,,,,,,,,,,,,,,,,,,,,,,,,,,,,,,,,,,,,,,,,,,,,,,,,,,,,,,,,,,,,,,,,,,,,,,,,,,,,,,,,,,,,,,,,,,,,,,,,,,,,,,,,,,,,,,,,,,,,,,,,,,,,,,,,,,,,,,,,,,,,,,,,,,,,,,,,,,,,,,,,,,,,,,,,,,,,,,,,,,,,,,,,,,,,,,,,,,,,,,,,,,,,,,,,,,,,,,,,,,,,,,,,,,,,,,,,,,,,,,,,,,,,,,,,,,,,,,,,,,,,,,,,,,,,,,,,,,,,,,,,,,,,,,,,,,,,,,,,,,,,,,,,,,,,,,,,,,,,,,,,,,,,,,,,,,,,,,,,,,,,,,
Ahmedabad Prep Kitchen,410150,134155241,Normal,,507,902,2026-07-05,4432,0,Active,Unpaid,,4432,0,0,0,0.00,0,0,0,0,2026-07-05 22:56:02,2026-07-05 22:56:02,1139315,Supplier,,Surat,Ahmedabad Prep Kitchen,Gujarat,,"Ason vista, Sanidhya, Ahmedabad, Gujarat 380058",9510355182,,,,,B.k Aegro,Supplier,,Gujarat,,,,0,,,,,1,,,0,,"[{""prev_price"":""0.000000"",""item_id"":""46286183"",""itemname"":""Carrot"",""qty"":2,""price"":40,""amount"":80,""discount"":""0.000"",""lbl_unit"":""Kg"",""unit"":""5790692"",""description"":"""",""hsn_code"":"""",""weighted_price"":40,""invoice_date"":""2026-07-05"",""sap_code"":"""",""purchase_doc_number"":"""",""purchase_invoice_number"":"""",""tax1"":0,""tax2"":0,""tax3"":0,""tax1_amount"":0,""tax2_amount"":0,""tax3_amount"":0,""expiry_date"":"""",""manufacturing_date"":"""",""sap_group_master_id"":0,""category"":""Food"",""rmconv_qty"":""1000"",""rmconv_qty_total"":2000,""rmconv_unit_id"":""5790698"",""rmconv_unit"":""GM"",""yield_qty"":""0"",""discount_application"":""B"",""container_weight"":0,""net_weight"":""2"",""gross_weight"":0,""tax_type"":0,""excise_duty"":0,""tax1_label"":""CGST"",""tax2_label"":""SGST"",""tax3_label"":""IGST""},{""prev_price"":""0.000000"",""item_id"":""46286165"",""itemname"":""Tomato"",""qty"":4,""price"":45,""amount"":180,""discount"":""0.000"",""lbl_unit"":""Kg"",""unit"":""5790692"",""description"":"""",""hsn_code"":"""",""weighted_price"":45,""invoice_date"":""2026-07-05"",""sap_code"":"""",""purchase_doc_number"":"""",""purchase_invoice_number"":"""",""tax1"":0,""tax2"":0,""tax3"":0,""tax1_amount"":0,""tax2_amount"":0,""tax3_amount"":0,""expiry_date"":"""",""manufacturing_date"":"""",""sap_group_master_id"":0,""category"":""Food"",""rmconv_qty"":""1000"",""rmconv_qty_total"":4000,""rmconv_unit_id"":""5790698"",""rmconv_unit"":""GM"",""yield_qty"":""0"",""discount_application"":""B"",""container_weight"":0,""net_weight"":""4"",""gross_weight"":0,""tax_type"":0,""excise_duty"":0,""tax1_label"":""CGST"",""tax2_label"":""SGST"",""tax3_label"":""IGST""},{""prev_price"":""0.000000"",""item_id"":""46285775"",""itemname"":""Cabbage"",""qty"":2,""price"":35,""amount"":70,""discount"":""0.000"",""lbl_unit"":""Kg"",""unit"":""5790692"",""description"":"""",""hsn_code"":"""",""weighted_price"":35,""invoice_date"":""2026-07-05"",""sap_code"":"""",""purchase_doc_number"":"""",""purchase_invoice_number"":"""",""tax1"":0,""tax2"":0,""tax3"":0,""tax1_amount"":0,""tax2_amount"":0,""tax3_amount"":0,""expiry_date"":"""",""manufacturing_date"":"""",""sap_group_master_id"":0,""category"":""Food"",""yield_qty"":""0"",""discount_application"":""B"",""container_weight"":0,""net_weight"":""2"",""gross_weight"":0,""tax_type"":0,""excise_duty"":0,""tax1_label"":""CGST"",""tax2_label"":""SGST"",""tax3_label"":""IGST""},{""prev_price"":""0.000000"",""item_id"":""46286257"",""itemname"":""Spinach Palak"",""qty"":1,""price"":60,""amount"":60,""discount"":""0.000"",""lbl_unit"":""Kg"",""unit"":""5790692"",""description"":"""",""hsn_code"":"""",""weighted_price"":60,""invoice_date"":""2026-07-05"",""sap_code"":"""",""purchase_doc_number"":"""",""purchase_invoice_number"":"""",""tax1"":0,""tax2"":0,""tax3"":0,""tax1_amount"":0,""tax2_amount"":0,""tax3_amount"":0,""expiry_date"":"""",""manufacturing_date"":"""",""sap_group_master_id"":0,""category"":""Food"",""rmconv_qty"":""1000"",""rmconv_qty_total"":1000,""rmconv_unit_id"":""5790698"",""rmconv_unit"":""GM"",""yield_qty"":""0"",""discount_application"":""B"",""container_weight"":0,""net_weight"":""1"",""gross_weight"":0,""tax_type"":0,""excise_duty"":0,""tax1_label"":""CGST"",""tax2_label"":""SGST"",""tax3_label"":""IGST""},{""prev_price"":""0.000000"",""item_id"":""46287275"",""itemname"":""Baby Corn"",""qty"":1,""price"":170,""amount"":170,""discount"":""0.000"",""lbl_unit"":""Qty"",""unit"":""5790709"",""description"":"""",""hsn_code"":"""",""weighted_price"":170,""invoice_date"":""2026-07-05"",""sap_code"":"""",""purchase_doc_number"":"""",""purchase_invoice_number"":"""",""tax1"":0,""tax2"":0,""tax3"":0,""tax1_amount"":0,""tax2_amount"":0,""tax3_amount"":0,""expiry_date"":"""",""manufacturing_date"":"""",""sap_group_master_id"":0,""category"":""Food"",""yield_qty"":""0"",""discount_application"":""B"",""container_weight"":0,""net_weight"":""1"",""gross_weight"":0,""tax_type"":0,""excise_duty"":0,""tax1_label"":""CGST"",""tax2_label"":""SGST"",""tax3_label"":""IGST""},{""prev_price"":""0.000000"",""item_id"":""46286112"",""itemname"":""Green Zucchini"",""qty"":1,""price"":100,""amount"":100,""discount"":""0.000"",""lbl_unit"":""Kg"",""unit"":""5790692"",""description"":"""",""hsn_code"":"""",""weighted_price"":100,""invoice_date"":""2026-07-05"",""sap_code"":"""",""purchase_doc_number"":"""",""purchase_invoice_number"":"""",""tax1"":0,""tax2"":0,""tax3"":0,""tax1_amount"":0,""tax2_amount"":0,""tax3_amount"":0,""expiry_date"":"""",""manufacturing_date"":"""",""sap_group_master_id"":0,""category"":""Food"",""rmconv_qty"":""1000"",""rmconv_qty_total"":1000,""rmconv_unit_id"":""5790698"",""rmconv_unit"":""GM"",""yield_qty"":""0"",""discount_application"":""B"",""container_weight"":0,""net_weight"":""1"",""gross_weight"":0,""tax_type"":0,""excise_duty"":0,""tax1_label"":""CGST"",""tax2_label"":""SGST"",""tax3_label"":""IGST""},{""prev_price"":""0.000000"",""item_id"":""46718077"",""itemname"":""French Beans"",""qty"":0.3,""price"":100,""amount"":30,""discount"":""0.000"",""lbl_unit"":""Kg"",""unit"":""5790692"",""description"":"""",""hsn_code"":"""",""weighted_price"":100,""invoice_date"":""2026-07-05"",""sap_code"":"""",""purchase_doc_number"":"""",""purchase_invoice_number"":"""",""tax1"":0,""tax2"":0,""tax3"":0,""tax1_amount"":0,""tax2_amount"":0,""tax3_amount"":0,""expiry_date"":"""",""manufacturing_date"":"""",""sap_group_master_id"":0,""category"":""Food"",""rmconv_qty"":""1000"",""rmconv_qty_total"":300,""rmconv_unit_id"":""5790698"",""rmconv_unit"":""GM"",""yield_qty"":""0"",""discount_application"":""B"",""container_weight"":0,""net_weight"":""0.3"",""gross_weight"":0,""tax_type"":0,""excise_duty"":0,""tax1_label"":""CGST"",""tax2_label"":""SGST"",""tax3_label"":""IGST""},{""prev_price"":""0.000000"",""item_id"":""46453239"",""itemname"":""W Skin Pineapple"",""qty"":1,""price"":110,""amount"":110,""discount"":""0.000"",""lbl_unit"":""Piece"",""unit"":""5790691"",""description"":"""",""hsn_code"":"""",""weighted_price"":110,""invoice_date"":""2026-07-05"",""sap_code"":"""",""purchase_doc_number"":"""",""purchase_invoice_number"":"""",""tax1"":0,""tax2"":0,""tax3"":0,""tax1_amount"":0,""tax2_amount"":0,""tax3_amount"":0,""expiry_date"":"""",""manufacturing_date"":"""",""sap_group_master_id"":0,""category"":""Food"",""yield_qty"":""0"",""discount_application"":""B"",""container_weight"":0,""net_weight"":""1"",""gross_weight"":0,""tax_type"":0,""excise_duty"":0,""tax1_label"":""CGST"",""tax2_label"":""SGST"",""tax3_label"":""IGST""},{""prev_price"":""0.000000"",""item_id"":""46286260"",""itemname"":""Button Mushrooms"",""qty"":2,""price"":200,""amount"":400,""discount"":""0.000"",""lbl_unit"":""Kg"",""unit"":""5790692"",""description"":"""",""hsn_code"":"""",""weighted_price"":200,""invoice_date"":""2026-07-05"",""sap_code"":"""",""purchase_doc_number"":"""",""purchase_invoice_number"":"""",""tax1"":0,""tax2"":0,""tax3"":0,""tax1_amount"":0,""tax2_amount"":0,""tax3_amount"":0,""expiry_date"":"""",""manufacturing_date"":"""",""sap_group_master_id"":0,""category"":""Food"",""rmconv_qty"":""1000"",""rmconv_qty_total"":2000,""rmconv_unit_id"":""5790698"",""rmconv_unit"":""GM"",""yield_qty"":""0"",""discount_application"":""B"",""container_weight"":0,""net_weight"":""2"",""gross_weight"":0,""tax_type"":0,""excise_duty"":0,""tax1_label"":""CGST"",""tax2_label"":""SGST"",""tax3_label"":""IGST""},{""prev_price"":""0.000000"",""item_id"":""46285924"",""itemname"":""Hass Avocado"",""qty"":1,""price"":900,""amount"":900,""discount"":""0.000"",""lbl_unit"":""Kg"",""unit"":""5790692"",""description"":"""",""hsn_code"":"""",""weighted_price"":900,""invoice_date"":""2026-07-05"",""sap_code"":"""",""purchase_doc_number"":"""",""purchase_invoice_number"":"""",""tax1"":0,""tax2"":0,""tax3"":0,""tax1_amount"":0,""tax2_amount"":0,""tax3_amount"":0,""expiry_date"":"""",""manufacturing_date"":"""",""sap_group_master_id"":0,""category"":""Food"",""rmconv_qty"":""1000"",""rmconv_qty_total"":1000,""rmconv_unit_id"":""5790698"",""rmconv_unit"":""GM"",""yield_qty"":""0"",""discount_application"":""B"",""container_weight"":0,""net_weight"":""1"",""gross_weight"":0,""tax_type"":0,""excise_duty"":0,""tax1_label"":""CGST"",""tax2_label"":""SGST"",""tax3_label"":""IGST""},{""prev_price"":""0.000000"",""item_id"":""46286276"",""itemname"":""Broccoli"",""qty"":4,""price"":270,""amount"":1080,""discount"":""0.000"",""lbl_unit"":""Kg"",""unit"":""5790692"",""description"":"""",""hsn_code"":"""",""weighted_price"":270,""invoice_date"":""2026-07-05"",""sap_code"":"""",""purchase_doc_number"":"""",""purchase_invoice_number"":"""",""tax1"":0,""tax2"":0,""tax3"":0,""tax1_amount"":0,""tax2_amount"":0,""tax3_amount"":0,""expiry_date"":"""",""manufacturing_date"":"""",""sap_group_master_id"":0,""category"":""Food"",""rmconv_qty"":""1000"",""rmconv_qty_total"":4000,""rmconv_unit_id"":""5790698"",""rmconv_unit"":""GM"",""yield_qty"":""0"",""discount_application"":""B"",""container_weight"":0,""net_weight"":""4"",""gross_weight"":0,""tax_type"":0,""excise_duty"":0,""tax1_label"":""CGST"",""tax2_label"":""SGST"",""tax3_label"":""IGST""},{""prev_price"":""0.000000"",""item_id"":""46286166"",""itemname"":""Spring Onion ."",""qty"":3,""price"":110,""amount"":330,""discount"":""0.000"",""lbl_unit"":""Kg"",""unit"":""5790692"",""description"":"""",""hsn_code"":"""",""weighted_price"":110,""invoice_date"":""2026-07-05"",""sap_code"":"""",""purchase_doc_number"":"""",""purchase_invoice_number"":"""",""tax1"":0,""tax2"":0,""tax3"":0,""tax1_amount"":0,""tax2_amount"":0,""tax3_amount"":0,""expiry_date"":"""",""manufacturing_date"":"""",""sap_group_master_id"":0,""category"":""Food"",""rmconv_qty"":""1000"",""rmconv_qty_total"":3000,""rmconv_unit_id"":""5790698"",""rmconv_unit"":""GM"",""yield_qty"":""0"",""discount_application"":""B"",""container_weight"":0,""net_weight"":""3"",""gross_weight"":0,""tax_type"":0,""excise_duty"":0,""tax1_label"":""CGST"",""tax2_label"":""SGST"",""tax3_label"":""IGST""},{""prev_price"":""0.000000"",""item_id"":""46285750"",""itemname"":""Coriander"",""qty"":1,""price"":140,""amount"":140,""discount"":""0.000"",""lbl_unit"":""Kg"",""unit"":""5790692"",""description"":"""",""hsn_code"":"""",""weighted_price"":140,""invoice_date"":""2026-07-05"",""sap_code"":"""",""purchase_doc_number"":"""",""purchase_invoice_number"":"""",""tax1"":0,""tax2"":0,""tax3"":0,""tax1_amount"":0,""tax2_amount"":0,""tax3_amount"":0,""expiry_date"":"""",""manufacturing_date"":"""",""sap_group_master_id"":0,""category"":""Food"",""rmconv_qty"":""1000"",""rmconv_qty_total"":1000,""rmconv_unit_id"":""5790698"",""rmconv_unit"":""GM"",""yield_qty"":""0"",""discount_application"":""B"",""container_weight"":0,""net_weight"":""1"",""gross_weight"":0,""tax_type"":0,""excise_duty"":0,""tax1_label"":""CGST"",""tax2_label"":""SGST"",""tax3_label"":""IGST""},{""prev_price"":""0.000000"",""item_id"":""46453261"",""itemname"":""Green Lemon"",""qty"":0.5,""price"":100,""amount"":50,""discount"":""0.000"",""lbl_unit"":""Kg"",""unit"":""5790692"",""description"":"""",""hsn_code"":"""",""weighted_price"":100,""invoice_date"":""2026-07-05"",""sap_code"":"""",""purchase_doc_number"":"""",""purchase_invoice_number"":"""",""tax1"":0,""tax2"":0,""tax3"":0,""tax1_amount"":0,""tax2_amount"":0,""tax3_amount"":0,""expiry_date"":"""",""manufacturing_date"":"""",""sap_group_master_id"":0,""category"":""Food"",""rmconv_qty"":""1000"",""rmconv_qty_total"":500,""rmconv_unit_id"":""5790698"",""rmconv_unit"":""GM"",""yield_qty"":""0"",""discount_application"":""B"",""container_weight"":0,""net_weight"":""0.5"",""gross_weight"":0,""tax_type"":0,""excise_duty"":0,""tax1_label"":""CGST"",""tax2_label"":""SGST"",""tax3_label"":""IGST""},{""prev_price"":""0.000000"",""item_id"":""46285898"",""itemname"":""Cucumber"",""qty"":2,""price"":50,""amount"":100,""discount"":""0.000"",""lbl_unit"":""Kg"",""unit"":""5790692"",""description"":"""",""hsn_code"":"""",""weighted_price"":50,""invoice_date"":""2026-07-05"",""sap_code"":"""",""purchase_doc_number"":"""",""purchase_invoice_number"":"""",""tax1"":0,""tax2"":0,""tax3"":0,""tax1_amount"":0,""tax2_amount"":0,""tax3_amount"":0,""expiry_date"":"""",""manufacturing_date"":"""",""sap_group_master_id"":0,""category"":""Food"",""rmconv_qty"":""1000"",""rmconv_qty_total"":2000,""rmconv_unit_id"":""5790698"",""rmconv_unit"":""GM"",""yield_qty"":""0"",""discount_application"":""B"",""container_weight"":0,""net_weight"":""2"",""gross_weight"":0,""tax_type"":0,""excise_duty"":0,""tax1_label"":""CGST"",""tax2_label"":""SGST"",""tax3_label"":""IGST""},{""prev_price"":""0.000000"",""item_id"":""46285800"",""itemname"":""Raw Mango"",""qty"":2,""price"":60,""amount"":120,""discount"":""0.000"",""lbl_unit"":""Kg"",""unit"":""5790692"",""description"":"""",""hsn_code"":"""",""weighted_price"":60,""invoice_date"":""2026-07-05"",""sap_code"":"""",""purchase_doc_number"":"""",""purchase_invoice_number"":"""",""tax1"":0,""tax2"":0,""tax3"":0,""tax1_amount"":0,""tax2_amount"":0,""tax3_amount"":0,""expiry_date"":"""",""manufacturing_date"":"""",""sap_group_master_id"":0,""category"":""Food"",""rmconv_qty"":""1000"",""rmconv_qty_total"":2000,""rmconv_unit_id"":""5790698"",""rmconv_unit"":""GM"",""yield_qty"":""0"",""discount_application"":""B"",""container_weight"":0,""net_weight"":""2"",""gross_weight"":0,""tax_type"":0,""excise_duty"":0,""tax1_label"":""CGST"",""tax2_label"":""SGST"",""tax3_label"":""IGST""},{""prev_price"":""0.000000"",""item_id"":""46286174"",""itemname"":""Lemon Grass"",""qty"":0.2,""price"":160,""amount"":32,""discount"":""0.000"",""lbl_unit"":""Kg"",""unit"":""5790692"",""description"":"""",""hsn_code"":"""",""weighted_price"":160,""invoice_date"":""2026-07-05"",""sap_code"":"""",""purchase_doc_number"":"""",""purchase_invoice_number"":"""",""tax1"":0,""tax2"":0,""tax3"":0,""tax1_amount"":0,""tax2_amount"":0,""tax3_amount"":0,""expiry_date"":"""",""manufacturing_date"":"""",""sap_group_master_id"":0,""category"":""Food"",""rmconv_qty"":""1000"",""rmconv_qty_total"":200,""rmconv_unit_id"":""5790698"",""rmconv_unit"":""GM"",""yield_qty"":""0"",""discount_application"":""B"",""container_weight"":0,""net_weight"":""0.2"",""gross_weight"":0,""tax_type"":0,""excise_duty"":0,""tax1_label"":""CGST"",""tax2_label"":""SGST"",""tax3_label"":""IGST""},{""prev_price"":""0.000000"",""item_id"":""46287615"",""itemname"":""Sweet Corn"",""qty"":6,""price"":80,""amount"":480,""discount"":""0.000"",""lbl_unit"":""Qty"",""unit"":""5790709"",""description"":"""",""hsn_code"":"""",""weighted_price"":80,""invoice_date"":""2026-07-05"",""sap_code"":"""",""purchase_doc_number"":"""",""purchase_invoice_number"":"""",""tax1"":0,""tax2"":0,""tax3"":0,""tax1_amount"":0,""tax2_amount"":0,""tax3_amount"":0,""expiry_date"":"""",""manufacturing_date"":"""",""sap_group_master_id"":0,""category"":""Food"",""yield_qty"":""0"",""discount_application"":""B"",""container_weight"":0,""net_weight"":""6"",""gross_weight"":0,""tax_type"":0,""excise_duty"":0,""tax1_label"":""CGST"",""tax2_label"":""SGST"",""tax3_label"":""IGST""}]",[],0,0,,,[],[],,,,,,,1,,,,,,,,,,,,,,,,,,,,,,,6a4a928c-8d64-4293-8a3b-7c9d3c009e87,60.0.158.135,,,,,,,,,,,,,,,,,,,,,,,,,,,,,,,,,,,,,,,,,,,,,,,,,,,,,,,,,,,,,,,,,,,,,,,,,,,,,,,,,,,,,,,,,,,,,,,,,,,,,,,,,,,,,,,,,,,,,,,,,,,,,,,,,,,,,,,,,,,,,,,,,,,,,,,,,,,,,,,,,,,,,,,,,,,,,,,,,,,,,,,,,,,,,,,,,,,,,,,,,,,,,,,,,,,,,,,,,,,,,,,,,,,,,,,,,,,,,,,,,,,,,,,,,,,,,,,,,,,,,,,,,,,,,,,,,,,,,,,,,,,,,,,,,,,,,,,,,,,,,,,,,,,,,,,,,,,,,,,,,,,,,,,,,,,,,,,,,,,,,,,,,,,,,,,,,,,,,,,,,,,,,,,,,,,,,,,,,,,,,,,,,,,,,,,,,,,,,,,,,,,,,,,,,,,,,,,,,,,,,,,,,,,,,,,,,,,,,,,,,,,,,,,,,,,,,,,,,,,,,,,,,,,,,,,,,,,,,,,,,,,,,,,,,,,,,,,,,,,,,,,,,,,,,,,,,,,,,,,,,,,,,,,,,,,,,,,,,,,,,,,,,,,,,,,,,,,,,,,,,,,,,,,,,,,,,,,,,,,,,,,,,,,,,,,,,,,,,,,,,,,,,,,,,,,,,,,,,,,,,,,,,,,,,,,,,,,,,,,,,,,,,,,,,,,,,,,,,,,,,,,,,,,,,,,,,,,,,,,,,,,,,,,,,,,,,,,,,,,,,,,,,,,,,,,,,,,,,,
Ahmedabad Prep Kitchen,410150,134154726,Normal,,506,903,2026-07-05,7650,0,Active,Unpaid,,7650,0,0,0,0.00,0,0,0,0,2026-07-05 22:51:07,2026-07-05 22:51:07,1139315,Supplier,,Surat,Ahmedabad Prep Kitchen,Gujarat,,"Ason vista, Sanidhya, Ahmedabad, Gujarat 380058",9510355182,,,,,B.k Aegro,Supplier,,Gujarat,,,,0,,,,,1,,,0,,"[{""prev_price"":""0.000000"",""item_id"":""46286260"",""itemname"":""Button Mushrooms"",""qty"":3,""price"":200,""amount"":600,""discount"":""0.000"",""lbl_unit"":""Kg"",""unit"":""5790692"",""description"":"""",""hsn_code"":"""",""weighted_price"":200,""invoice_date"":""2026-07-05"",""sap_code"":"""",""purchase_doc_number"":"""",""purchase_invoice_number"":"""",""tax1"":0,""tax2"":0,""tax3"":0,""tax1_amount"":0,""tax2_amount"":0,""tax3_amount"":0,""expiry_date"":"""",""manufacturing_date"":"""",""sap_group_master_id"":0,""category"":""Food"",""rmconv_qty"":""1000"",""rmconv_qty_total"":3000,""rmconv_unit_id"":""5790698"",""rmconv_unit"":""GM"",""yield_qty"":""0"",""discount_application"":""B"",""container_weight"":0,""net_weight"":""3"",""gross_weight"":0,""tax_type"":0,""excise_duty"":0,""tax1_label"":""CGST"",""tax2_label"":""SGST"",""tax3_label"":""IGST""},{""prev_price"":""0.000000"",""item_id"":""46286259"",""itemname"":""Rocket /arugula Leaves"",""qty"":2,""price"":1500,""amount"":3000,""discount"":""0.000"",""lbl_unit"":""Kg"",""unit"":""5790692"",""description"":"""",""hsn_code"":"""",""weighted_price"":1500,""invoice_date"":""2026-07-05"",""sap_code"":"""",""purchase_doc_number"":"""",""purchase_invoice_number"":"""",""tax1"":0,""tax2"":0,""tax3"":0,""tax1_amount"":0,""tax2_amount"":0,""tax3_amount"":0,""expiry_date"":"""",""manufacturing_date"":"""",""sap_group_master_id"":0,""category"":""Food"",""rmconv_qty"":""1000"",""rmconv_qty_total"":2000,""rmconv_unit_id"":""5790698"",""rmconv_unit"":""GM"",""yield_qty"":""0"",""discount_application"":""B"",""container_weight"":0,""net_weight"":""2"",""gross_weight"":0,""tax_type"":0,""excise_duty"":0,""tax1_label"":""CGST"",""tax2_label"":""SGST"",""tax3_label"":""IGST""},{""prev_price"":""0.000000"",""item_id"":""46286276"",""itemname"":""Broccoli"",""qty"":3,""price"":270,""amount"":810,""discount"":""0.000"",""lbl_unit"":""Kg"",""unit"":""5790692"",""description"":"""",""hsn_code"":"""",""weighted_price"":270,""invoice_date"":""2026-07-05"",""sap_code"":"""",""purchase_doc_number"":"""",""purchase_invoice_number"":"""",""tax1"":0,""tax2"":0,""tax3"":0,""tax1_amount"":0,""tax2_amount"":0,""tax3_amount"":0,""expiry_date"":"""",""manufacturing_date"":"""",""sap_group_master_id"":0,""category"":""Food"",""rmconv_qty"":""1000"",""rmconv_qty_total"":3000,""rmconv_unit_id"":""5790698"",""rmconv_unit"":""GM"",""yield_qty"":""0"",""discount_application"":""B"",""container_weight"":0,""net_weight"":""3"",""gross_weight"":0,""tax_type"":0,""excise_duty"":0,""tax1_label"":""CGST"",""tax2_label"":""SGST"",""tax3_label"":""IGST""},{""prev_price"":""0.000000"",""item_id"":""46286166"",""itemname"":""Spring Onion ."",""qty"":3,""price"":110,""amount"":330,""discount"":""0.000"",""lbl_unit"":""Kg"",""unit"":""5790692"",""description"":"""",""hsn_code"":"""",""weighted_price"":110,""invoice_date"":""2026-07-05"",""sap_code"":"""",""purchase_doc_number"":"""",""purchase_invoice_number"":"""",""tax1"":0,""tax2"":0,""tax3"":0,""tax1_amount"":0,""tax2_amount"":0,""tax3_amount"":0,""expiry_date"":"""",""manufacturing_date"":"""",""sap_group_master_id"":0,""category"":""Food"",""rmconv_qty"":""1000"",""rmconv_qty_total"":3000,""rmconv_unit_id"":""5790698"",""rmconv_unit"":""GM"",""yield_qty"":""0"",""discount_application"":""B"",""container_weight"":0,""net_weight"":""3"",""gross_weight"":0,""tax_type"":0,""excise_duty"":0,""tax1_label"":""CGST"",""tax2_label"":""SGST"",""tax3_label"":""IGST""},{""prev_price"":""0.000000"",""item_id"":""46285750"",""itemname"":""Coriander"",""qty"":1,""price"":140,""amount"":140,""discount"":""0.000"",""lbl_unit"":""Kg"",""unit"":""5790692"",""description"":"""",""hsn_code"":"""",""weighted_price"":140,""invoice_date"":""2026-07-05"",""sap_code"":"""",""purchase_doc_number"":"""",""purchase_invoice_number"":"""",""tax1"":0,""tax2"":0,""tax3"":0,""tax1_amount"":0,""tax2_amount"":0,""tax3_amount"":0,""expiry_date"":"""",""manufacturing_date"":"""",""sap_group_master_id"":0,""category"":""Food"",""rmconv_qty"":""1000"",""rmconv_qty_total"":1000,""rmconv_unit_id"":""5790698"",""rmconv_unit"":""GM"",""yield_qty"":""0"",""discount_application"":""B"",""container_weight"":0,""net_weight"":""1"",""gross_weight"":0,""tax_type"":0,""excise_duty"":0,""tax1_label"":""CGST"",""tax2_label"":""SGST"",""tax3_label"":""IGST""},{""prev_price"":""0.000000"",""item_id"":""46286280"",""itemname"":""Mint"",""qty"":1,""price"":20,""amount"":20,""discount"":""0.000"",""lbl_unit"":""pcs"",""unit"":""6058570"",""description"":"""",""hsn_code"":"""",""weighted_price"":20,""invoice_date"":""2026-07-05"",""sap_code"":"""",""purchase_doc_number"":"""",""purchase_invoice_number"":"""",""tax1"":0,""tax2"":0,""tax3"":0,""tax1_amount"":0,""tax2_amount"":0,""tax3_amount"":0,""expiry_date"":"""",""manufacturing_date"":"""",""sap_group_master_id"":0,""category"":""Food"",""yield_qty"":""0"",""discount_application"":""B"",""container_weight"":0,""net_weight"":""1"",""gross_weight"":0,""tax_type"":0,""excise_duty"":0,""tax1_label"":""CGST"",""tax2_label"":""SGST"",""tax3_label"":""IGST""},{""prev_price"":""0.000000"",""item_id"":""46453261"",""itemname"":""Green Lemon"",""qty"":1,""price"":100,""amount"":100,""discount"":""0.000"",""lbl_unit"":""Kg"",""unit"":""5790692"",""description"":"""",""hsn_code"":"""",""weighted_price"":100,""invoice_date"":""2026-07-05"",""sap_code"":"""",""purchase_doc_number"":"""",""purchase_invoice_number"":"""",""tax1"":0,""tax2"":0,""tax3"":0,""tax1_amount"":0,""tax2_amount"":0,""tax3_amount"":0,""expiry_date"":"""",""manufacturing_date"":"""",""sap_group_master_id"":0,""category"":""Food"",""rmconv_qty"":""1000"",""rmconv_qty_total"":1000,""rmconv_unit_id"":""5790698"",""rmconv_unit"":""GM"",""yield_qty"":""0"",""discount_application"":""B"",""container_weight"":0,""net_weight"":""1"",""gross_weight"":0,""tax_type"":0,""excise_duty"":0,""tax1_label"":""CGST"",""tax2_label"":""SGST"",""tax3_label"":""IGST""},{""prev_price"":""0.000000"",""item_id"":""46286001"",""itemname"":""Iceberg"",""qty"":0.5,""price"":180,""amount"":90,""discount"":""0.000"",""lbl_unit"":""Kg"",""unit"":""5790692"",""description"":"""",""hsn_code"":"""",""weighted_price"":180,""invoice_date"":""2026-07-05"",""sap_code"":"""",""purchase_doc_number"":"""",""purchase_invoice_number"":"""",""tax1"":0,""tax2"":0,""tax3"":0,""tax1_amount"":0,""tax2_amount"":0,""tax3_amount"":0,""expiry_date"":"""",""manufacturing_date"":"""",""sap_group_master_id"":0,""category"":""Food"",""rmconv_qty"":""1000"",""rmconv_qty_total"":500,""rmconv_unit_id"":""5790698"",""rmconv_unit"":""GM"",""yield_qty"":""0"",""discount_application"":""B"",""container_weight"":0,""net_weight"":""0.5"",""gross_weight"":0,""tax_type"":0,""excise_duty"":0,""tax1_label"":""CGST"",""tax2_label"":""SGST"",""tax3_label"":""IGST""},{""prev_price"":""0.000000"",""item_id"":""46286006"",""itemname"":""Romaine"",""qty"":0.5,""price"":200,""amount"":100,""discount"":""0.000"",""lbl_unit"":""Kg"",""unit"":""5790692"",""description"":"""",""hsn_code"":"""",""weighted_price"":200,""invoice_date"":""2026-07-05"",""sap_code"":"""",""purchase_doc_number"":"""",""purchase_invoice_number"":"""",""tax1"":0,""tax2"":0,""tax3"":0,""tax1_amount"":0,""tax2_amount"":0,""tax3_amount"":0,""expiry_date"":"""",""manufacturing_date"":"""",""sap_group_master_id"":0,""category"":""Food"",""rmconv_qty"":""1000"",""rmconv_qty_total"":500,""rmconv_unit_id"":""5790698"",""rmconv_unit"":""GM"",""yield_qty"":""0"",""discount_application"":""B"",""container_weight"":0,""net_weight"":""0.5"",""gross_weight"":0,""tax_type"":0,""excise_duty"":0,""tax1_label"":""CGST"",""tax2_label"":""SGST"",""tax3_label"":""IGST""},{""prev_price"":""0.000000"",""item_id"":""46286262"",""itemname"":""Lemon"",""qty"":3,""price"":100,""amount"":300,""discount"":""0.000"",""lbl_unit"":""Kg"",""unit"":""5790692"",""description"":"""",""hsn_code"":"""",""weighted_price"":100,""invoice_date"":""2026-07-05"",""sap_code"":"""",""purchase_doc_number"":"""",""purchase_invoice_number"":"""",""tax1"":0,""tax2"":0,""tax3"":0,""tax1_amount"":0,""tax2_amount"":0,""tax3_amount"":0,""expiry_date"":"""",""manufacturing_date"":"""",""sap_group_master_id"":0,""category"":""Food"",""yield_qty"":""0"",""discount_application"":""B"",""container_weight"":0,""net_weight"":""3"",""gross_weight"":0,""tax_type"":0,""excise_duty"":0,""tax1_label"":""CGST"",""tax2_label"":""SGST"",""tax3_label"":""IGST""},{""prev_price"":""0.000000"",""item_id"":""46286016"",""itemname"":""Rosemary"",""qty"":0.1,""price"":800,""amount"":80,""discount"":""0.000"",""lbl_unit"":""Kg"",""unit"":""5790692"",""description"":"""",""hsn_code"":"""",""weighted_price"":800,""invoice_date"":""2026-07-05"",""sap_code"":"""",""purchase_doc_number"":"""",""purchase_invoice_number"":"""",""tax1"":0,""tax2"":0,""tax3"":0,""tax1_amount"":0,""tax2_amount"":0,""tax3_amount"":0,""expiry_date"":"""",""manufacturing_date"":"""",""sap_group_master_id"":0,""category"":""Food"",""rmconv_qty"":""1000"",""rmconv_qty_total"":100,""rmconv_unit_id"":""5790698"",""rmconv_unit"":""GM"",""yield_qty"":""0"",""discount_application"":""B"",""container_weight"":0,""net_weight"":""0.1"",""gross_weight"":0,""tax_type"":0,""excise_duty"":0,""tax1_label"":""CGST"",""tax2_label"":""SGST"",""tax3_label"":""IGST""},{""prev_price"":""0.000000"",""item_id"":""46453239"",""itemname"":""W Skin Pineapple"",""qty"":3,""price"":110,""amount"":330,""discount"":""0.000"",""lbl_unit"":""Piece"",""unit"":""5790691"",""description"":"""",""hsn_code"":"""",""weighted_price"":110,""invoice_date"":""2026-07-05"",""sap_code"":"""",""purchase_doc_number"":"""",""purchase_invoice_number"":"""",""tax1"":0,""tax2"":0,""tax3"":0,""tax1_amount"":0,""tax2_amount"":0,""tax3_amount"":0,""expiry_date"":"""",""manufacturing_date"":"""",""sap_group_master_id"":0,""category"":""Food"",""yield_qty"":""0"",""discount_application"":""B"",""container_weight"":0,""net_weight"":""3"",""gross_weight"":0,""tax_type"":0,""excise_duty"":0,""tax1_label"":""CGST"",""tax2_label"":""SGST"",""tax3_label"":""IGST""},{""prev_price"":""0.000000"",""item_id"":""46286174"",""itemname"":""Lemon Grass"",""qty"":0.5,""price"":160,""amount"":80,""discount"":""0.000"",""lbl_unit"":""Kg"",""unit"":""5790692"",""description"":"""",""hsn_code"":"""",""weighted_price"":160,""invoice_date"":""2026-07-05"",""sap_code"":"""",""purchase_doc_number"":"""",""purchase_invoice_number"":"""",""tax1"":0,""tax2"":0,""tax3"":0,""tax1_amount"":0,""tax2_amount"":0,""tax3_amount"":0,""expiry_date"":"""",""manufacturing_date"":"""",""sap_group_master_id"":0,""category"":""Food"",""rmconv_qty"":""1000"",""rmconv_qty_total"":500,""rmconv_unit_id"":""5790698"",""rmconv_unit"":""GM"",""yield_qty"":""0"",""discount_application"":""B"",""container_weight"":0,""net_weight"":""0.5"",""gross_weight"":0,""tax_type"":0,""excise_duty"":0,""tax1_label"":""CGST"",""tax2_label"":""SGST"",""tax3_label"":""IGST""},{""prev_price"":""0.000000"",""item_id"":""46286213"",""itemname"":""Green Bell Pepper"",""qty"":3,""price"":90,""amount"":270,""discount"":""0.000"",""lbl_unit"":""Kg"",""unit"":""5790692"",""description"":"""",""hsn_code"":"""",""weighted_price"":90,""invoice_date"":""2026-07-05"",""sap_code"":"""",""purchase_doc_number"":"""",""purchase_invoice_number"":"""",""tax1"":0,""tax2"":0,""tax3"":0,""tax1_amount"":0,""tax2_amount"":0,""tax3_amount"":0,""expiry_date"":"""",""manufacturing_date"":"""",""sap_group_master_id"":0,""category"":""Food"",""rmconv_qty"":""1000"",""rmconv_qty_total"":3000,""rmconv_unit_id"":""5790698"",""rmconv_unit"":""GM"",""yield_qty"":""0"",""discount_application"":""B"",""container_weight"":0,""net_weight"":""3"",""gross_weight"":0,""tax_type"":0,""excise_duty"":0,""tax1_label"":""CGST"",""tax2_label"":""SGST"",""tax3_label"":""IGST""},{""prev_price"":""0.000000"",""item_id"":""46285898"",""itemname"":""Cucumber"",""qty"":1,""price"":50,""amount"":50,""discount"":""0.000"",""lbl_unit"":""Kg"",""unit"":""5790692"",""description"":"""",""hsn_code"":"""",""weighted_price"":50,""invoice_date"":""2026-07-05"",""sap_code"":"""",""purchase_doc_number"":"""",""purchase_invoice_number"":"""",""tax1"":0,""tax2"":0,""tax3"":0,""tax1_amount"":0,""tax2_amount"":0,""tax3_amount"":0,""expiry_date"":"""",""manufacturing_date"":"""",""sap_group_master_id"":0,""category"":""Food"",""rmconv_qty"":""1000"",""rmconv_qty_total"":1000,""rmconv_unit_id"":""5790698"",""rmconv_unit"":""GM"",""yield_qty"":""0"",""discount_application"":""B"",""container_weight"":0,""net_weight"":""1"",""gross_weight"":0,""tax_type"":0,""excise_duty"":0,""tax1_label"":""CGST"",""tax2_label"":""SGST"",""tax3_label"":""IGST""},{""prev_price"":""0.000000"",""item_id"":""46286277"",""itemname"":""Basil"",""qty"":1,""price"":150,""amount"":150,""discount"":""0.000"",""lbl_unit"":""Kg"",""unit"":""5790692"",""description"":"""",""hsn_code"":"""",""weighted_price"":150,""invoice_date"":""2026-07-05"",""sap_code"":"""",""purchase_doc_number"":"""",""purchase_invoice_number"":"""",""tax1"":0,""tax2"":0,""tax3"":0,""tax1_amount"":0,""tax2_amount"":0,""tax3_amount"":0,""expiry_date"":"""",""manufacturing_date"":"""",""sap_group_master_id"":0,""category"":""Food"",""rmconv_qty"":""1000"",""rmconv_qty_total"":1000,""rmconv_unit_id"":""5790698"",""rmconv_unit"":""GM"",""yield_qty"":""0"",""discount_application"":""B"",""container_weight"":0,""net_weight"":""1"",""gross_weight"":0,""tax_type"":0,""excise_duty"":0,""tax1_label"":""CGST"",""tax2_label"":""SGST"",""tax3_label"":""IGST""},{""prev_price"":""0.000000"",""item_id"":""46286012"",""itemname"":""Edible Flower"",""qty"":3,""price"":160,""amount"":480,""discount"":""0.000"",""lbl_unit"":""Pkt"",""unit"":""6694691"",""description"":"""",""hsn_code"":"""",""weighted_price"":160,""invoice_date"":""2026-07-05"",""sap_code"":"""",""purchase_doc_number"":"""",""purchase_invoice_number"":"""",""tax1"":0,""tax2"":0,""tax3"":0,""tax1_amount"":0,""tax2_amount"":0,""tax3_amount"":0,""expiry_date"":"""",""manufacturing_date"":"""",""sap_group_master_id"":0,""category"":""Food"",""yield_qty"":""0"",""discount_application"":""B"",""container_weight"":0,""net_weight"":""3"",""gross_weight"":0,""tax_type"":0,""excise_duty"":0,""tax1_label"":""CGST"",""tax2_label"":""SGST"",""tax3_label"":""IGST""},{""prev_price"":""0.000000"",""item_id"":""46453245"",""itemname"":""Big Clove Garlic"",""qty"":3,""price"":240,""amount"":720,""discount"":""0.000"",""lbl_unit"":""Kg"",""unit"":""5790692"",""description"":"""",""hsn_code"":"""",""weighted_price"":240,""invoice_date"":""2026-07-05"",""sap_code"":"""",""purchase_doc_number"":"""",""purchase_invoice_number"":"""",""tax1"":0,""tax2"":0,""tax3"":0,""tax1_amount"":0,""tax2_amount"":0,""tax3_amount"":0,""expiry_date"":"""",""manufacturing_date"":"""",""sap_group_master_id"":0,""category"":""Food"",""rmconv_qty"":""1000"",""rmconv_qty_total"":3000,""rmconv_unit_id"":""5790698"",""rmconv_unit"":""GM"",""yield_qty"":""0"",""discount_application"":""B"",""container_weight"":0,""net_weight"":""3"",""gross_weight"":0,""tax_type"":0,""excise_duty"":0,""tax1_label"":""CGST"",""tax2_label"":""SGST"",""tax3_label"":""IGST""}]",[],0,0,,,[],[],,,,,,,1,,,,,,,,,,,,,,,,,,,,,,,,,6a4a9115-5fe0-41b9-a170-5bee3c008513,60.0.133.19,,,,,,,,,,,,,,,,,,,,,,,,,,,,,,,,,,,,,,,,,,,,,,,,,,,,,,,,,,,,,,,,,,,,,,,,,,,,,,,,,,,,,,,,,,,,,,,,,,,,,,,,,,,,,,,,,,,,,,,,,,,,,,,,,,,,,,,,,,,,,,,,,,,,,,,,,,,,,,,,,,,,,,,,,,,,,,,,,,,,,,,,,,,,,,,,,,,,,,,,,,,,,,,,,,,,,,,,,,,,,,,,,,,,,,,,,,,,,,,,,,,,,,,,,,,,,,,,,,,,,,,,,,,,,,,,,,,,,,,,,,,,,,,,,,,,,,,,,,,,,,,,,,,,,,,,,,,,,,,,,,,,,,,,,,,,,,,,,,,,,,,,,,,,,,,,,,,,,,,,,,,,,,,,,,,,,,,,,,,,,,,,,,,,,,,,,,,,,,,,,,,,,,,,,,,,,,,,,,,,,,,,,,,,,,,,,,,,,,,,,,,,,,,,,,,,,,,,,,,,,,,,,,,,,,,,,,,,,,,,,,,,,,,,,,,,,,,,,,,,,,,,,,,,,,,,,,,,,,,,,,,,,,,,,,,,,,,,,,,,,,,,,,,,,,,,,,,,,,,,,,,,,,,,,,,,,,,,,,,,,,,,,,,,,,,,,,,,,,,,,,,,,,,,,,,,,,,,,,,,,,,,,,,,,,,,,,,,,,,,,,,,,,,,,,,,,,,,,,,,,,,,,,,,,,,,,,,,,,,,,,,,,,,,,,,,,,,,,,,,,,,,,,,,,,,,,,,,
Ahmedabad Prep Kitchen,410150,134154025,Normal,,505,904,2026-07-05,4495,0,Active,Unpaid,,4495,0,0,0,0.00,0,0,0,0,2026-07-05 22:43:58,2026-07-05 22:43:58,1139315,Supplier,,Surat,Ahmedabad Prep Kitchen,Gujarat,,"Ason vista, Sanidhya, Ahmedabad, Gujarat 380058",9510355182,,,,,B.k Aegro,Supplier,,Gujarat,,,,0,,,,,1,,,0,,"[{""prev_price"":""0.000000"",""item_id"":""46286001"",""itemname"":""Iceberg"",""qty"":1,""price"":180,""amount"":180,""discount"":""0.000"",""lbl_unit"":""Kg"",""unit"":""5790692"",""description"":"""",""hsn_code"":"""",""weighted_price"":180,""invoice_date"":""2026-07-05"",""sap_code"":"""",""purchase_doc_number"":"""",""purchase_invoice_number"":"""",""tax1"":0,""tax2"":0,""tax3"":0,""tax1_amount"":0,""tax2_amount"":0,""tax3_amount"":0,""expiry_date"":"""",""manufacturing_date"":"""",""sap_group_master_id"":0,""category"":""Food"",""rmconv_qty"":""1000"",""rmconv_qty_total"":1000,""rmconv_unit_id"":""5790698"",""rmconv_unit"":""GM"",""yield_qty"":""0"",""discount_application"":""B"",""container_weight"":0,""net_weight"":""1"",""gross_weight"":0,""tax_type"":0,""excise_duty"":0,""tax1_label"":""CGST"",""tax2_label"":""SGST"",""tax3_label"":""IGST""},{""prev_price"":""0.000000"",""item_id"":""46286275"",""itemname"":""Cherry Tomato"",""qty"":0.5,""price"":250,""amount"":125,""discount"":""0.000"",""lbl_unit"":""Kg"",""unit"":""5790692"",""description"":"""",""hsn_code"":"""",""weighted_price"":250,""invoice_date"":""2026-07-05"",""sap_code"":"""",""purchase_doc_number"":"""",""purchase_invoice_number"":"""",""tax1"":0,""tax2"":0,""tax3"":0,""tax1_amount"":0,""tax2_amount"":0,""tax3_amount"":0,""expiry_date"":"""",""manufacturing_date"":"""",""sap_group_master_id"":0,""category"":""Food"",""rmconv_qty"":""1000"",""rmconv_qty_total"":500,""rmconv_unit_id"":""5790698"",""rmconv_unit"":""GM"",""yield_qty"":""0"",""discount_application"":""B"",""container_weight"":0,""net_weight"":""0.5"",""gross_weight"":0,""tax_type"":0,""excise_duty"":0,""tax1_label"":""CGST"",""tax2_label"":""SGST"",""tax3_label"":""IGST""},{""prev_price"":""0.000000"",""item_id"":""46286262"",""itemname"":""Lemon"",""qty"":2,""price"":100,""amount"":200,""discount"":""0.000"",""lbl_unit"":""Kg"",""unit"":""5790692"",""description"":"""",""hsn_code"":"""",""weighted_price"":100,""invoice_date"":""2026-07-05"",""sap_code"":"""",""purchase_doc_number"":"""",""purchase_invoice_number"":"""",""tax1"":0,""tax2"":0,""tax3"":0,""tax1_amount"":0,""tax2_amount"":0,""tax3_amount"":0,""expiry_date"":"""",""manufacturing_date"":"""",""sap_group_master_id"":0,""category"":""Food"",""yield_qty"":""0"",""discount_application"":""B"",""container_weight"":0,""net_weight"":""2"",""gross_weight"":0,""tax_type"":0,""excise_duty"":0,""tax1_label"":""CGST"",""tax2_label"":""SGST"",""tax3_label"":""IGST""},{""prev_price"":""0.000000"",""item_id"":""46453239"",""itemname"":""W Skin Pineapple"",""qty"":3,""price"":110,""amount"":330,""discount"":""0.000"",""lbl_unit"":""Piece"",""unit"":""5790691"",""description"":"""",""hsn_code"":"""",""weighted_price"":110,""invoice_date"":""2026-07-05"",""sap_code"":"""",""purchase_doc_number"":"""",""purchase_invoice_number"":"""",""tax1"":0,""tax2"":0,""tax3"":0,""tax1_amount"":0,""tax2_amount"":0,""tax3_amount"":0,""expiry_date"":"""",""manufacturing_date"":"""",""sap_group_master_id"":0,""category"":""Food"",""yield_qty"":""0"",""discount_application"":""B"",""container_weight"":0,""net_weight"":""3"",""gross_weight"":0,""tax_type"":0,""excise_duty"":0,""tax1_label"":""CGST"",""tax2_label"":""SGST"",""tax3_label"":""IGST""},{""prev_price"":""0.000000"",""item_id"":""46286213"",""itemname"":""Green Bell Pepper"",""qty"":2,""price"":90,""amount"":180,""discount"":""0.000"",""lbl_unit"":""Kg"",""unit"":""5790692"",""description"":"""",""hsn_code"":"""",""weighted_price"":90,""invoice_date"":""2026-07-05"",""sap_code"":"""",""purchase_doc_number"":"""",""purchase_invoice_number"":"""",""tax1"":0,""tax2"":0,""tax3"":0,""tax1_amount"":0,""tax2_amount"":0,""tax3_amount"":0,""expiry_date"":"""",""manufacturing_date"":"""",""sap_group_master_id"":0,""category"":""Food"",""rmconv_qty"":""1000"",""rmconv_qty_total"":2000,""rmconv_unit_id"":""5790698"",""rmconv_unit"":""GM"",""yield_qty"":""0"",""discount_application"":""B"",""container_weight"":0,""net_weight"":""2"",""gross_weight"":0,""tax_type"":0,""excise_duty"":0,""tax1_label"":""CGST"",""tax2_label"":""SGST"",""tax3_label"":""IGST""},{""prev_price"":""0.000000"",""item_id"":""46286381"",""itemname"":""Watermelon"",""qty"":2,""price"":90,""amount"":180,""discount"":""0.000"",""lbl_unit"":""Kg"",""unit"":""5790692"",""description"":"""",""hsn_code"":"""",""weighted_price"":90,""invoice_date"":""2026-07-05"",""sap_code"":"""",""purchase_doc_number"":"""",""purchase_invoice_number"":"""",""tax1"":0,""tax2"":0,""tax3"":0,""tax1_amount"":0,""tax2_amount"":0,""tax3_amount"":0,""expiry_date"":"""",""manufacturing_date"":"""",""sap_group_master_id"":0,""category"":""Food"",""yield_qty"":""0"",""discount_application"":""B"",""container_weight"":0,""net_weight"":""2"",""gross_weight"":0,""tax_type"":0,""excise_duty"":0,""tax1_label"":""CGST"",""tax2_label"":""SGST"",""tax3_label"":""IGST""},{""prev_price"":""0.000000"",""item_id"":""46286277"",""itemname"":""Basil"",""qty"":2,""price"":150,""amount"":300,""discount"":""0.000"",""lbl_unit"":""Kg"",""unit"":""5790692"",""description"":"""",""hsn_code"":"""",""weighted_price"":150,""invoice_date"":""2026-07-05"",""sap_code"":"""",""purchase_doc_number"":"""",""purchase_invoice_number"":"""",""tax1"":0,""tax2"":0,""tax3"":0,""tax1_amount"":0,""tax2_amount"":0,""tax3_amount"":0,""expiry_date"":"""",""manufacturing_date"":"""",""sap_group_master_id"":0,""category"":""Food"",""rmconv_qty"":""1000"",""rmconv_qty_total"":2000,""rmconv_unit_id"":""5790698"",""rmconv_unit"":""GM"",""yield_qty"":""0"",""discount_application"":""B"",""container_weight"":0,""net_weight"":""2"",""gross_weight"":0,""tax_type"":0,""excise_duty"":0,""tax1_label"":""CGST"",""tax2_label"":""SGST"",""tax3_label"":""IGST""},{""prev_price"":""0.000000"",""item_id"":""46453245"",""itemname"":""Big Clove Garlic"",""qty"":3,""price"":240,""amount"":720,""discount"":""0.000"",""lbl_unit"":""Kg"",""unit"":""5790692"",""description"":"""",""hsn_code"":"""",""weighted_price"":240,""invoice_date"":""2026-07-05"",""sap_code"":"""",""purchase_doc_number"":"""",""purchase_invoice_number"":"""",""tax1"":0,""tax2"":0,""tax3"":0,""tax1_amount"":0,""tax2_amount"":0,""tax3_amount"":0,""expiry_date"":"""",""manufacturing_date"":"""",""sap_group_master_id"":0,""category"":""Food"",""rmconv_qty"":""1000"",""rmconv_qty_total"":3000,""rmconv_unit_id"":""5790698"",""rmconv_unit"":""GM"",""yield_qty"":""0"",""discount_application"":""B"",""container_weight"":0,""net_weight"":""3"",""gross_weight"":0,""tax_type"":0,""excise_duty"":0,""tax1_label"":""CGST"",""tax2_label"":""SGST"",""tax3_label"":""IGST""},{""prev_price"":""0.000000"",""item_id"":""46286260"",""itemname"":""Button Mushrooms"",""qty"":2,""price"":200,""amount"":400,""discount"":""0.000"",""lbl_unit"":""Kg"",""unit"":""5790692"",""description"":"""",""hsn_code"":"""",""weighted_price"":200,""invoice_date"":""2026-07-05"",""sap_code"":"""",""purchase_doc_number"":"""",""purchase_invoice_number"":"""",""tax1"":0,""tax2"":0,""tax3"":0,""tax1_amount"":0,""tax2_amount"":0,""tax3_amount"":0,""expiry_date"":"""",""manufacturing_date"":"""",""sap_group_master_id"":0,""category"":""Food"",""rmconv_qty"":""1000"",""rmconv_qty_total"":2000,""rmconv_unit_id"":""5790698"",""rmconv_unit"":""GM"",""yield_qty"":""0"",""discount_application"":""B"",""container_weight"":0,""net_weight"":""2"",""gross_weight"":0,""tax_type"":0,""excise_duty"":0,""tax1_label"":""CGST"",""tax2_label"":""SGST"",""tax3_label"":""IGST""},{""prev_price"":""0.000000"",""item_id"":""46286259"",""itemname"":""Rocket /arugula Leaves"",""qty"":0.5,""price"":1400,""amount"":700,""discount"":""0.000"",""lbl_unit"":""Kg"",""unit"":""5790692"",""description"":"""",""hsn_code"":"""",""weighted_price"":1400,""invoice_date"":""2026-07-05"",""sap_code"":"""",""purchase_doc_number"":"""",""purchase_invoice_number"":"""",""tax1"":0,""tax2"":0,""tax3"":0,""tax1_amount"":0,""tax2_amount"":0,""tax3_amount"":0,""expiry_date"":"""",""manufacturing_date"":"""",""sap_group_master_id"":0,""category"":""Food"",""rmconv_qty"":""1000"",""rmconv_qty_total"":500,""rmconv_unit_id"":""5790698"",""rmconv_unit"":""GM"",""yield_qty"":""0"",""discount_application"":""B"",""container_weight"":0,""net_weight"":""0.5"",""gross_weight"":0,""tax_type"":0,""excise_duty"":0,""tax1_label"":""CGST"",""tax2_label"":""SGST"",""tax3_label"":""IGST""},{""prev_price"":""0.000000"",""item_id"":""46286276"",""itemname"":""Broccoli"",""qty"":3,""price"":270,""amount"":810,""discount"":""0.000"",""lbl_unit"":""Kg"",""unit"":""5790692"",""description"":"""",""hsn_code"":"""",""weighted_price"":270,""invoice_date"":""2026-07-05"",""sap_code"":"""",""purchase_doc_number"":"""",""purchase_invoice_number"":"""",""tax1"":0,""tax2"":0,""tax3"":0,""tax1_amount"":0,""tax2_amount"":0,""tax3_amount"":0,""expiry_date"":"""",""manufacturing_date"":"""",""sap_group_master_id"":0,""category"":""Food"",""rmconv_qty"":""1000"",""rmconv_qty_total"":3000,""rmconv_unit_id"":""5790698"",""rmconv_unit"":""GM"",""yield_qty"":""0"",""discount_application"":""B"",""container_weight"":0,""net_weight"":""3"",""gross_weight"":0,""tax_type"":0,""excise_duty"":0,""tax1_label"":""CGST"",""tax2_label"":""SGST"",""tax3_label"":""IGST""},{""prev_price"":""0.000000"",""item_id"":""46286166"",""itemname"":""Spring Onion ."",""qty"":3,""price"":110,""amount"":330,""discount"":""0.000"",""lbl_unit"":""Kg"",""unit"":""5790692"",""description"":"""",""hsn_code"":"""",""weighted_price"":110,""invoice_date"":""2026-07-05"",""sap_code"":"""",""purchase_doc_number"":"""",""purchase_invoice_number"":"""",""tax1"":0,""tax2"":0,""tax3"":0,""tax1_amount"":0,""tax2_amount"":0,""tax3_amount"":0,""expiry_date"":"""",""manufacturing_date"":"""",""sap_group_master_id"":0,""category"":""Food"",""rmconv_qty"":""1000"",""rmconv_qty_total"":3000,""rmconv_unit_id"":""5790698"",""rmconv_unit"":""GM"",""yield_qty"":""0"",""discount_application"":""B"",""container_weight"":0,""net_weight"":""3"",""gross_weight"":0,""tax_type"":0,""excise_duty"":0,""tax1_label"":""CGST"",""tax2_label"":""SGST"",""tax3_label"":""IGST""},{""prev_price"":""0.000000"",""item_id"":""46286280"",""itemname"":""Mint"",""qty"":1,""price"":40,""amount"":40,""discount"":""0.000"",""lbl_unit"":""pcs"",""unit"":""6058570"",""description"":"""",""hsn_code"":"""",""weighted_price"":40,""invoice_date"":""2026-07-05"",""sap_code"":"""",""purchase_doc_number"":"""",""purchase_invoice_number"":"""",""tax1"":0,""tax2"":0,""tax3"":0,""tax1_amount"":0,""tax2_amount"":0,""tax3_amount"":0,""expiry_date"":"""",""manufacturing_date"":"""",""sap_group_master_id"":0,""category"":""Food"",""yield_qty"":""0"",""discount_application"":""B"",""container_weight"":0,""net_weight"":""1"",""gross_weight"":0,""tax_type"":0,""excise_duty"":0,""tax1_label"":""CGST"",""tax2_label"":""SGST"",""tax3_label"":""IGST""}]",[],0,0,,,[],[],,,,,,,1,,,,,,,,,,,,,,,,,,,,,,,,,,,6a4a8f34-b814-4fef-8a61-58293c008513,60.0.158.135,,,,,,,,,,,,,,,,,,,,,,,,,,,,,,,,,,,,,,,,,,,,,,,,,,,,,,,,,,,,,,,,,,,,,,,,,,,,,,,,,,,,,,,,,,,,,,,,,,,,,,,,,,,,,,,,,,,,,,,,,,,,,,,,,,,,,,,,,,,,,,,,,,,,,,,,,,,,,,,,,,,,,,,,,,,,,,,,,,,,,,,,,,,,,,,,,,,,,,,,,,,,,,,,,,,,,,,,,,,,,,,,,,,,,,,,,,,,,,,,,,,,,,,,,,,,,,,,,,,,,,,,,,,,,,,,,,,,,,,,,,,,,,,,,,,,,,,,,,,,,,,,,,,,,,,,,,,,,,,,,,,,,,,,,,,,,,,,,,,,,,,,,,,,,,,,,,,,,,,,,,,,,,,,,,,,,,,,,,,,,,,,,,,,,,,,,,,,,,,,,,,,,,,,,,,,,,,,,,,,,,,,,,,,,,,,,,,,,,,,,,,,,,,,,,,,,,,,,,,,,,,,,,,,,,,,,,,,,,,,,,,,,,,,,,,,,,,,,,,,,,,,,,,,,,,,,,,,,,,,,,,,,,,,,,,,,,,,,,,,,,,,,,,,,,,,,,,,,,,,,,,,,,,,,,,,,,,,,,,,,,,,,,,,,,,,,,,,,,,,,,,,,,,,,,,,,,,,,,,,,,,,,,,,,,,,,,,,,,,,,,,,,,,,,,,,,,,,,,,,,,,,,,,,,,,,,,,,,,,,,,,,,,,,,,,,,,,,,,,,,,,,,,,,,,,,,,
Ahmedabad Prep Kitchen,410150,133963791,Normal,,504,900,2026-07-04,1860,0,Active,Unpaid,,1860,0,0,0,0.00,0,0,0,0,2026-07-04 10:28:14,2026-07-04 10:28:14,1139315,Supplier,,Surat,Ahmedabad Prep Kitchen,Gujarat,,"Ason vista, Sanidhya, Ahmedabad, Gujarat 380058",9510355182,,,,,B.k Aegro,Supplier,,Gujarat,,,,0,,,,,1,,,0,,"[{""prev_price"":""0.000000"",""item_id"":""46285916"",""itemname"":""Lotus Roots"",""qty"":8,""price"":180,""amount"":1440,""discount"":""0.000"",""lbl_unit"":""Kg"",""unit"":""5790692"",""description"":"""",""hsn_code"":"""",""weighted_price"":180,""invoice_date"":""2026-07-04"",""sap_code"":"""",""purchase_doc_number"":"""",""purchase_invoice_number"":"""",""tax1"":0,""tax2"":0,""tax3"":0,""tax1_amount"":0,""tax2_amount"":0,""tax3_amount"":0,""expiry_date"":"""",""manufacturing_date"":"""",""sap_group_master_id"":0,""category"":""Food"",""rmconv_qty"":""1000"",""rmconv_qty_total"":8000,""rmconv_unit_id"":""5790698"",""rmconv_unit"":""GM"",""yield_qty"":""0"",""discount_application"":""B"",""container_weight"":0,""net_weight"":""8"",""gross_weight"":0,""tax_type"":0,""excise_duty"":0,""tax1_label"":""CGST"",""tax2_label"":""SGST"",""tax3_label"":""IGST""},{""prev_price"":""0.000000"",""item_id"":""46285751"",""itemname"":""Bokchoy"",""qty"":3,""price"":140,""amount"":420,""discount"":""0.000"",""lbl_unit"":""Kg"",""unit"":""5790692"",""description"":"""",""hsn_code"":"""",""weighted_price"":140,""invoice_date"":""2026-07-04"",""sap_code"":"""",""purchase_doc_number"":"""",""purchase_invoice_number"":"""",""tax1"":0,""tax2"":0,""tax3"":0,""tax1_amount"":0,""tax2_amount"":0,""tax3_amount"":0,""expiry_date"":"""",""manufacturing_date"":"""",""sap_group_master_id"":0,""category"":""Food"",""rmconv_qty"":""1000"",""rmconv_qty_total"":3000,""rmconv_unit_id"":""5790698"",""rmconv_unit"":""GM"",""yield_qty"":""0"",""discount_application"":""B"",""container_weight"":0,""net_weight"":""3"",""gross_weight"":0,""tax_type"":0,""excise_duty"":0,""tax1_label"":""CGST"",""tax2_label"":""SGST"",""tax3_label"":""IGST""}]",[],0,0,,,[],[],,,,,,,1,,,,,,,,,,,,,,,,,,,,,,,,,,,,,6a4892b2-8e10-4b0c-947b-123a3c009e87,60.0.139.17,,,,,,,,,,,,,,,,,,,,,,,,,,,,,,,,,,,,,,,,,,,,,,,,,,,,,,,,,,,,,,,,,,,,,,,,,,,,,,,,,,,,,,,,,,,,,,,,,,,,,,,,,,,,,,,,,,,,,,,,,,,,,,,,,,,,,,,,,,,,,,,,,,,,,,,,,,,,,,,,,,,,,,,,,,,,,,,,,,,,,,,,,,,,,,,,,,,,,,,,,,,,,,,,,,,,,,,,,,,,,,,,,,,,,,,,,,,,,,,,,,,,,,,,,,,,,,,,,,,,,,,,,,,,,,,,,,,,,,,,,,,,,,,,,,,,,,,,,,,,,,,,,,,,,,,,,,,,,,,,,,,,,,,,,,,,,,,,,,,,,,,,,,,,,,,,,,,,,,,,,,,,,,,,,,,,,,,,,,,,,,,,,,,,,,,,,,,,,,,,,,,,,,,,,,,,,,,,,,,,,,,,,,,,,,,,,,,,,,,,,,,,,,,,,,,,,,,,,,,,,,,,,,,,,,,,,,,,,,,,,,,,,,,,,,,,,,,,,,,,,,,,,,,,,,,,,,,,,,,,,,,,,,,,,,,,,,,,,,,,,,,,,,,,,,,,,,,,,,,,,,,,,,,,,,,,,,,,,,,,,,,,,,,,,,,,,,,,,,,,,,,,,,,,,,,,,,,,,,,,,,,,,,,,,,,,,,,,,,,,,,,,,,,,,,,,,,,,,,,,,,,,,,,,,,,,,,,,,,,,,,,,,,,,,,,,,,,,,,,,,,,,,,,,,,,,
Ahmedabad Prep Kitchen,410150,133963729,Normal,,503,899,2026-07-04,2240,0,Active,Unpaid,,2240,0,0,0,0.00,0,0,0,0,2026-07-04 10:27:19,2026-07-04 10:27:19,1139315,Supplier,,Surat,Ahmedabad Prep Kitchen,Gujarat,,"Ason vista, Sanidhya, Ahmedabad, Gujarat 380058",9510355182,,,,,B.k Aegro,Supplier,,Gujarat,,,,0,,,,,1,,,0,,"[{""prev_price"":""0.000000"",""item_id"":""46286260"",""itemname"":""Button Mushrooms"",""qty"":2,""price"":200,""amount"":400,""discount"":""0.000"",""lbl_unit"":""Kg"",""unit"":""5790692"",""description"":"""",""hsn_code"":"""",""weighted_price"":200,""invoice_date"":""2026-07-04"",""sap_code"":"""",""purchase_doc_number"":"""",""purchase_invoice_number"":"""",""tax1"":0,""tax2"":0,""tax3"":0,""tax1_amount"":0,""tax2_amount"":0,""tax3_amount"":0,""expiry_date"":"""",""manufacturing_date"":"""",""sap_group_master_id"":0,""category"":""Food"",""rmconv_qty"":""1000"",""rmconv_qty_total"":2000,""rmconv_unit_id"":""5790698"",""rmconv_unit"":""GM"",""yield_qty"":""0"",""discount_application"":""B"",""container_weight"":0,""net_weight"":""2"",""gross_weight"":0,""tax_type"":0,""excise_duty"":0,""tax1_label"":""CGST"",""tax2_label"":""SGST"",""tax3_label"":""IGST""},{""prev_price"":""0.000000"",""item_id"":""46285750"",""itemname"":""Coriander"",""qty"":1,""price"":200,""amount"":200,""discount"":""0.000"",""lbl_unit"":""Kg"",""unit"":""5790692"",""description"":"""",""hsn_code"":"""",""weighted_price"":200,""invoice_date"":""2026-07-04"",""sap_code"":"""",""purchase_doc_number"":"""",""purchase_invoice_number"":"""",""tax1"":0,""tax2"":0,""tax3"":0,""tax1_amount"":0,""tax2_amount"":0,""tax3_amount"":0,""expiry_date"":"""",""manufacturing_date"":"""",""sap_group_master_id"":0,""category"":""Food"",""rmconv_qty"":""1000"",""rmconv_qty_total"":1000,""rmconv_unit_id"":""5790698"",""rmconv_unit"":""GM"",""yield_qty"":""0"",""discount_application"":""B"",""container_weight"":0,""net_weight"":""1"",""gross_weight"":0,""tax_type"":0,""excise_duty"":0,""tax1_label"":""CGST"",""tax2_label"":""SGST"",""tax3_label"":""IGST""},{""prev_price"":""0.000000"",""item_id"":""46453261"",""itemname"":""Green Lemon"",""qty"":1,""price"":100,""amount"":100,""discount"":""0.000"",""lbl_unit"":""Kg"",""unit"":""5790692"",""description"":"""",""hsn_code"":"""",""weighted_price"":100,""invoice_date"":""2026-07-04"",""sap_code"":"""",""purchase_doc_number"":"""",""purchase_invoice_number"":"""",""tax1"":0,""tax2"":0,""tax3"":0,""tax1_amount"":0,""tax2_amount"":0,""tax3_amount"":0,""expiry_date"":"""",""manufacturing_date"":"""",""sap_group_master_id"":0,""category"":""Food"",""rmconv_qty"":""1000"",""rmconv_qty_total"":1000,""rmconv_unit_id"":""5790698"",""rmconv_unit"":""GM"",""yield_qty"":""0"",""discount_application"":""B"",""container_weight"":0,""net_weight"":""1"",""gross_weight"":0,""tax_type"":0,""excise_duty"":0,""tax1_label"":""CGST"",""tax2_label"":""SGST"",""tax3_label"":""IGST""},{""prev_price"":""0.000000"",""item_id"":""46286001"",""itemname"":""Iceberg"",""qty"":1,""price"":200,""amount"":200,""discount"":""0.000"",""lbl_unit"":""Kg"",""unit"":""5790692"",""description"":"""",""hsn_code"":"""",""weighted_price"":200,""invoice_date"":""2026-07-04"",""sap_code"":"""",""purchase_doc_number"":"""",""purchase_invoice_number"":"""",""tax1"":0,""tax2"":0,""tax3"":0,""tax1_amount"":0,""tax2_amount"":0,""tax3_amount"":0,""expiry_date"":"""",""manufacturing_date"":"""",""sap_group_master_id"":0,""category"":""Food"",""rmconv_qty"":""1000"",""rmconv_qty_total"":1000,""rmconv_unit_id"":""5790698"",""rmconv_unit"":""GM"",""yield_qty"":""0"",""discount_application"":""B"",""container_weight"":0,""net_weight"":""1"",""gross_weight"":0,""tax_type"":0,""excise_duty"":0,""tax1_label"":""CGST"",""tax2_label"":""SGST"",""tax3_label"":""IGST""},{""prev_price"":""0.000000"",""item_id"":""46453239"",""itemname"":""W Skin Pineapple"",""qty"":4,""price"":110,""amount"":440,""discount"":""0.000"",""lbl_unit"":""Piece"",""unit"":""5790691"",""description"":"""",""hsn_code"":"""",""weighted_price"":110,""invoice_date"":""2026-07-04"",""sap_code"":"""",""purchase_doc_number"":"""",""purchase_invoice_number"":"""",""tax1"":0,""tax2"":0,""tax3"":0,""tax1_amount"":0,""tax2_amount"":0,""tax3_amount"":0,""expiry_date"":"""",""manufacturing_date"":"""",""sap_group_master_id"":0,""category"":""Food"",""yield_qty"":""0"",""discount_application"":""B"",""container_weight"":0,""net_weight"":""4"",""gross_weight"":0,""tax_type"":0,""excise_duty"":0,""tax1_label"":""CGST"",""tax2_label"":""SGST"",""tax3_label"":""IGST""},{""prev_price"":""0.000000"",""item_id"":""46286213"",""itemname"":""Green Bell Pepper"",""qty"":3,""price"":90,""amount"":270,""discount"":""0.000"",""lbl_unit"":""Kg"",""unit"":""5790692"",""description"":"""",""hsn_code"":"""",""weighted_price"":90,""invoice_date"":""2026-07-04"",""sap_code"":"""",""purchase_doc_number"":"""",""purchase_invoice_number"":"""",""tax1"":0,""tax2"":0,""tax3"":0,""tax1_amount"":0,""tax2_amount"":0,""tax3_amount"":0,""expiry_date"":"""",""manufacturing_date"":"""",""sap_group_master_id"":0,""category"":""Food"",""rmconv_qty"":""1000"",""rmconv_qty_total"":3000,""rmconv_unit_id"":""5790698"",""rmconv_unit"":""GM"",""yield_qty"":""0"",""discount_application"":""B"",""container_weight"":0,""net_weight"":""3"",""gross_weight"":0,""tax_type"":0,""excise_duty"":0,""tax1_label"":""CGST"",""tax2_label"":""SGST"",""tax3_label"":""IGST""},{""prev_price"":""0.000000"",""item_id"":""46286277"",""itemname"":""Basil"",""qty"":1,""price"":150,""amount"":150,""discount"":""0.000"",""lbl_unit"":""Kg"",""unit"":""5790692"",""description"":"""",""hsn_code"":"""",""weighted_price"":150,""invoice_date"":""2026-07-04"",""sap_code"":"""",""purchase_doc_number"":"""",""purchase_invoice_number"":"""",""tax1"":0,""tax2"":0,""tax3"":0,""tax1_amount"":0,""tax2_amount"":0,""tax3_amount"":0,""expiry_date"":"""",""manufacturing_date"":"""",""sap_group_master_id"":0,""category"":""Food"",""rmconv_qty"":""1000"",""rmconv_qty_total"":1000,""rmconv_unit_id"":""5790698"",""rmconv_unit"":""GM"",""yield_qty"":""0"",""discount_application"":""B"",""container_weight"":0,""net_weight"":""1"",""gross_weight"":0,""tax_type"":0,""excise_duty"":0,""tax1_label"":""CGST"",""tax2_label"":""SGST"",""tax3_label"":""IGST""},{""prev_price"":""0.000000"",""item_id"":""46453245"",""itemname"":""Big Clove Garlic"",""qty"":2,""price"":240,""amount"":480,""discount"":""0.000"",""lbl_unit"":""Kg"",""unit"":""5790692"",""description"":"""",""hsn_code"":"""",""weighted_price"":240,""invoice_date"":""2026-07-04"",""sap_code"":"""",""purchase_doc_number"":"""",""purchase_invoice_number"":"""",""tax1"":0,""tax2"":0,""tax3"":0,""tax1_amount"":0,""tax2_amount"":0,""tax3_amount"":0,""expiry_date"":"""",""manufacturing_date"":"""",""sap_group_master_id"":0,""category"":""Food"",""rmconv_qty"":""1000"",""rmconv_qty_total"":2000,""rmconv_unit_id"":""5790698"",""rmconv_unit"":""GM"",""yield_qty"":""0"",""discount_application"":""B"",""container_weight"":0,""net_weight"":""2"",""gross_weight"":0,""tax_type"":0,""excise_duty"":0,""tax1_label"":""CGST"",""tax2_label"":""SGST"",""tax3_label"":""IGST""}]",[],0,0,,,[],[],,,,,,,1,,,,,,,,,,,,,,,,,,,,,,,,,,,,,,,6a489235-5b28-48c3-94c0-09023c008b11,60.0.139.17,,,,,,,,,,,,,,,,,,,,,,,,,,,,,,,,,,,,,,,,,,,,,,,,,,,,,,,,,,,,,,,,,,,,,,,,,,,,,,,,,,,,,,,,,,,,,,,,,,,,,,,,,,,,,,,,,,,,,,,,,,,,,,,,,,,,,,,,,,,,,,,,,,,,,,,,,,,,,,,,,,,,,,,,,,,,,,,,,,,,,,,,,,,,,,,,,,,,,,,,,,,,,,,,,,,,,,,,,,,,,,,,,,,,,,,,,,,,,,,,,,,,,,,,,,,,,,,,,,,,,,,,,,,,,,,,,,,,,,,,,,,,,,,,,,,,,,,,,,,,,,,,,,,,,,,,,,,,,,,,,,,,,,,,,,,,,,,,,,,,,,,,,,,,,,,,,,,,,,,,,,,,,,,,,,,,,,,,,,,,,,,,,,,,,,,,,,,,,,,,,,,,,,,,,,,,,,,,,,,,,,,,,,,,,,,,,,,,,,,,,,,,,,,,,,,,,,,,,,,,,,,,,,,,,,,,,,,,,,,,,,,,,,,,,,,,,,,,,,,,,,,,,,,,,,,,,,,,,,,,,,,,,,,,,,,,,,,,,,,,,,,,,,,,,,,,,,,,,,,,,,,,,,,,,,,,,,,,,,,,,,,,,,,,,,,,,,,,,,,,,,,,,,,,,,,,,,,,,,,,,,,,,,,,,,,,,,,,,,,,,,,,,,,,,,,,,,,,,,,,,,,,,,,,,,,,,,,,,,,,,,,,,,,,,,,,,,,,,,,,,,,,,,,,,,
Ahmedabad Prep Kitchen,410150,133963518,Normal,,502,INV-898,2026-07-04,9140,0,Active,Unpaid,,9140,0,0,0,0.00,0,0,0,0,2026-07-04 10:23:48,2026-07-04 10:25:14,1139315,Supplier,,Surat,Ahmedabad Prep Kitchen,Gujarat,,"Ason vista, Sanidhya, Ahmedabad, Gujarat 380058",9510355182,,,,,B.k Aegro,Supplier,,Gujarat,,,,0,,,,,1,,,0,,"[{""prev_price"":""180.000000"",""item_id"":""46286174"",""itemname"":""Lemon Grass"",""qty"":0.5,""price"":180,""amount"":90,""discount"":""0.000"",""lbl_unit"":""Kg"",""unit"":""5790692"",""description"":"""",""hsn_code"":"""",""weighted_price"":180,""invoice_date"":""2026-07-04"",""sap_code"":"""",""purchase_doc_number"":"""",""purchase_invoice_number"":"""",""tax1"":0,""tax2"":0,""tax3"":0,""tax1_amount"":0,""tax2_amount"":0,""tax3_amount"":0,""expiry_date"":"""",""manufacturing_date"":"""",""sap_group_master_id"":0,""category"":""Food"",""rmconv_qty"":""1000"",""rmconv_qty_total"":500,""rmconv_unit_id"":""5790698"",""rmconv_unit"":""GM"",""yield_qty"":""0"",""discount_application"":""B"",""container_weight"":0,""net_weight"":""0.5"",""gross_weight"":""0.5"",""tax_type"":0,""excise_duty"":0,""tax1_label"":""CGST"",""tax2_label"":""SGST"",""tax3_label"":""IGST""},{""prev_price"":""200.000000"",""item_id"":""46286006"",""itemname"":""Romaine"",""qty"":0.5,""price"":200,""amount"":100,""discount"":""0.000"",""lbl_unit"":""Kg"",""unit"":""5790692"",""description"":"""",""hsn_code"":"""",""weighted_price"":200,""invoice_date"":""2026-07-04"",""sap_code"":"""",""purchase_doc_number"":"""",""purchase_invoice_number"":"""",""tax1"":0,""tax2"":0,""tax3"":0,""tax1_amount"":0,""tax2_amount"":0,""tax3_amount"":0,""expiry_date"":"""",""manufacturing_date"":"""",""sap_group_master_id"":0,""category"":""Food"",""rmconv_qty"":""1000"",""rmconv_qty_total"":500,""rmconv_unit_id"":""5790698"",""rmconv_unit"":""GM"",""yield_qty"":""0"",""discount_application"":""B"",""container_weight"":0,""net_weight"":""0.5"",""gross_weight"":""0.5"",""tax_type"":0,""excise_duty"":0,""tax1_label"":""CGST"",""tax2_label"":""SGST"",""tax3_label"":""IGST""},{""prev_price"":""100.000000"",""item_id"":""46286262"",""itemname"":""Lemon"",""qty"":2,""price"":100,""amount"":200,""discount"":""0.000"",""lbl_unit"":""Kg"",""unit"":""5790692"",""description"":"""",""hsn_code"":"""",""weighted_price"":100,""invoice_date"":""2026-07-04"",""sap_code"":"""",""purchase_doc_number"":"""",""purchase_invoice_number"":"""",""tax1"":0,""tax2"":0,""tax3"":0,""tax1_amount"":0,""tax2_amount"":0,""tax3_amount"":0,""expiry_date"":"""",""manufacturing_date"":"""",""sap_group_master_id"":0,""category"":""Food"",""yield_qty"":""0"",""discount_application"":""B"",""container_weight"":0,""net_weight"":""2"",""gross_weight"":""2"",""tax_type"":0,""excise_duty"":0,""tax1_label"":""CGST"",""tax2_label"":""SGST"",""tax3_label"":""IGST""},{""prev_price"":""110.000000"",""item_id"":""46453239"",""itemname"":""W Skin Pineapple"",""qty"":4,""price"":110,""amount"":440,""discount"":""0.000"",""lbl_unit"":""Piece"",""unit"":""5790691"",""description"":"""",""hsn_code"":"""",""weighted_price"":110,""invoice_date"":""2026-07-04"",""sap_code"":"""",""purchase_doc_number"":"""",""purchase_invoice_number"":"""",""tax1"":0,""tax2"":0,""tax3"":0,""tax1_amount"":0,""tax2_amount"":0,""tax3_amount"":0,""expiry_date"":"""",""manufacturing_date"":"""",""sap_group_master_id"":0,""category"":""Food"",""yield_qty"":""0"",""discount_application"":""B"",""container_weight"":0,""net_weight"":""4"",""gross_weight"":""4"",""tax_type"":0,""excise_duty"":0,""tax1_label"":""CGST"",""tax2_label"":""SGST"",""tax3_label"":""IGST""},{""prev_price"":""1400.000000"",""item_id"":""46286144"",""itemname"":""Red Chilli"",""qty"":1.25,""price"":1400,""amount"":1750,""discount"":""0.000"",""lbl_unit"":""Kg"",""unit"":""5790692"",""description"":"""",""hsn_code"":"""",""weighted_price"":1400,""invoice_date"":""2026-07-04"",""sap_code"":"""",""purchase_doc_number"":"""",""purchase_invoice_number"":"""",""tax1"":0,""tax2"":0,""tax3"":0,""tax1_amount"":0,""tax2_amount"":0,""tax3_amount"":0,""expiry_date"":"""",""manufacturing_date"":"""",""sap_group_master_id"":0,""category"":""Food"",""rmconv_qty"":""1000"",""rmconv_qty_total"":1250,""rmconv_unit_id"":""5790698"",""rmconv_unit"":""GM"",""yield_qty"":""0"",""discount_application"":""B"",""container_weight"":0,""net_weight"":""1.25"",""gross_weight"":""1.25"",""tax_type"":0,""excise_duty"":0,""tax1_label"":""CGST"",""tax2_label"":""SGST"",""tax3_label"":""IGST""},{""prev_price"":""90.000000"",""item_id"":""46286213"",""itemname"":""Green Bell Pepper"",""qty"":3,""price"":90,""amount"":270,""discount"":""0.000"",""lbl_unit"":""Kg"",""unit"":""5790692"",""description"":"""",""hsn_code"":"""",""weighted_price"":90,""invoice_date"":""2026-07-04"",""sap_code"":"""",""purchase_doc_number"":"""",""purchase_invoice_number"":"""",""tax1"":0,""tax2"":0,""tax3"":0,""tax1_amount"":0,""tax2_amount"":0,""tax3_amount"":0,""expiry_date"":"""",""manufacturing_date"":"""",""sap_group_master_id"":0,""category"":""Food"",""rmconv_qty"":""1000"",""rmconv_qty_total"":3000,""rmconv_unit_id"":""5790698"",""rmconv_unit"":""GM"",""yield_qty"":""0"",""discount_application"":""B"",""container_weight"":0,""net_weight"":""3"",""gross_weight"":""3"",""tax_type"":0,""excise_duty"":0,""tax1_label"":""CGST"",""tax2_label"":""SGST"",""tax3_label"":""IGST""},{""prev_price"":""150.000000"",""item_id"":""46286277"",""itemname"":""Basil"",""qty"":1,""price"":150,""amount"":150,""discount"":""0.000"",""lbl_unit"":""Kg"",""unit"":""5790692"",""description"":"""",""hsn_code"":"""",""weighted_price"":150,""invoice_date"":""2026-07-04"",""sap_code"":"""",""purchase_doc_number"":"""",""purchase_invoice_number"":"""",""tax1"":0,""tax2"":0,""tax3"":0,""tax1_amount"":0,""tax2_amount"":0,""tax3_amount"":0,""expiry_date"":"""",""manufacturing_date"":"""",""sap_group_master_id"":0,""category"":""Food"",""rmconv_qty"":""1000"",""rmconv_qty_total"":1000,""rmconv_unit_id"":""5790698"",""rmconv_unit"":""GM"",""yield_qty"":""0"",""discount_application"":""B"",""container_weight"":0,""net_weight"":""1"",""gross_weight"":""1"",""tax_type"":0,""excise_duty"":0,""tax1_label"":""CGST"",""tax2_label"":""SGST"",""tax3_label"":""IGST""},{""prev_price"":""110.000000"",""item_id"":""46286281"",""itemname"":""Pineapple"",""qty"":1,""price"":110,""amount"":110,""discount"":""0.000"",""lbl_unit"":""pcs"",""unit"":""6058570"",""description"":"""",""hsn_code"":"""",""weighted_price"":110,""invoice_date"":""2026-07-04"",""sap_code"":"""",""purchase_doc_number"":"""",""purchase_invoice_number"":"""",""tax1"":0,""tax2"":0,""tax3"":0,""tax1_amount"":0,""tax2_amount"":0,""tax3_amount"":0,""expiry_date"":"""",""manufacturing_date"":"""",""sap_group_master_id"":0,""category"":""Food"",""yield_qty"":""0"",""discount_application"":""B"",""container_weight"":0,""net_weight"":""1"",""gross_weight"":""1"",""tax_type"":0,""excise_duty"":0,""tax1_label"":""CGST"",""tax2_label"":""SGST"",""tax3_label"":""IGST""},{""prev_price"":""240.000000"",""item_id"":""46453245"",""itemname"":""Big Clove Garlic"",""qty"":3,""price"":240,""amount"":720,""discount"":""0.000"",""lbl_unit"":""Kg"",""unit"":""5790692"",""description"":"""",""hsn_code"":"""",""weighted_price"":240,""invoice_date"":""2026-07-04"",""sap_code"":"""",""purchase_doc_number"":"""",""purchase_invoice_number"":"""",""tax1"":0,""tax2"":0,""tax3"":0,""tax1_amount"":0,""tax2_amount"":0,""tax3_amount"":0,""expiry_date"":"""",""manufacturing_date"":"""",""sap_group_master_id"":0,""category"":""Food"",""rmconv_qty"":""1000"",""rmconv_qty_total"":3000,""rmconv_unit_id"":""5790698"",""rmconv_unit"":""GM"",""yield_qty"":""0"",""discount_application"":""B"",""container_weight"":0,""net_weight"":""3"",""gross_weight"":""3"",""tax_type"":0,""excise_duty"":0,""tax1_label"":""CGST"",""tax2_label"":""SGST"",""tax3_label"":""IGST""},{""prev_price"":""200.000000"",""item_id"":""46286260"",""itemname"":""Button Mushrooms"",""qty"":3,""price"":200,""amount"":600,""discount"":""0.000"",""lbl_unit"":""Kg"",""unit"":""5790692"",""description"":"""",""hsn_code"":"""",""weighted_price"":200,""invoice_date"":""2026-07-04"",""sap_code"":"""",""purchase_doc_number"":"""",""purchase_invoice_number"":"""",""tax1"":0,""tax2"":0,""tax3"":0,""tax1_amount"":0,""tax2_amount"":0,""tax3_amount"":0,""expiry_date"":"""",""manufacturing_date"":"""",""sap_group_master_id"":0,""category"":""Food"",""rmconv_qty"":""1000"",""rmconv_qty_total"":3000,""rmconv_unit_id"":""5790698"",""rmconv_unit"":""GM"",""yield_qty"":""0"",""discount_application"":""B"",""container_weight"":0,""net_weight"":""3"",""gross_weight"":""3"",""tax_type"":0,""excise_duty"":0,""tax1_label"":""CGST"",""tax2_label"":""SGST"",""tax3_label"":""IGST""},{""prev_price"":""200.000000"",""item_id"":""46286469"",""itemname"":""Grapefruit"",""qty"":2,""price"":200,""amount"":400,""discount"":""0.000"",""lbl_unit"":""Pcs."",""unit"":""6058452"",""description"":"""",""hsn_code"":"""",""weighted_price"":200,""invoice_date"":""2026-07-04"",""sap_code"":"""",""purchase_doc_number"":"""",""purchase_invoice_number"":"""",""tax1"":0,""tax2"":0,""tax3"":0,""tax1_amount"":0,""tax2_amount"":0,""tax3_amount"":0,""expiry_date"":"""",""manufacturing_date"":"""",""sap_group_master_id"":0,""category"":""Food"",""yield_qty"":""0"",""discount_application"":""B"",""container_weight"":0,""net_weight"":""2"",""gross_weight"":""2"",""tax_type"":0,""excise_duty"":0,""tax1_label"":""CGST"",""tax2_label"":""SGST"",""tax3_label"":""IGST""},{""prev_price"":""180.000000"",""item_id"":""46286276"",""itemname"":""Broccoli"",""qty"":5,""price"":180,""amount"":900,""discount"":""0.000"",""lbl_unit"":""Kg"",""unit"":""5790692"",""description"":"""",""hsn_code"":"""",""weighted_price"":180,""invoice_date"":""2026-07-04"",""sap_code"":"""",""purchase_doc_number"":"""",""purchase_invoice_number"":"""",""tax1"":0,""tax2"":0,""tax3"":0,""tax1_amount"":0,""tax2_amount"":0,""tax3_amount"":0,""expiry_date"":"""",""manufacturing_date"":"""",""sap_group_master_id"":0,""category"":""Food"",""rmconv_qty"":""1000"",""rmconv_qty_total"":5000,""rmconv_unit_id"":""5790698"",""rmconv_unit"":""GM"",""yield_qty"":""0"",""discount_application"":""B"",""container_weight"":0,""net_weight"":""5"",""gross_weight"":""5"",""tax_type"":0,""excise_duty"":0,""tax1_label"":""CGST"",""tax2_label"":""SGST"",""tax3_label"":""IGST""},{""prev_price"":""120.000000"",""item_id"":""46286166"",""itemname"":""Spring Onion ."",""qty"":3,""price"":120,""amount"":360,""discount"":""0.000"",""lbl_unit"":""Kg"",""unit"":""5790692"",""description"":"""",""hsn_code"":"""",""weighted_price"":120,""invoice_date"":""2026-07-04"",""sap_code"":"""",""purchase_doc_number"":"""",""purchase_invoice_number"":"""",""tax1"":0,""tax2"":0,""tax3"":0,""tax1_amount"":0,""tax2_amount"":0,""tax3_amount"":0,""expiry_date"":"""",""manufacturing_date"":"""",""sap_group_master_id"":0,""category"":""Food"",""rmconv_qty"":""1000"",""rmconv_qty_total"":3000,""rmconv_unit_id"":""5790698"",""rmconv_unit"":""GM"",""yield_qty"":""0"",""discount_application"":""B"",""container_weight"":0,""net_weight"":""3"",""gross_weight"":""3"",""tax_type"":0,""excise_duty"":0,""tax1_label"":""CGST"",""tax2_label"":""SGST"",""tax3_label"":""IGST""},{""prev_price"":""200.000000"",""item_id"":""46285750"",""itemname"":""Coriander"",""qty"":1,""price"":200,""amount"":200,""discount"":""0.000"",""lbl_unit"":""Kg"",""unit"":""5790692"",""description"":"""",""hsn_code"":"""",""weighted_price"":200,""invoice_date"":""2026-07-04"",""sap_code"":"""",""purchase_doc_number"":"""",""purchase_invoice_number"":"""",""tax1"":0,""tax2"":0,""tax3"":0,""tax1_amount"":0,""tax2_amount"":0,""tax3_amount"":0,""expiry_date"":"""",""manufacturing_date"":"""",""sap_group_master_id"":0,""category"":""Food"",""rmconv_qty"":""1000"",""rmconv_qty_total"":1000,""rmconv_unit_id"":""5790698"",""rmconv_unit"":""GM"",""yield_qty"":""0"",""discount_application"":""B"",""container_weight"":0,""net_weight"":""1"",""gross_weight"":""1"",""tax_type"":0,""excise_duty"":0,""tax1_label"":""CGST"",""tax2_label"":""SGST"",""tax3_label"":""IGST""},{""prev_price"":""0.000000"",""item_id"":""46862266"",""itemname"":""Fresh Jalepenos"",""qty"":5,""price"":550,""amount"":2750,""discount"":""0.000"",""lbl_unit"":""Kg"",""unit"":""5790692"",""description"":"""",""hsn_code"":"""",""weighted_price"":550,""invoice_date"":""2026-07-04"",""sap_code"":"""",""purchase_doc_number"":"""",""purchase_invoice_number"":"""",""tax1"":0,""tax2"":0,""tax3"":0,""tax1_amount"":0,""tax2_amount"":0,""tax3_amount"":0,""expiry_date"":"""",""manufacturing_date"":"""",""sap_group_master_id"":0,""category"":""Food"",""rmconv_qty"":""1000"",""rmconv_qty_total"":5000,""rmconv_unit_id"":""5790698"",""rmconv_unit"":""GM"",""yield_qty"":""0"",""discount_application"":""B"",""container_weight"":0,""net_weight"":""5"",""gross_weight"":0,""tax_type"":0,""excise_duty"":0,""tax1_label"":""CGST"",""tax2_label"":""SGST"",""tax3_label"":""IGST""},{""prev_price"":""0.000000"",""item_id"":""46453261"",""itemname"":""Green Lemon"",""qty"":1,""price"":100,""amount"":100,""discount"":""0.000"",""lbl_unit"":""Kg"",""unit"":""5790692"",""description"":"""",""hsn_code"":"""",""weighted_price"":100,""invoice_date"":""2026-07-04"",""sap_code"":"""",""purchase_doc_number"":"""",""purchase_invoice_number"":"""",""tax1"":0,""tax2"":0,""tax3"":0,""tax1_amount"":0,""tax2_amount"":0,""tax3_amount"":0,""expiry_date"":"""",""manufacturing_date"":"""",""sap_group_master_id"":0,""category"":""Food"",""rmconv_qty"":""1000"",""rmconv_qty_total"":1000,""rmconv_unit_id"":""5790698"",""rmconv_unit"":""GM"",""yield_qty"":""0"",""discount_application"":""B"",""container_weight"":0,""net_weight"":""1"",""gross_weight"":0,""tax_type"":0,""excise_duty"":0,""tax1_label"":""CGST"",""tax2_label"":""SGST"",""tax3_label"":""IGST""}]",[],0,0,,,[],[],,,,,,,1,,,,,,,,,,,,,,,,,,,,,,,,,,,,,,,,,6a489131-84fc-4c84-a786-76d33c009e87,6a4891fa-6b08-4c3d-8f0c-15d63c009e87,60.0.139.9,60.0.158.135,,,,,,,,,,,,,,,,,,,,,,,,,,,,,,,,,,,,,,,,,,,,,,,,,,,,,,,,,,,,,,,,,,,,,,,,,,,,,,,,,,,,,,,,,,,,,,,,,,,,,,,,,,,,,,,,,,,,,,,,,,,,,,,,,,,,,,,,,,,,,,,,,,,,,,,,,,,,,,,,,,,,,,,,,,,,,,,,,,,,,,,,,,,,,,,,,,,,,,,,,,,,,,,,,,,,,,,,,,,,,,,,,,,,,,,,,,,,,,,,,,,,,,,,,,,,,,,,,,,,,,,,,,,,,,,,,,,,,,,,,,,,,,,,,,,,,,,,,,,,,,,,,,,,,,,,,,,,,,,,,,,,,,,,,,,,,,,,,,,,,,,,,,,,,,,,,,,,,,,,,,,,,,,,,,,,,,,,,,,,,,,,,,,,,,,,,,,,,,,,,,,,,,,,,,,,,,,,,,,,,,,,,,,,,,,,,,,,,,,,,,,,,,,,,,,,,,,,,,,,,,,,,,,,,,,,,,,,,,,,,,,,,,,,,,,,,,,,,,,,,,,,,,,,,,,,,,,,,,,,,,,,,,,,,,,,,,,,,,,,,,,,,,,,,,,,,,,,,,,,,,,,,,,,,,,,,,,,,,,,,,,,,,,,,,,,,,,,,,,,,,,,,,,,,,,,,,,,,,,,,,,,,,,,,,,,,,,,,,,,,,,,,,,,,,,,,,,,,,,,,,,,,,,,,,,,,,,,,,,,,,,,,,,,,,,,,,,,,,,,,,,,,,
Ahmedabad Prep Kitchen,410150,133892401,Normal,,501,INV-897,2026-07-03,300,0,Active,Unpaid,,300,0,0,0,0.00,0,0,0,0,2026-07-03 15:27:25,2026-07-03 15:27:25,1139315,Supplier,,Surat,Ahmedabad Prep Kitchen,Gujarat,,"Ason vista, Sanidhya, Ahmedabad, Gujarat 380058",9510355182,,,,,B.k Aegro,Supplier,,Gujarat,,,,0,,,,,1,,,0,,"[{""prev_price"":""0.000000"",""item_id"":""46285751"",""itemname"":""Bokchoy"",""qty"":2,""price"":150,""amount"":300,""discount"":""0.000"",""lbl_unit"":""Kg"",""unit"":""5790692"",""description"":"""",""hsn_code"":"""",""weighted_price"":150,""invoice_date"":""2026-07-03"",""sap_code"":"""",""purchase_doc_number"":"""",""purchase_invoice_number"":"""",""tax1"":0,""tax2"":0,""tax3"":0,""tax1_amount"":0,""tax2_amount"":0,""tax3_amount"":0,""expiry_date"":"""",""manufacturing_date"":"""",""sap_group_master_id"":0,""category"":""Food"",""rmconv_qty"":""1000"",""rmconv_qty_total"":2000,""rmconv_unit_id"":""5790698"",""rmconv_unit"":""GM"",""yield_qty"":""0"",""discount_application"":""B"",""container_weight"":0,""net_weight"":""2"",""gross_weight"":0,""tax_type"":0,""excise_duty"":0,""tax1_label"":""CGST"",""tax2_label"":""SGST"",""tax3_label"":""IGST""}]",[],0,0,,,[],[],,,,,,,1,,,,,,,,,,,,,,,,,,,,,,,,,,,,,,,,,,,,,6a47876b-debc-4f6a-9671-15713c00888b,60.0.143.217,,,,,,,,,,,,,,,,,,,,,,,,,,,,,,,,,,,,,,,,,,,,,,,,,,,,,,,,,,,,,,,,,,,,,,,,,,,,,,,,,,,,,,,,,,,,,,,,,,,,,,,,,,,,,,,,,,,,,,,,,,,,,,,,,,,,,,,,,,,,,,,,,,,,,,,,,,,,,,,,,,,,,,,,,,,,,,,,,,,,,,,,,,,,,,,,,,,,,,,,,,,,,,,,,,,,,,,,,,,,,,,,,,,,,,,,,,,,,,,,,,,,,,,,,,,,,,,,,,,,,,,,,,,,,,,,,,,,,,,,,,,,,,,,,,,,,,,,,,,,,,,,,,,,,,,,,,,,,,,,,,,,,,,,,,,,,,,,,,,,,,,,,,,,,,,,,,,,,,,,,,,,,,,,,,,,,,,,,,,,,,,,,,,,,,,,,,,,,,,,,,,,,,,,,,,,,,,,,,,,,,,,,,,,,,,,,,,,,,,,,,,,,,,,,,,,,,,,,,,,,,,,,,,,,,,,,,,,,,,,,,,,,,,,,,,,,,,,,,,,,,,,,,,,,,,,,,,,,,,,,,,,,,,,,,,,,,,,,,,,,,,,,,,,,,,,,,,,,,,,,,,,,,,,,,,,,,,,,,,,,,,,,,,,,,,,,,,,,,,,,,,,,,,,,,,,,,,,,,,,,,,,,,,,,,,,,,,,,,,,,,,,,,,,,,,,,,,,,,,,,,,,,,,,,,,,,,,,,,,,,,,,,,,,,,,,,,,,,,,,,,,,
Ahmedabad Prep Kitchen,410150,133892213,Normal,,500,INV-896,2026-07-03,2860,0,Active,Unpaid,,2860,0,0,0,0.00,0,0,0,0,2026-07-03 15:26:13,2026-07-03 15:26:35,1139315,Supplier,,Surat,Ahmedabad Prep Kitchen,Gujarat,,"Ason vista, Sanidhya, Ahmedabad, Gujarat 380058",9510355182,,,,,B.k Aegro,Supplier,,Gujarat,,,,0,,,,,1,,,0,,"[{""prev_price"":""280.000000"",""item_id"":""46286276"",""itemname"":""Broccoli"",""qty"":5,""price"":280,""amount"":1400,""discount"":""0.000"",""lbl_unit"":""Kg"",""unit"":""5790692"",""description"":"""",""hsn_code"":"""",""weighted_price"":280,""invoice_date"":""2026-07-03"",""sap_code"":"""",""purchase_doc_number"":"""",""purchase_invoice_number"":"""",""tax1"":0,""tax2"":0,""tax3"":0,""tax1_amount"":0,""tax2_amount"":0,""tax3_amount"":0,""expiry_date"":"""",""manufacturing_date"":"""",""sap_group_master_id"":0,""category"":""Food"",""rmconv_qty"":""1000"",""rmconv_qty_total"":5000,""rmconv_unit_id"":""5790698"",""rmconv_unit"":""GM"",""yield_qty"":""0"",""discount_application"":""B"",""container_weight"":0,""net_weight"":""5"",""gross_weight"":""5"",""tax_type"":0,""excise_duty"":0,""tax1_label"":""CGST"",""tax2_label"":""SGST"",""tax3_label"":""IGST""},{""prev_price"":""400.000000"",""item_id"":""46286271"",""itemname"":""Green Garlic"",""qty"":1,""price"":400,""amount"":400,""discount"":""0.000"",""lbl_unit"":""Kg"",""unit"":""5790692"",""description"":"""",""hsn_code"":"""",""weighted_price"":400,""invoice_date"":""2026-07-03"",""sap_code"":"""",""purchase_doc_number"":"""",""purchase_invoice_number"":"""",""tax1"":0,""tax2"":0,""tax3"":0,""tax1_amount"":0,""tax2_amount"":0,""tax3_amount"":0,""expiry_date"":"""",""manufacturing_date"":"""",""sap_group_master_id"":0,""category"":""Food"",""rmconv_qty"":""1000"",""rmconv_qty_total"":1000,""rmconv_unit_id"":""5790698"",""rmconv_unit"":""GM"",""yield_qty"":""0"",""discount_application"":""B"",""container_weight"":0,""net_weight"":""1"",""gross_weight"":""1"",""tax_type"":0,""excise_duty"":0,""tax1_label"":""CGST"",""tax2_label"":""SGST"",""tax3_label"":""IGST""},{""prev_price"":""110.000000"",""item_id"":""46286166"",""itemname"":""Spring Onion ."",""qty"":2,""price"":110,""amount"":220,""discount"":""0.000"",""lbl_unit"":""Kg"",""unit"":""5790692"",""description"":"""",""hsn_code"":"""",""weighted_price"":110,""invoice_date"":""2026-07-03"",""sap_code"":"""",""purchase_doc_number"":"""",""purchase_invoice_number"":"""",""tax1"":0,""tax2"":0,""tax3"":0,""tax1_amount"":0,""tax2_amount"":0,""tax3_amount"":0,""expiry_date"":"""",""manufacturing_date"":"""",""sap_group_master_id"":0,""category"":""Food"",""rmconv_qty"":""1000"",""rmconv_qty_total"":2000,""rmconv_unit_id"":""5790698"",""rmconv_unit"":""GM"",""yield_qty"":""0"",""discount_application"":""B"",""container_weight"":0,""net_weight"":""2"",""gross_weight"":""2"",""tax_type"":0,""excise_duty"":0,""tax1_label"":""CGST"",""tax2_label"":""SGST"",""tax3_label"":""IGST""},{""prev_price"":""80.000000"",""item_id"":""46286280"",""itemname"":""Mint"",""qty"":0.5,""price"":80,""amount"":40,""discount"":""0.000"",""lbl_unit"":""pcs"",""unit"":""6058570"",""description"":"""",""hsn_code"":"""",""weighted_price"":80,""invoice_date"":""2026-07-03"",""sap_code"":"""",""purchase_doc_number"":"""",""purchase_invoice_number"":"""",""tax1"":0,""tax2"":0,""tax3"":0,""tax1_amount"":0,""tax2_amount"":0,""tax3_amount"":0,""expiry_date"":"""",""manufacturing_date"":"""",""sap_group_master_id"":0,""category"":""Food"",""yield_qty"":""0"",""discount_application"":""B"",""container_weight"":0,""net_weight"":""0.5"",""gross_weight"":""0.5"",""tax_type"":0,""excise_duty"":0,""tax1_label"":""CGST"",""tax2_label"":""SGST"",""tax3_label"":""IGST""},{""prev_price"":""40.000000"",""item_id"":""46286258"",""itemname"":""Onion"",""qty"":5,""price"":40,""amount"":200,""discount"":""0.000"",""lbl_unit"":""Kg"",""unit"":""5790692"",""description"":"""",""hsn_code"":"""",""weighted_price"":40,""invoice_date"":""2026-07-03"",""sap_code"":"""",""purchase_doc_number"":"""",""purchase_invoice_number"":"""",""tax1"":0,""tax2"":0,""tax3"":0,""tax1_amount"":0,""tax2_amount"":0,""tax3_amount"":0,""expiry_date"":"""",""manufacturing_date"":"""",""sap_group_master_id"":0,""category"":""Food"",""rmconv_qty"":""1000"",""rmconv_qty_total"":5000,""rmconv_unit_id"":""5790698"",""rmconv_unit"":""GM"",""yield_qty"":""0"",""discount_application"":""B"",""container_weight"":0,""net_weight"":""5"",""gross_weight"":""5"",""tax_type"":0,""excise_duty"":0,""tax1_label"":""CGST"",""tax2_label"":""SGST"",""tax3_label"":""IGST""},{""prev_price"":""400.000000"",""item_id"":""46286061"",""itemname"":""Litchi"",""qty"":0.25,""price"":400,""amount"":100,""discount"":""0.000"",""lbl_unit"":""Qty"",""unit"":""5790709"",""description"":"""",""hsn_code"":"""",""weighted_price"":400,""invoice_date"":""2026-07-03"",""sap_code"":"""",""purchase_doc_number"":"""",""purchase_invoice_number"":"""",""tax1"":0,""tax2"":0,""tax3"":0,""tax1_amount"":0,""tax2_amount"":0,""tax3_amount"":0,""expiry_date"":"""",""manufacturing_date"":"""",""sap_group_master_id"":0,""category"":""Food"",""yield_qty"":""0"",""discount_application"":""B"",""container_weight"":0,""net_weight"":""0.25"",""gross_weight"":""0.25"",""tax_type"":0,""excise_duty"":0,""tax1_label"":""CGST"",""tax2_label"":""SGST"",""tax3_label"":""IGST""},{""prev_price"":""250.000000"",""item_id"":""46286268"",""itemname"":""Red Bellpepper"",""qty"":2,""price"":250,""amount"":500,""discount"":""0.000"",""lbl_unit"":""Kg"",""unit"":""5790692"",""description"":"""",""hsn_code"":"""",""weighted_price"":250,""invoice_date"":""2026-07-03"",""sap_code"":"""",""purchase_doc_number"":"""",""purchase_invoice_number"":"""",""tax1"":0,""tax2"":0,""tax3"":0,""tax1_amount"":0,""tax2_amount"":0,""tax3_amount"":0,""expiry_date"":"""",""manufacturing_date"":"""",""sap_group_master_id"":0,""category"":""Food"",""rmconv_qty"":""1000"",""rmconv_qty_total"":2000,""rmconv_unit_id"":""5790698"",""rmconv_unit"":""GM"",""yield_qty"":""0"",""discount_application"":""B"",""container_weight"":0,""net_weight"":""2"",""gross_weight"":""2"",""tax_type"":0,""excise_duty"":0,""tax1_label"":""CGST"",""tax2_label"":""SGST"",""tax3_label"":""IGST""}]",[],0,0,,,[],[],,,,,,,1,,,,,,,,,,,,,,,,,,,,,,,,,,,,,,,,,,,,,,,6a4786cb-7070-41f2-9fed-15fa3c009c8c,6a47874a-e024-48eb-afb3-15953c00888b,60.0.136.139,60.0.143.217,,,,,,,,,,,,,,,,,,,,,,,,,,,,,,,,,,,,,,,,,,,,,,,,,,,,,,,,,,,,,,,,,,,,,,,,,,,,,,,,,,,,,,,,,,,,,,,,,,,,,,,,,,,,,,,,,,,,,,,,,,,,,,,,,,,,,,,,,,,,,,,,,,,,,,,,,,,,,,,,,,,,,,,,,,,,,,,,,,,,,,,,,,,,,,,,,,,,,,,,,,,,,,,,,,,,,,,,,,,,,,,,,,,,,,,,,,,,,,,,,,,,,,,,,,,,,,,,,,,,,,,,,,,,,,,,,,,,,,,,,,,,,,,,,,,,,,,,,,,,,,,,,,,,,,,,,,,,,,,,,,,,,,,,,,,,,,,,,,,,,,,,,,,,,,,,,,,,,,,,,,,,,,,,,,,,,,,,,,,,,,,,,,,,,,,,,,,,,,,,,,,,,,,,,,,,,,,,,,,,,,,,,,,,,,,,,,,,,,,,,,,,,,,,,,,,,,,,,,,,,,,,,,,,,,,,,,,,,,,,,,,,,,,,,,,,,,,,,,,,,,,,,,,,,,,,,,,,,,,,,,,,,,,,,,,,,,,,,,,,,,,,,,,,,,,,,,,,,,,,,,,,,,,,,,,,,,,,,,,,,,,,,,,,,,,,,,,,,,,,,,,,,,,,,,,,,,,,,,,,,,,,,,,,,,,,,,,,,,,,,,,,,,,,,,,,,,,,,,,,,,,,,,,,,,,,,,,,,,,,,,,,,,,,,,,,,,,,,,,,
Ahmedabad Prep Kitchen,410150,133891932,Normal,,499,INV-895,2026-07-03,8335,0,Active,Unpaid,,8335,0,0,0,0.00,0,0,0,0,2026-07-03 15:24:05,2026-07-03 15:24:05,1139315,Supplier,,Surat,Ahmedabad Prep Kitchen,Gujarat,,"Ason vista, Sanidhya, Ahmedabad, Gujarat 380058",9510355182,,,,,B.k Aegro,Supplier,,Gujarat,,,,0,,,,,1,,,0,,"[{""prev_price"":""0.000000"",""item_id"":""46285896"",""itemname"":""Fresh Jalepenos Green"",""qty"":6,""price"":650,""amount"":3900,""discount"":""0.000"",""lbl_unit"":""Kg"",""unit"":""5790692"",""description"":"""",""hsn_code"":"""",""weighted_price"":650,""invoice_date"":""2026-07-03"",""sap_code"":"""",""purchase_doc_number"":"""",""purchase_invoice_number"":"""",""tax1"":0,""tax2"":0,""tax3"":0,""tax1_amount"":0,""tax2_amount"":0,""tax3_amount"":0,""expiry_date"":"""",""manufacturing_date"":"""",""sap_group_master_id"":0,""category"":""Food"",""rmconv_qty"":""1000"",""rmconv_qty_total"":6000,""rmconv_unit_id"":""5790698"",""rmconv_unit"":""GM"",""yield_qty"":""0"",""discount_application"":""B"",""container_weight"":0,""net_weight"":""6"",""gross_weight"":0,""tax_type"":0,""excise_duty"":0,""tax1_label"":""CGST"",""tax2_label"":""SGST"",""tax3_label"":""IGST""},{""prev_price"":""0.000000"",""item_id"":""46286381"",""itemname"":""Watermelon"",""qty"":3.5,""price"":40,""amount"":140,""discount"":""0.000"",""lbl_unit"":""Kg"",""unit"":""5790692"",""description"":"""",""hsn_code"":"""",""weighted_price"":40,""invoice_date"":""2026-07-03"",""sap_code"":"""",""purchase_doc_number"":"""",""purchase_invoice_number"":"""",""tax1"":0,""tax2"":0,""tax3"":0,""tax1_amount"":0,""tax2_amount"":0,""tax3_amount"":0,""expiry_date"":"""",""manufacturing_date"":"""",""sap_group_master_id"":0,""category"":""Food"",""yield_qty"":""0"",""discount_application"":""B"",""container_weight"":0,""net_weight"":""3.5"",""gross_weight"":0,""tax_type"":0,""excise_duty"":0,""tax1_label"":""CGST"",""tax2_label"":""SGST"",""tax3_label"":""IGST""},{""prev_price"":""0.000000"",""item_id"":""46286213"",""itemname"":""Green Bell Pepper"",""qty"":3,""price"":80,""amount"":240,""discount"":""0.000"",""lbl_unit"":""Kg"",""unit"":""5790692"",""description"":"""",""hsn_code"":"""",""weighted_price"":80,""invoice_date"":""2026-07-03"",""sap_code"":"""",""purchase_doc_number"":"""",""purchase_invoice_number"":"""",""tax1"":0,""tax2"":0,""tax3"":0,""tax1_amount"":0,""tax2_amount"":0,""tax3_amount"":0,""expiry_date"":"""",""manufacturing_date"":"""",""sap_group_master_id"":0,""category"":""Food"",""rmconv_qty"":""1000"",""rmconv_qty_total"":3000,""rmconv_unit_id"":""5790698"",""rmconv_unit"":""GM"",""yield_qty"":""0"",""discount_application"":""B"",""container_weight"":0,""net_weight"":""3"",""gross_weight"":0,""tax_type"":0,""excise_duty"":0,""tax1_label"":""CGST"",""tax2_label"":""SGST"",""tax3_label"":""IGST""},{""prev_price"":""0.000000"",""item_id"":""46453245"",""itemname"":""Big Clove Garlic"",""qty"":2,""price"":240,""amount"":480,""discount"":""0.000"",""lbl_unit"":""Kg"",""unit"":""5790692"",""description"":"""",""hsn_code"":"""",""weighted_price"":240,""invoice_date"":""2026-07-03"",""sap_code"":"""",""purchase_doc_number"":"""",""purchase_invoice_number"":"""",""tax1"":0,""tax2"":0,""tax3"":0,""tax1_amount"":0,""tax2_amount"":0,""tax3_amount"":0,""expiry_date"":"""",""manufacturing_date"":"""",""sap_group_master_id"":0,""category"":""Food"",""rmconv_qty"":""1000"",""rmconv_qty_total"":2000,""rmconv_unit_id"":""5790698"",""rmconv_unit"":""GM"",""yield_qty"":""0"",""discount_application"":""B"",""container_weight"":0,""net_weight"":""2"",""gross_weight"":0,""tax_type"":0,""excise_duty"":0,""tax1_label"":""CGST"",""tax2_label"":""SGST"",""tax3_label"":""IGST""},{""prev_price"":""0.000000"",""item_id"":""46286260"",""itemname"":""Button Mushrooms"",""qty"":2,""price"":200,""amount"":400,""discount"":""0.000"",""lbl_unit"":""Kg"",""unit"":""5790692"",""description"":"""",""hsn_code"":"""",""weighted_price"":200,""invoice_date"":""2026-07-03"",""sap_code"":"""",""purchase_doc_number"":"""",""purchase_invoice_number"":"""",""tax1"":0,""tax2"":0,""tax3"":0,""tax1_amount"":0,""tax2_amount"":0,""tax3_amount"":0,""expiry_date"":"""",""manufacturing_date"":"""",""sap_group_master_id"":0,""category"":""Food"",""rmconv_qty"":""1000"",""rmconv_qty_total"":2000,""rmconv_unit_id"":""5790698"",""rmconv_unit"":""GM"",""yield_qty"":""0"",""discount_application"":""B"",""container_weight"":0,""net_weight"":""2"",""gross_weight"":0,""tax_type"":0,""excise_duty"":0,""tax1_label"":""CGST"",""tax2_label"":""SGST"",""tax3_label"":""IGST""},{""prev_price"":""0.000000"",""item_id"":""46286276"",""itemname"":""Broccoli"",""qty"":5,""price"":280,""amount"":1400,""discount"":""0.000"",""lbl_unit"":""Kg"",""unit"":""5790692"",""description"":"""",""hsn_code"":"""",""weighted_price"":280,""invoice_date"":""2026-07-03"",""sap_code"":"""",""purchase_doc_number"":"""",""purchase_invoice_number"":"""",""tax1"":0,""tax2"":0,""tax3"":0,""tax1_amount"":0,""tax2_amount"":0,""tax3_amount"":0,""expiry_date"":"""",""manufacturing_date"":"""",""sap_group_master_id"":0,""category"":""Food"",""rmconv_qty"":""1000"",""rmconv_qty_total"":5000,""rmconv_unit_id"":""5790698"",""rmconv_unit"":""GM"",""yield_qty"":""0"",""discount_application"":""B"",""container_weight"":0,""net_weight"":""5"",""gross_weight"":0,""tax_type"":0,""excise_duty"":0,""tax1_label"":""CGST"",""tax2_label"":""SGST"",""tax3_label"":""IGST""},{""prev_price"":""0.000000"",""item_id"":""46286271"",""itemname"":""Green Garlic"",""qty"":1,""price"":400,""amount"":400,""discount"":""0.000"",""lbl_unit"":""Kg"",""unit"":""5790692"",""description"":"""",""hsn_code"":"""",""weighted_price"":400,""invoice_date"":""2026-07-03"",""sap_code"":"""",""purchase_doc_number"":"""",""purchase_invoice_number"":"""",""tax1"":0,""tax2"":0,""tax3"":0,""tax1_amount"":0,""tax2_amount"":0,""tax3_amount"":0,""expiry_date"":"""",""manufacturing_date"":"""",""sap_group_master_id"":0,""category"":""Food"",""rmconv_qty"":""1000"",""rmconv_qty_total"":1000,""rmconv_unit_id"":""5790698"",""rmconv_unit"":""GM"",""yield_qty"":""0"",""discount_application"":""B"",""container_weight"":0,""net_weight"":""1"",""gross_weight"":0,""tax_type"":0,""excise_duty"":0,""tax1_label"":""CGST"",""tax2_label"":""SGST"",""tax3_label"":""IGST""},{""prev_price"":""0.000000"",""item_id"":""46286166"",""itemname"":""Spring Onion ."",""qty"":3,""price"":110,""amount"":330,""discount"":""0.000"",""lbl_unit"":""Kg"",""unit"":""5790692"",""description"":"""",""hsn_code"":"""",""weighted_price"":110,""invoice_date"":""2026-07-03"",""sap_code"":"""",""purchase_doc_number"":"""",""purchase_invoice_number"":"""",""tax1"":0,""tax2"":0,""tax3"":0,""tax1_amount"":0,""tax2_amount"":0,""tax3_amount"":0,""expiry_date"":"""",""manufacturing_date"":"""",""sap_group_master_id"":0,""category"":""Food"",""rmconv_qty"":""1000"",""rmconv_qty_total"":3000,""rmconv_unit_id"":""5790698"",""rmconv_unit"":""GM"",""yield_qty"":""0"",""discount_application"":""B"",""container_weight"":0,""net_weight"":""3"",""gross_weight"":0,""tax_type"":0,""excise_duty"":0,""tax1_label"":""CGST"",""tax2_label"":""SGST"",""tax3_label"":""IGST""},{""prev_price"":""0.000000"",""item_id"":""46285750"",""itemname"":""Coriander"",""qty"":2,""price"":110,""amount"":220,""discount"":""0.000"",""lbl_unit"":""Kg"",""unit"":""5790692"",""description"":"""",""hsn_code"":"""",""weighted_price"":110,""invoice_date"":""2026-07-03"",""sap_code"":"""",""purchase_doc_number"":"""",""purchase_invoice_number"":"""",""tax1"":0,""tax2"":0,""tax3"":0,""tax1_amount"":0,""tax2_amount"":0,""tax3_amount"":0,""expiry_date"":"""",""manufacturing_date"":"""",""sap_group_master_id"":0,""category"":""Food"",""rmconv_qty"":""1000"",""rmconv_qty_total"":2000,""rmconv_unit_id"":""5790698"",""rmconv_unit"":""GM"",""yield_qty"":""0"",""discount_application"":""B"",""container_weight"":0,""net_weight"":""2"",""gross_weight"":0,""tax_type"":0,""excise_duty"":0,""tax1_label"":""CGST"",""tax2_label"":""SGST"",""tax3_label"":""IGST""},{""prev_price"":""0.000000"",""item_id"":""46286256"",""itemname"":""Parsley"",""qty"":0.5,""price"":250,""amount"":125,""discount"":""0.000"",""lbl_unit"":""Kg"",""unit"":""5790692"",""description"":"""",""hsn_code"":"""",""weighted_price"":250,""invoice_date"":""2026-07-03"",""sap_code"":"""",""purchase_doc_number"":"""",""purchase_invoice_number"":"""",""tax1"":0,""tax2"":0,""tax3"":0,""tax1_amount"":0,""tax2_amount"":0,""tax3_amount"":0,""expiry_date"":"""",""manufacturing_date"":"""",""sap_group_master_id"":0,""category"":""Food"",""rmconv_qty"":""1000"",""rmconv_qty_total"":500,""rmconv_unit_id"":""5790698"",""rmconv_unit"":""GM"",""yield_qty"":""0"",""discount_application"":""B"",""container_weight"":0,""net_weight"":""0.5"",""gross_weight"":0,""tax_type"":0,""excise_duty"":0,""tax1_label"":""CGST"",""tax2_label"":""SGST"",""tax3_label"":""IGST""},{""prev_price"":""0.000000"",""item_id"":""46286258"",""itemname"":""Onion"",""qty"":5,""price"":40,""amount"":200,""discount"":""0.000"",""lbl_unit"":""Kg"",""unit"":""5790692"",""description"":"""",""hsn_code"":"""",""weighted_price"":40,""invoice_date"":""2026-07-03"",""sap_code"":"""",""purchase_doc_number"":"""",""purchase_invoice_number"":"""",""tax1"":0,""tax2"":0,""tax3"":0,""tax1_amount"":0,""tax2_amount"":0,""tax3_amount"":0,""expiry_date"":"""",""manufacturing_date"":"""",""sap_group_master_id"":0,""category"":""Food"",""rmconv_qty"":""1000"",""rmconv_qty_total"":5000,""rmconv_unit_id"":""5790698"",""rmconv_unit"":""GM"",""yield_qty"":""0"",""discount_application"":""B"",""container_weight"":0,""net_weight"":""5"",""gross_weight"":0,""tax_type"":0,""excise_duty"":0,""tax1_label"":""CGST"",""tax2_label"":""SGST"",""tax3_label"":""IGST""},{""prev_price"":""0.000000"",""item_id"":""46286268"",""itemname"":""Red Bellpepper"",""qty"":2,""price"":250,""amount"":500,""discount"":""0.000"",""lbl_unit"":""Kg"",""unit"":""5790692"",""description"":"""",""hsn_code"":"""",""weighted_price"":250,""invoice_date"":""2026-07-03"",""sap_code"":"""",""purchase_doc_number"":"""",""purchase_invoice_number"":"""",""tax1"":0,""tax2"":0,""tax3"":0,""tax1_amount"":0,""tax2_amount"":0,""tax3_amount"":0,""expiry_date"":"""",""manufacturing_date"":"""",""sap_group_master_id"":0,""category"":""Food"",""rmconv_qty"":""1000"",""rmconv_qty_total"":2000,""rmconv_unit_id"":""5790698"",""rmconv_unit"":""GM"",""yield_qty"":""0"",""discount_application"":""B"",""container_weight"":0,""net_weight"":""2"",""gross_weight"":0,""tax_type"":0,""excise_duty"":0,""tax1_label"":""CGST"",""tax2_label"":""SGST"",""tax3_label"":""IGST""}]",[],0,0,,,[],[],,,,,,,1,,,,,,,,,,,,,,,,,,,,,,,,,,,,,,,,,,,,,,,,,,,6a478635-4dc4-49b3-87e3-554e3c0082a9,60.0.143.217,,,,,,,,,,,,,,,,,,,,,,,,,,,,,,,,,,,,,,,,,,,,,,,,,,,,,,,,,,,,,,,,,,,,,,,,,,,,,,,,,,,,,,,,,,,,,,,,,,,,,,,,,,,,,,,,,,,,,,,,,,,,,,,,,,,,,,,,,,,,,,,,,,,,,,,,,,,,,,,,,,,,,,,,,,,,,,,,,,,,,,,,,,,,,,,,,,,,,,,,,,,,,,,,,,,,,,,,,,,,,,,,,,,,,,,,,,,,,,,,,,,,,,,,,,,,,,,,,,,,,,,,,,,,,,,,,,,,,,,,,,,,,,,,,,,,,,,,,,,,,,,,,,,,,,,,,,,,,,,,,,,,,,,,,,,,,,,,,,,,,,,,,,,,,,,,,,,,,,,,,,,,,,,,,,,,,,,,,,,,,,,,,,,,,,,,,,,,,,,,,,,,,,,,,,,,,,,,,,,,,,,,,,,,,,,,,,,,,,,,,,,,,,,,,,,,,,,,,,,,,,,,,,,,,,,,,,,,,,,,,,,,,,,,,,,,,,,,,,,,,,,,,,,,,,,,,,,,,,,,,,,,,,,,,,,,,,,,,,,,,,,,,,,,,,,,,,,,,,,,,,,,,,,,,,,,,,,,,,,,,,,,,,,,,,,,,,,,,,,,,,,,,,,,,,,,,,,,,,,,,,,,,,,,,,,,,,,,,,,,,,,,,,,,,,,,,,,,,,,,,,,,,,,,,,,,,,,,,,,,,,,,,,,,,,,,,,,,,,
Ahmedabad Prep Kitchen,410150,133810946,From Sales,117521391,98,,2026-07-01,3098.966,0,Active,Unpaid,,3098.966,0,0,0,0.00,0,0,0,0,2026-07-02 18:54:18,2026-07-02 18:54:18,443195,Kitchen,,Surat,Ahmedabad Prep Kitchen,Gujarat,,"Ason vista, Sanidhya, Ahmedabad, Gujarat 380058",9510355182,,,,Ahmedabad,Ahmedabad store 2.0 ,Kitchen,,Gujarat,,Ahmedabad ,8849373682,0,,1,PO0081008302,PO0081008302,1,,0,0,0,"[{""prev_price"":""627.000000"",""item_id"":""46286695"",""itemname"":""Smoked Mozzarella Cheese 1kg"",""qty"":2,""price"":627,""amount"":1254,""discount"":""0.000"",""lbl_unit"":""Qty"",""unit"":""5790709"",""description"":"""",""hsn_code"":"""",""weighted_price"":627,""invoice_date"":""2026-07-01"",""sap_code"":"""",""purchase_doc_number"":"""",""purchase_invoice_number"":"""",""tax1"":0,""tax2"":0,""tax3"":0,""tax1_amount"":0,""tax2_amount"":0,""tax3_amount"":0,""expiry_date"":"""",""manufacturing_date"":"""",""actual_qty"":""2.000"",""actual_unit_id"":""6602488"",""actual_unit_name"":""Qty"",""sap_group_master_id"":0,""category"":""Food"",""yield_qty"":""0"",""discount_application"":""B"",""container_weight"":0,""net_weight"":""2"",""gross_weight"":0,""tax_type"":0,""excise_duty"":0,""tax1_label"":""CGST"",""tax2_label"":""SGST"",""tax3_label"":""IGST""},{""item_id"":""46810570"",""itemname"":""Safa Tomato Paste 400 Grams"",""qty"":3,""price"":95.24,""prev_price"":""95.240000"",""amount"":285.72,""discount"":""0.000"",""lbl_unit"":""Qty"",""unit"":""5790709"",""description"":"""",""hsn_code"":"""",""weighted_price"":95.24,""invoice_date"":""2026-07-01"",""sap_code"":"""",""purchase_doc_number"":"""",""purchase_invoice_number"":"""",""tax1"":0,""tax2"":0,""tax3"":0,""tax1_amount"":0,""tax2_amount"":0,""tax3_amount"":0,""expiry_date"":"""",""manufacturing_date"":"""",""actual_qty"":""3.000"",""actual_unit_id"":""6602488"",""actual_unit_name"":""Qty"",""sap_group_master_id"":0,""discount_application"":""B"",""container_weight"":0,""net_weight"":""3"",""gross_weight"":0,""category"":""Food"",""tax_type"":0,""excise_duty"":0,""tax1_label"":""CGST"",""tax2_label"":""SGST"",""tax3_label"":""IGST""},{""prev_price"":""204.097000"",""item_id"":""46287682"",""itemname"":""Extra Firm Silken Tofu 308 Gm"",""qty"":4,""price"":204.097,""amount"":816.388,""discount"":""0.000"",""lbl_unit"":""Qty"",""unit"":""5790709"",""description"":"""",""hsn_code"":"""",""weighted_price"":204.097,""invoice_date"":""2026-07-01"",""sap_code"":"""",""purchase_doc_number"":"""",""purchase_invoice_number"":"""",""tax1"":0,""tax2"":0,""tax3"":0,""tax1_amount"":0,""tax2_amount"":0,""tax3_amount"":0,""expiry_date"":"""",""manufacturing_date"":"""",""actual_qty"":""4.000"",""actual_unit_id"":""6602488"",""actual_unit_name"":""Qty"",""sap_group_master_id"":0,""category"":""Food"",""yield_qty"":""0"",""discount_application"":""B"",""pricing_method"":""0"",""container_weight"":0,""net_weight"":""4"",""gross_weight"":0,""tax_type"":0,""excise_duty"":0,""tax1_label"":""CGST"",""tax2_label"":""SGST"",""tax3_label"":""IGST""},{""prev_price"":""242.858000"",""item_id"":""46287660"",""itemname"":""Madhur Sugar 5 Kg"",""qty"":1,""price"":242.858,""amount"":242.858,""discount"":""0.000"",""lbl_unit"":""Qty"",""unit"":""5790709"",""description"":"""",""hsn_code"":"""",""weighted_price"":242.858,""invoice_date"":""2026-07-01"",""sap_code"":"""",""purchase_doc_number"":"""",""purchase_invoice_number"":"""",""tax1"":0,""tax2"":0,""tax3"":0,""tax1_amount"":0,""tax2_amount"":0,""tax3_amount"":0,""expiry_date"":"""",""manufacturing_date"":"""",""actual_qty"":""1.000"",""actual_unit_id"":""6602488"",""actual_unit_name"":""Qty"",""sap_group_master_id"":0,""category"":""Food"",""yield_qty"":""0"",""discount_application"":""B"",""container_weight"":0,""net_weight"":""1"",""gross_weight"":0,""tax_type"":0,""excise_duty"":0,""tax1_label"":""CGST"",""tax2_label"":""SGST"",""tax3_label"":""IGST""},{""prev_price"":""250.000000"",""item_id"":""46286669"",""itemname"":""Kitchen Roll"",""qty"":2,""price"":250,""amount"":500,""discount"":""0.000"",""lbl_unit"":""Qty"",""unit"":""5790709"",""description"":"""",""hsn_code"":"""",""weighted_price"":250,""invoice_date"":""2026-07-01"",""sap_code"":"""",""purchase_doc_number"":"""",""purchase_invoice_number"":"""",""tax1"":0,""tax2"":0,""tax3"":0,""tax1_amount"":0,""tax2_amount"":0,""tax3_amount"":0,""expiry_date"":"""",""manufacturing_date"":"""",""sap_group_master_id"":0,""category"":""Housekeeping Hygiene"",""yield_qty"":""0"",""discount_application"":""B"",""container_weight"":0,""net_weight"":""2"",""gross_weight"":0,""tax_type"":0,""excise_duty"":0,""tax1_label"":""CGST"",""tax2_label"":""SGST"",""tax3_label"":""IGST""}]",[],0,0,,,[],[],,,,,,,,,,,,,,,,,,,,,,,,,,,,,,,,,,,,,,,,,,,,,,,,,,,,6a466676-cd64-4a72-b0ef-1efb3c009500,60.0.158.135,,,,,,,,,,,,,,,,,,,,,,,,,,,,,,,,,,,,,,,,,,,,,,,,,,,,,,,,,,,,,,,,,,,,,,,,,,,,,,,,,,,,,,,,,,,,,,,,,,,,,,,,,,,,,,,,,,,,,,,,,,,,,,,,,,,,,,,,,,,,,,,,,,,,,,,,,,,,,,,,,,,,,,,,,,,,,,,,,,,,,,,,,,,,,,,,,,,,,,,,,,,,,,,,,,,,,,,,,,,,,,,,,,,,,,,,,,,,,,,,,,,,,,,,,,,,,,,,,,,,,,,,,,,,,,,,,,,,,,,,,,,,,,,,,,,,,,,,,,,,,,,,,,,,,,,,,,,,,,,,,,,,,,,,,,,,,,,,,,,,,,,,,,,,,,,,,,,,,,,,,,,,,,,,,,,,,,,,,,,,,,,,,,,,,,,,,,,,,,,,,,,,,,,,,,,,,,,,,,,,,,,,,,,,,,,,,,,,,,,,,,,,,,,,,,,,,,,,,,,,,,,,,,,,,,,,,,,,,,,,,,,,,,,,,,,,,,,,,,,,,,,,,,,,,,,,,,,,,,,,,,,,,,,,,,,,,,,,,,,,,,,,,,,,,,,,,,,,,,,,,,,,,,,,,,,,,,,,,,,,,,,,,,,,,,,,,,,,,,,,,,,,,,,,,,,,,,,,,,,,,,,,,,,,,,,,,,,,,,,,,,,,,,,,,,,,,,,,,,,,,,,,,,,,,,,,,,,,,,,,,,,,,,,,,,,,,,,,
Ahmedabad Prep Kitchen,410150,133810882,From Sales,117541255,97,,2026-07-01,3350.24,0,Active,Unpaid,,3350.24,0,0,0,0.00,0,0,0,0,2026-07-02 18:54:03,2026-07-02 18:54:03,443195,Kitchen,,Surat,Ahmedabad Prep Kitchen,Gujarat,,"Ason vista, Sanidhya, Ahmedabad, Gujarat 380058",9510355182,,,,Ahmedabad,Ahmedabad store 2.0 ,Kitchen,,Gujarat,,Ahmedabad ,8849373682,0,,1,PO0081011765,PO0081011765,1,,0,0,0,"[{""prev_price"":""815.000000"",""item_id"":""46287673"",""itemname"":""Cheddar Cheese 1kg"",""qty"":1,""price"":815,""amount"":815,""discount"":""0.000"",""lbl_unit"":""Qty"",""unit"":""5790709"",""description"":"""",""hsn_code"":"""",""weighted_price"":815,""invoice_date"":""2026-07-01"",""sap_code"":"""",""purchase_doc_number"":"""",""purchase_invoice_number"":"""",""tax1"":0,""tax2"":0,""tax3"":0,""tax1_amount"":0,""tax2_amount"":0,""tax3_amount"":0,""expiry_date"":"""",""manufacturing_date"":"""",""actual_qty"":""1.000"",""actual_unit_id"":""6602488"",""actual_unit_name"":""Qty"",""sap_group_master_id"":0,""category"":""Food"",""yield_qty"":""0"",""discount_application"":""B"",""container_weight"":0,""net_weight"":""1"",""gross_weight"":0,""tax_type"":0,""excise_duty"":0,""tax1_label"":""CGST"",""tax2_label"":""SGST"",""tax3_label"":""IGST""},{""prev_price"":""934.000000"",""item_id"":""46287199"",""itemname"":""Almond 1kg"",""qty"":1,""price"":934,""amount"":934,""discount"":""0.000"",""lbl_unit"":""Kg"",""unit"":""5790692"",""description"":"""",""hsn_code"":"""",""weighted_price"":934,""invoice_date"":""2026-07-01"",""sap_code"":"""",""purchase_doc_number"":"""",""purchase_invoice_number"":"""",""tax1"":0,""tax2"":0,""tax3"":0,""tax1_amount"":0,""tax2_amount"":0,""tax3_amount"":0,""expiry_date"":"""",""manufacturing_date"":"""",""actual_qty"":""1.000"",""actual_unit_id"":""6602471"",""actual_unit_name"":""Kg"",""sap_group_master_id"":0,""category"":""Food"",""yield_qty"":""0"",""discount_application"":""B"",""container_weight"":0,""net_weight"":""1"",""gross_weight"":0,""tax_type"":0,""excise_duty"":0,""tax1_label"":""CGST"",""tax2_label"":""SGST"",""tax3_label"":""IGST""},{""prev_price"":""20.000000"",""item_id"":""46286819"",""itemname"":""Hot Sauce Bottle 180ml"",""qty"":10,""price"":20,""amount"":200,""discount"":""0.000"",""lbl_unit"":""Qty"",""unit"":""5790709"",""description"":"""",""hsn_code"":"""",""weighted_price"":20,""invoice_date"":""2026-07-01"",""sap_code"":"""",""purchase_doc_number"":"""",""purchase_invoice_number"":"""",""tax1"":0,""tax2"":0,""tax3"":0,""tax1_amount"":0,""tax2_amount"":0,""tax3_amount"":0,""expiry_date"":"""",""manufacturing_date"":"""",""actual_qty"":""10.000"",""actual_unit_id"":""6602488"",""actual_unit_name"":""Qty"",""sap_group_master_id"":0,""category"":""Packaging"",""yield_qty"":""0"",""discount_application"":""B"",""container_weight"":0,""net_weight"":""10"",""gross_weight"":0,""tax_type"":0,""excise_duty"":0,""tax1_label"":""CGST"",""tax2_label"":""SGST"",""tax3_label"":""IGST""},{""prev_price"":""78.020000"",""item_id"":""46286367"",""itemname"":""Gold Milk 1 Ltr"",""qty"":12,""price"":78.02,""amount"":936.24,""discount"":""0.000"",""lbl_unit"":""Qty"",""unit"":""5790709"",""description"":"""",""hsn_code"":"""",""weighted_price"":78.02,""invoice_date"":""2026-07-01"",""sap_code"":"""",""purchase_doc_number"":"""",""purchase_invoice_number"":"""",""tax1"":0,""tax2"":0,""tax3"":0,""tax1_amount"":0,""tax2_amount"":0,""tax3_amount"":0,""expiry_date"":"""",""manufacturing_date"":"""",""actual_qty"":""12.000"",""actual_unit_id"":""6602488"",""actual_unit_name"":""Qty"",""sap_group_master_id"":0,""category"":""Food"",""yield_qty"":""0"",""discount_application"":""B"",""pricing_method"":""0"",""container_weight"":0,""net_weight"":""12"",""gross_weight"":0,""tax_type"":0,""excise_duty"":0,""tax1_label"":""CGST"",""tax2_label"":""SGST"",""tax3_label"":""IGST""},{""prev_price"":""232.500000"",""item_id"":""46286945"",""itemname"":""Fresh Cream 1ltr"",""qty"":2,""price"":232.5,""amount"":465,""discount"":""0.000"",""lbl_unit"":""Qty"",""unit"":""5790709"",""description"":"""",""hsn_code"":"""",""weighted_price"":232.5,""invoice_date"":""2026-07-01"",""sap_code"":"""",""purchase_doc_number"":"""",""purchase_invoice_number"":"""",""tax1"":0,""tax2"":0,""tax3"":0,""tax1_amount"":0,""tax2_amount"":0,""tax3_amount"":0,""expiry_date"":"""",""manufacturing_date"":"""",""actual_qty"":""12.000"",""actual_unit_id"":""6602488"",""actual_unit_name"":""Qty"",""sap_group_master_id"":0,""category"":""Food"",""yield_qty"":""0"",""discount_application"":""B"",""container_weight"":0,""net_weight"":""2"",""gross_weight"":0,""tax_type"":0,""excise_duty"":0,""tax1_label"":""CGST"",""tax2_label"":""SGST"",""tax3_label"":""IGST""}]",[],0,0,,,[],[],,,,,,,,,,,,,,,,,,,,,,,,,,,,,,,,,,,,,,,,,,,,,,,,,,,,,,6a466665-d994-480e-a250-6cf33c0081c4,60.0.149.0,,,,,,,,,,,,,,,,,,,,,,,,,,,,,,,,,,,,,,,,,,,,,,,,,,,,,,,,,,,,,,,,,,,,,,,,,,,,,,,,,,,,,,,,,,,,,,,,,,,,,,,,,,,,,,,,,,,,,,,,,,,,,,,,,,,,,,,,,,,,,,,,,,,,,,,,,,,,,,,,,,,,,,,,,,,,,,,,,,,,,,,,,,,,,,,,,,,,,,,,,,,,,,,,,,,,,,,,,,,,,,,,,,,,,,,,,,,,,,,,,,,,,,,,,,,,,,,,,,,,,,,,,,,,,,,,,,,,,,,,,,,,,,,,,,,,,,,,,,,,,,,,,,,,,,,,,,,,,,,,,,,,,,,,,,,,,,,,,,,,,,,,,,,,,,,,,,,,,,,,,,,,,,,,,,,,,,,,,,,,,,,,,,,,,,,,,,,,,,,,,,,,,,,,,,,,,,,,,,,,,,,,,,,,,,,,,,,,,,,,,,,,,,,,,,,,,,,,,,,,,,,,,,,,,,,,,,,,,,,,,,,,,,,,,,,,,,,,,,,,,,,,,,,,,,,,,,,,,,,,,,,,,,,,,,,,,,,,,,,,,,,,,,,,,,,,,,,,,,,,,,,,,,,,,,,,,,,,,,,,,,,,,,,,,,,,,,,,,,,,,,,,,,,,,,,,,,,,,,,,,,,,,,,,,,,,,,,,,,,,,,,,,,,,,,,,,,,,,,,,,,,,,,,,,,,,,,,,,,,,,,,,,,,,,,,,,,
Ahmedabad Prep Kitchen,410150,133810728,From Sales,117647272,96,,2026-07-02,3160,0,Active,Unpaid,,3160,0,0,0,0.00,0,0,0,0,2026-07-02 18:52:58,2026-07-02 18:52:58,443195,Kitchen,,Surat,Ahmedabad Prep Kitchen,Gujarat,,"Ason vista, Sanidhya, Ahmedabad, Gujarat 380058",9510355182,,,,Ahmedabad,Ahmedabad store 2.0 ,Kitchen,,Gujarat,,Ahmedabad ,8849373682,0,,1,PO0081029488,PO0081029488,1,,0,0,0,"[{""prev_price"":""2300.000000"",""item_id"":""46286931"",""itemname"":""00 Flour 20kg Bag"",""qty"":1,""price"":2300,""amount"":2300,""discount"":""0.000"",""lbl_unit"":""Qty"",""unit"":""5790709"",""description"":"""",""hsn_code"":"""",""weighted_price"":2300,""invoice_date"":""2026-07-02"",""sap_code"":"""",""purchase_doc_number"":"""",""purchase_invoice_number"":"""",""tax1"":0,""tax2"":0,""tax3"":0,""tax1_amount"":0,""tax2_amount"":0,""tax3_amount"":0,""expiry_date"":"""",""manufacturing_date"":"""",""actual_qty"":""1.000"",""actual_unit_id"":""6602488"",""actual_unit_name"":""Qty"",""sap_group_master_id"":0,""category"":""Food"",""yield_qty"":""0"",""discount_application"":""B"",""container_weight"":0,""net_weight"":""1"",""gross_weight"":0,""tax_type"":0,""excise_duty"":0,""tax1_label"":""CGST"",""tax2_label"":""SGST"",""tax3_label"":""IGST""},{""prev_price"":""215.000000"",""item_id"":""46286665"",""itemname"":""M Size Hand Gloves Nitrile"",""qty"":4,""price"":215,""amount"":860,""discount"":""0.000"",""lbl_unit"":""Qty"",""unit"":""5790709"",""description"":"""",""hsn_code"":"""",""weighted_price"":215,""invoice_date"":""2026-07-02"",""sap_code"":"""",""purchase_doc_number"":"""",""purchase_invoice_number"":"""",""tax1"":0,""tax2"":0,""tax3"":0,""tax1_amount"":0,""tax2_amount"":0,""tax3_amount"":0,""expiry_date"":"""",""manufacturing_date"":"""",""actual_qty"":""4.000"",""actual_unit_id"":""6602488"",""actual_unit_name"":""Qty"",""sap_group_master_id"":0,""category"":""Housekeeping Hygiene"",""yield_qty"":""0"",""discount_application"":""B"",""container_weight"":0,""net_weight"":""4"",""gross_weight"":0,""tax_type"":0,""excise_duty"":0,""tax1_label"":""CGST"",""tax2_label"":""SGST"",""tax3_label"":""IGST""}]",[],0,0,,,[],[],,,,,,,,,,,,,,,,,,,,,,,,,,,,,,,,,,,,,,,,,,,,,,,,,,,,,,,,6a466623-cff0-4a88-92bb-03703c0086f8,60.0.134.248,,,,,,,,,,,,,,,,,,,,,,,,,,,,,,,,,,,,,,,,,,,,,,,,,,,,,,,,,,,,,,,,,,,,,,,,,,,,,,,,,,,,,,,,,,,,,,,,,,,,,,,,,,,,,,,,,,,,,,,,,,,,,,,,,,,,,,,,,,,,,,,,,,,,,,,,,,,,,,,,,,,,,,,,,,,,,,,,,,,,,,,,,,,,,,,,,,,,,,,,,,,,,,,,,,,,,,,,,,,,,,,,,,,,,,,,,,,,,,,,,,,,,,,,,,,,,,,,,,,,,,,,,,,,,,,,,,,,,,,,,,,,,,,,,,,,,,,,,,,,,,,,,,,,,,,,,,,,,,,,,,,,,,,,,,,,,,,,,,,,,,,,,,,,,,,,,,,,,,,,,,,,,,,,,,,,,,,,,,,,,,,,,,,,,,,,,,,,,,,,,,,,,,,,,,,,,,,,,,,,,,,,,,,,,,,,,,,,,,,,,,,,,,,,,,,,,,,,,,,,,,,,,,,,,,,,,,,,,,,,,,,,,,,,,,,,,,,,,,,,,,,,,,,,,,,,,,,,,,,,,,,,,,,,,,,,,,,,,,,,,,,,,,,,,,,,,,,,,,,,,,,,,,,,,,,,,,,,,,,,,,,,,,,,,,,,,,,,,,,,,,,,,,,,,,,,,,,,,,,,,,,,,,,,,,,,,,,,,,,,,,,,,,,,,,,,,,,,,,,,,,,,,,,,,,,,,,,,,,,,,,,,,,,,,,,,
Ahmedabad Prep Kitchen,410150,133810708,From Sales,117651100,95,,2026-07-02,196,0,Active,Unpaid,,196,0,0,0,0.00,0,0,0,0,2026-07-02 18:52:39,2026-07-02 18:52:39,443195,Kitchen,,Surat,Ahmedabad Prep Kitchen,Gujarat,,"Ason vista, Sanidhya, Ahmedabad, Gujarat 380058",9510355182,,,,Ahmedabad,Ahmedabad store 2.0 ,Kitchen,,Gujarat,,Ahmedabad ,8849373682,0,,1,PO0081030385,PO0081030385,1,,0,0,0,"[{""prev_price"":""49.000000"",""item_id"":""46287039"",""itemname"":""Fettuccine Pasta 500 Gm"",""qty"":4,""price"":49,""amount"":196,""discount"":""0.000"",""lbl_unit"":""Qty"",""unit"":""5790709"",""description"":"""",""hsn_code"":"""",""weighted_price"":49,""invoice_date"":""2026-07-02"",""sap_code"":"""",""purchase_doc_number"":"""",""purchase_invoice_number"":"""",""tax1"":0,""tax2"":0,""tax3"":0,""tax1_amount"":0,""tax2_amount"":0,""tax3_amount"":0,""expiry_date"":"""",""manufacturing_date"":"""",""actual_qty"":""4.000"",""actual_unit_id"":""6602488"",""actual_unit_name"":""Qty"",""sap_group_master_id"":0,""category"":""Food"",""yield_qty"":""0"",""discount_application"":""B"",""container_weight"":0,""net_weight"":""4"",""gross_weight"":0,""tax_type"":0,""excise_duty"":0,""tax1_label"":""CGST"",""tax2_label"":""SGST"",""tax3_label"":""IGST""}]",[],0,0,,,[],[],,,,,,,,,,,,,,,,,,,,,,,,,,,,,,,,,,,,,,,,,,,,,,,,,,,,,,,,,,6a466611-6bf8-4d1b-b6a2-24193c009500,60.0.129.196,,,,,,,,,,,,,,,,,,,,,,,,,,,,,,,,,,,,,,,,,,,,,,,,,,,,,,,,,,,,,,,,,,,,,,,,,,,,,,,,,,,,,,,,,,,,,,,,,,,,,,,,,,,,,,,,,,,,,,,,,,,,,,,,,,,,,,,,,,,,,,,,,,,,,,,,,,,,,,,,,,,,,,,,,,,,,,,,,,,,,,,,,,,,,,,,,,,,,,,,,,,,,,,,,,,,,,,,,,,,,,,,,,,,,,,,,,,,,,,,,,,,,,,,,,,,,,,,,,,,,,,,,,,,,,,,,,,,,,,,,,,,,,,,,,,,,,,,,,,,,,,,,,,,,,,,,,,,,,,,,,,,,,,,,,,,,,,,,,,,,,,,,,,,,,,,,,,,,,,,,,,,,,,,,,,,,,,,,,,,,,,,,,,,,,,,,,,,,,,,,,,,,,,,,,,,,,,,,,,,,,,,,,,,,,,,,,,,,,,,,,,,,,,,,,,,,,,,,,,,,,,,,,,,,,,,,,,,,,,,,,,,,,,,,,,,,,,,,,,,,,,,,,,,,,,,,,,,,,,,,,,,,,,,,,,,,,,,,,,,,,,,,,,,,,,,,,,,,,,,,,,,,,,,,,,,,,,,,,,,,,,,,,,,,,,,,,,,,,,,,,,,,,,,,,,,,,,,,,,,,,,,,,,,,,,,,,,,,,,,,,,,,,,,,,,,,,,,,,,,,,,,,,,,,,,,,,,,,,,,,,,,,,,,,,
Ahmedabad Prep Kitchen,410150,133790231,Normal,,498,INV-893,2026-07-02,7110,0,Active,Unpaid,,7110,0,0,0,0.00,0,0,0,0,2026-07-02 16:30:59,2026-07-02 16:31:46,1139315,Supplier,,Surat,Ahmedabad Prep Kitchen,Gujarat,,"Ason vista, Sanidhya, Ahmedabad, Gujarat 380058",9510355182,,,,,B.k Aegro,Supplier,,Gujarat,,,,0,,,,,1,,,0,,"[{""prev_price"":""200.000000"",""item_id"":""46286260"",""itemname"":""Button Mushrooms"",""qty"":2,""price"":200,""amount"":400,""discount"":""0.000"",""lbl_unit"":""Kg"",""unit"":""5790692"",""description"":"""",""hsn_code"":"""",""weighted_price"":200,""invoice_date"":""2026-07-02"",""sap_code"":"""",""purchase_doc_number"":"""",""purchase_invoice_number"":"""",""tax1"":0,""tax2"":0,""tax3"":0,""tax1_amount"":0,""tax2_amount"":0,""tax3_amount"":0,""expiry_date"":"""",""manufacturing_date"":"""",""sap_group_master_id"":0,""category"":""Food"",""rmconv_qty"":""1000"",""rmconv_qty_total"":2000,""rmconv_unit_id"":""5790698"",""rmconv_unit"":""GM"",""yield_qty"":""0"",""discount_application"":""B"",""container_weight"":0,""net_weight"":""2"",""gross_weight"":""2"",""tax_type"":0,""excise_duty"":0,""tax1_label"":""CGST"",""tax2_label"":""SGST"",""tax3_label"":""IGST""},{""prev_price"":""200.000000"",""item_id"":""46286469"",""itemname"":""Grapefruit"",""qty"":1,""price"":200,""amount"":200,""discount"":""0.000"",""lbl_unit"":""Pcs."",""unit"":""6058452"",""description"":"""",""hsn_code"":"""",""weighted_price"":200,""invoice_date"":""2026-07-02"",""sap_code"":"""",""purchase_doc_number"":"""",""purchase_invoice_number"":"""",""tax1"":0,""tax2"":0,""tax3"":0,""tax1_amount"":0,""tax2_amount"":0,""tax3_amount"":0,""expiry_date"":"""",""manufacturing_date"":"""",""sap_group_master_id"":0,""category"":""Food"",""yield_qty"":""0"",""discount_application"":""B"",""container_weight"":0,""net_weight"":""1"",""gross_weight"":""1"",""tax_type"":0,""excise_duty"":0,""tax1_label"":""CGST"",""tax2_label"":""SGST"",""tax3_label"":""IGST""},{""prev_price"":""300.000000"",""item_id"":""46286276"",""itemname"":""Broccoli"",""qty"":4,""price"":300,""amount"":1200,""discount"":""0.000"",""lbl_unit"":""Kg"",""unit"":""5790692"",""description"":"""",""hsn_code"":"""",""weighted_price"":300,""invoice_date"":""2026-07-02"",""sap_code"":"""",""purchase_doc_number"":"""",""purchase_invoice_number"":"""",""tax1"":0,""tax2"":0,""tax3"":0,""tax1_amount"":0,""tax2_amount"":0,""tax3_amount"":0,""expiry_date"":"""",""manufacturing_date"":"""",""sap_group_master_id"":0,""category"":""Food"",""rmconv_qty"":""1000"",""rmconv_qty_total"":4000,""rmconv_unit_id"":""5790698"",""rmconv_unit"":""GM"",""yield_qty"":""0"",""discount_application"":""B"",""container_weight"":0,""net_weight"":""4"",""gross_weight"":""4"",""tax_type"":0,""excise_duty"":0,""tax1_label"":""CGST"",""tax2_label"":""SGST"",""tax3_label"":""IGST""},{""prev_price"":""110.000000"",""item_id"":""46286166"",""itemname"":""Spring Onion ."",""qty"":4,""price"":110,""amount"":440,""discount"":""0.000"",""lbl_unit"":""Kg"",""unit"":""5790692"",""description"":"""",""hsn_code"":"""",""weighted_price"":110,""invoice_date"":""2026-07-02"",""sap_code"":"""",""purchase_doc_number"":"""",""purchase_invoice_number"":"""",""tax1"":0,""tax2"":0,""tax3"":0,""tax1_amount"":0,""tax2_amount"":0,""tax3_amount"":0,""expiry_date"":"""",""manufacturing_date"":"""",""sap_group_master_id"":0,""category"":""Food"",""rmconv_qty"":""1000"",""rmconv_qty_total"":4000,""rmconv_unit_id"":""5790698"",""rmconv_unit"":""GM"",""yield_qty"":""0"",""discount_application"":""B"",""container_weight"":0,""net_weight"":""4"",""gross_weight"":""4"",""tax_type"":0,""excise_duty"":0,""tax1_label"":""CGST"",""tax2_label"":""SGST"",""tax3_label"":""IGST""},{""prev_price"":""100.000000"",""item_id"":""46285750"",""itemname"":""Coriander"",""qty"":1.5,""price"":100,""amount"":150,""discount"":""0.000"",""lbl_unit"":""Kg"",""unit"":""5790692"",""description"":"""",""hsn_code"":"""",""weighted_price"":100,""invoice_date"":""2026-07-02"",""sap_code"":"""",""purchase_doc_number"":"""",""purchase_invoice_number"":"""",""tax1"":0,""tax2"":0,""tax3"":0,""tax1_amount"":0,""tax2_amount"":0,""tax3_amount"":0,""expiry_date"":"""",""manufacturing_date"":"""",""sap_group_master_id"":0,""category"":""Food"",""rmconv_qty"":""1000"",""rmconv_qty_total"":1500,""rmconv_unit_id"":""5790698"",""rmconv_unit"":""GM"",""yield_qty"":""0"",""discount_application"":""B"",""container_weight"":0,""net_weight"":""1.5"",""gross_weight"":""1.5"",""tax_type"":0,""excise_duty"":0,""tax1_label"":""CGST"",""tax2_label"":""SGST"",""tax3_label"":""IGST""},{""prev_price"":""250.000000"",""item_id"":""46286256"",""itemname"":""Parsley"",""qty"":0.5,""price"":250,""amount"":125,""discount"":""0.000"",""lbl_unit"":""Kg"",""unit"":""5790692"",""description"":"""",""hsn_code"":"""",""weighted_price"":250,""invoice_date"":""2026-07-02"",""sap_code"":"""",""purchase_doc_number"":"""",""purchase_invoice_number"":"""",""tax1"":0,""tax2"":0,""tax3"":0,""tax1_amount"":0,""tax2_amount"":0,""tax3_amount"":0,""expiry_date"":"""",""manufacturing_date"":"""",""sap_group_master_id"":0,""category"":""Food"",""rmconv_qty"":""1000"",""rmconv_qty_total"":500,""rmconv_unit_id"":""5790698"",""rmconv_unit"":""GM"",""yield_qty"":""0"",""discount_application"":""B"",""container_weight"":0,""net_weight"":""0.5"",""gross_weight"":""0.5"",""tax_type"":0,""excise_duty"":0,""tax1_label"":""CGST"",""tax2_label"":""SGST"",""tax3_label"":""IGST""},{""prev_price"":""80.000000"",""item_id"":""46286280"",""itemname"":""Mint"",""qty"":1,""price"":80,""amount"":80,""discount"":""0.000"",""lbl_unit"":""pcs"",""unit"":""6058570"",""description"":"""",""hsn_code"":"""",""weighted_price"":80,""invoice_date"":""2026-07-02"",""sap_code"":"""",""purchase_doc_number"":"""",""purchase_invoice_number"":"""",""tax1"":0,""tax2"":0,""tax3"":0,""tax1_amount"":0,""tax2_amount"":0,""tax3_amount"":0,""expiry_date"":"""",""manufacturing_date"":"""",""sap_group_master_id"":0,""category"":""Food"",""yield_qty"":""0"",""discount_application"":""B"",""container_weight"":0,""net_weight"":""1"",""gross_weight"":""1"",""tax_type"":0,""excise_duty"":0,""tax1_label"":""CGST"",""tax2_label"":""SGST"",""tax3_label"":""IGST""},{""prev_price"":""40.000000"",""item_id"":""46286258"",""itemname"":""Onion"",""qty"":5,""price"":40,""amount"":200,""discount"":""0.000"",""lbl_unit"":""Kg"",""unit"":""5790692"",""description"":"""",""hsn_code"":"""",""weighted_price"":40,""invoice_date"":""2026-07-02"",""sap_code"":"""",""purchase_doc_number"":"""",""purchase_invoice_number"":"""",""tax1"":0,""tax2"":0,""tax3"":0,""tax1_amount"":0,""tax2_amount"":0,""tax3_amount"":0,""expiry_date"":"""",""manufacturing_date"":"""",""sap_group_master_id"":0,""category"":""Food"",""rmconv_qty"":""1000"",""rmconv_qty_total"":5000,""rmconv_unit_id"":""5790698"",""rmconv_unit"":""GM"",""yield_qty"":""0"",""discount_application"":""B"",""container_weight"":0,""net_weight"":""5"",""gross_weight"":""5"",""tax_type"":0,""excise_duty"":0,""tax1_label"":""CGST"",""tax2_label"":""SGST"",""tax3_label"":""IGST""},{""prev_price"":""400.000000"",""item_id"":""46286061"",""itemname"":""Litchi"",""qty"":0.25,""price"":400,""amount"":100,""discount"":""0.000"",""lbl_unit"":""Qty"",""unit"":""5790709"",""description"":"""",""hsn_code"":"""",""weighted_price"":400,""invoice_date"":""2026-07-02"",""sap_code"":"""",""purchase_doc_number"":"""",""purchase_invoice_number"":"""",""tax1"":0,""tax2"":0,""tax3"":0,""tax1_amount"":0,""tax2_amount"":0,""tax3_amount"":0,""expiry_date"":"""",""manufacturing_date"":"""",""sap_group_master_id"":0,""category"":""Food"",""yield_qty"":""0"",""discount_application"":""B"",""container_weight"":0,""net_weight"":""0.25"",""gross_weight"":""0.25"",""tax_type"":0,""excise_duty"":0,""tax1_label"":""CGST"",""tax2_label"":""SGST"",""tax3_label"":""IGST""},{""prev_price"":""100.000000"",""item_id"":""46453261"",""itemname"":""Green Lemon"",""qty"":1,""price"":100,""amount"":100,""discount"":""0.000"",""lbl_unit"":""Kg"",""unit"":""5790692"",""description"":"""",""hsn_code"":"""",""weighted_price"":100,""invoice_date"":""2026-07-02"",""sap_code"":"""",""purchase_doc_number"":"""",""purchase_invoice_number"":"""",""tax1"":0,""tax2"":0,""tax3"":0,""tax1_amount"":0,""tax2_amount"":0,""tax3_amount"":0,""expiry_date"":"""",""manufacturing_date"":"""",""sap_group_master_id"":0,""category"":""Food"",""rmconv_qty"":""1000"",""rmconv_qty_total"":1000,""rmconv_unit_id"":""5790698"",""rmconv_unit"":""GM"",""yield_qty"":""0"",""discount_application"":""B"",""container_weight"":0,""net_weight"":""1"",""gross_weight"":""1"",""tax_type"":0,""excise_duty"":0,""tax1_label"":""CGST"",""tax2_label"":""SGST"",""tax3_label"":""IGST""},{""prev_price"":""250.000000"",""item_id"":""46286001"",""itemname"":""Iceberg"",""qty"":0.5,""price"":250,""amount"":125,""discount"":""0.000"",""lbl_unit"":""Kg"",""unit"":""5790692"",""description"":"""",""hsn_code"":"""",""weighted_price"":250,""invoice_date"":""2026-07-02"",""sap_code"":"""",""purchase_doc_number"":"""",""purchase_invoice_number"":"""",""tax1"":0,""tax2"":0,""tax3"":0,""tax1_amount"":0,""tax2_amount"":0,""tax3_amount"":0,""expiry_date"":"""",""manufacturing_date"":"""",""sap_group_master_id"":0,""category"":""Food"",""rmconv_qty"":""1000"",""rmconv_qty_total"":500,""rmconv_unit_id"":""5790698"",""rmconv_unit"":""GM"",""yield_qty"":""0"",""discount_application"":""B"",""container_weight"":0,""net_weight"":""0.5"",""gross_weight"":""0.5"",""tax_type"":0,""excise_duty"":0,""tax1_label"":""CGST"",""tax2_label"":""SGST"",""tax3_label"":""IGST""},{""prev_price"":""350.000000"",""item_id"":""46286003"",""itemname"":""Lollo Rosso"",""qty"":1,""price"":350,""amount"":350,""discount"":""0.000"",""lbl_unit"":""Kg"",""unit"":""5790692"",""description"":"""",""hsn_code"":"""",""weighted_price"":350,""invoice_date"":""2026-07-02"",""sap_code"":"""",""purchase_doc_number"":"""",""purchase_invoice_number"":"""",""tax1"":0,""tax2"":0,""tax3"":0,""tax1_amount"":0,""tax2_amount"":0,""tax3_amount"":0,""expiry_date"":"""",""manufacturing_date"":"""",""sap_group_master_id"":0,""category"":""Food"",""rmconv_qty"":""1000"",""rmconv_qty_total"":1000,""rmconv_unit_id"":""5790698"",""rmconv_unit"":""GM"",""yield_qty"":""0"",""discount_application"":""B"",""container_weight"":0,""net_weight"":""1"",""gross_weight"":""1"",""tax_type"":0,""excise_duty"":0,""tax1_label"":""CGST"",""tax2_label"":""SGST"",""tax3_label"":""IGST""},{""prev_price"":""300.000000"",""item_id"":""46286275"",""itemname"":""Cherry Tomato"",""qty"":0.5,""price"":300,""amount"":150,""discount"":""0.000"",""lbl_unit"":""Kg"",""unit"":""5790692"",""description"":"""",""hsn_code"":"""",""weighted_price"":300,""invoice_date"":""2026-07-02"",""sap_code"":"""",""purchase_doc_number"":"""",""purchase_invoice_number"":"""",""tax1"":0,""tax2"":0,""tax3"":0,""tax1_amount"":0,""tax2_amount"":0,""tax3_amount"":0,""expiry_date"":"""",""manufacturing_date"":"""",""sap_group_master_id"":0,""category"":""Food"",""rmconv_qty"":""1000"",""rmconv_qty_total"":500,""rmconv_unit_id"":""5790698"",""rmconv_unit"":""GM"",""yield_qty"":""0"",""discount_application"":""B"",""container_weight"":0,""net_weight"":""0.5"",""gross_weight"":""0.5"",""tax_type"":0,""excise_duty"":0,""tax1_label"":""CGST"",""tax2_label"":""SGST"",""tax3_label"":""IGST""},{""prev_price"":""100.000000"",""item_id"":""46286262"",""itemname"":""Lemon"",""qty"":3,""price"":100,""amount"":300,""discount"":""0.000"",""lbl_unit"":""Kg"",""unit"":""5790692"",""description"":"""",""hsn_code"":"""",""weighted_price"":100,""invoice_date"":""2026-07-02"",""sap_code"":"""",""purchase_doc_number"":"""",""purchase_invoice_number"":"""",""tax1"":0,""tax2"":0,""tax3"":0,""tax1_amount"":0,""tax2_amount"":0,""tax3_amount"":0,""expiry_date"":"""",""manufacturing_date"":"""",""sap_group_master_id"":0,""category"":""Food"",""yield_qty"":""0"",""discount_application"":""B"",""container_weight"":0,""net_weight"":""3"",""gross_weight"":""3"",""tax_type"":0,""excise_duty"":0,""tax1_label"":""CGST"",""tax2_label"":""SGST"",""tax3_label"":""IGST""},{""prev_price"":""800.000000"",""item_id"":""46286016"",""itemname"":""Rosemary"",""qty"":0.1,""price"":800,""amount"":80,""discount"":""0.000"",""lbl_unit"":""Kg"",""unit"":""5790692"",""description"":"""",""hsn_code"":"""",""weighted_price"":800,""invoice_date"":""2026-07-02"",""sap_code"":"""",""purchase_doc_number"":"""",""purchase_invoice_number"":"""",""tax1"":0,""tax2"":0,""tax3"":0,""tax1_amount"":0,""tax2_amount"":0,""tax3_amount"":0,""expiry_date"":"""",""manufacturing_date"":"""",""sap_group_master_id"":0,""category"":""Food"",""rmconv_qty"":""1000"",""rmconv_qty_total"":100,""rmconv_unit_id"":""5790698"",""rmconv_unit"":""GM"",""yield_qty"":""0"",""discount_application"":""B"",""container_weight"":0,""net_weight"":""0.1"",""gross_weight"":""0.1"",""tax_type"":0,""excise_duty"":0,""tax1_label"":""CGST"",""tax2_label"":""SGST"",""tax3_label"":""IGST""},{""prev_price"":""110.000000"",""item_id"":""46453239"",""itemname"":""W Skin Pineapple"",""qty"":5,""price"":110,""amount"":550,""discount"":""0.000"",""lbl_unit"":""Piece"",""unit"":""5790691"",""description"":"""",""hsn_code"":"""",""weighted_price"":110,""invoice_date"":""2026-07-02"",""sap_code"":"""",""purchase_doc_number"":"""",""purchase_invoice_number"":"""",""tax1"":0,""tax2"":0,""tax3"":0,""tax1_amount"":0,""tax2_amount"":0,""tax3_amount"":0,""expiry_date"":"""",""manufacturing_date"":"""",""sap_group_master_id"":0,""category"":""Food"",""yield_qty"":""0"",""discount_application"":""B"",""container_weight"":0,""net_weight"":""5"",""gross_weight"":""5"",""tax_type"":0,""excise_duty"":0,""tax1_label"":""CGST"",""tax2_label"":""SGST"",""tax3_label"":""IGST""},{""prev_price"":""1500.000000"",""item_id"":""46286184"",""itemname"":""Brussels Sprouts."",""qty"":1,""price"":1500,""amount"":1500,""discount"":""0.000"",""lbl_unit"":""Kg"",""unit"":""5790692"",""description"":"""",""hsn_code"":"""",""weighted_price"":1500,""invoice_date"":""2026-07-02"",""sap_code"":"""",""purchase_doc_number"":"""",""purchase_invoice_number"":"""",""tax1"":0,""tax2"":0,""tax3"":0,""tax1_amount"":0,""tax2_amount"":0,""tax3_amount"":0,""expiry_date"":"""",""manufacturing_date"":"""",""sap_group_master_id"":0,""category"":""Food"",""rmconv_qty"":""1000"",""rmconv_qty_total"":1000,""rmconv_unit_id"":""5790698"",""rmconv_unit"":""GM"",""yield_qty"":""0"",""discount_application"":""B"",""container_weight"":0,""net_weight"":""1"",""gross_weight"":""1"",""tax_type"":0,""excise_duty"":0,""tax1_label"":""CGST"",""tax2_label"":""SGST"",""tax3_label"":""IGST""},{""prev_price"":""90.000000"",""item_id"":""46286213"",""itemname"":""Green Bell Pepper"",""qty"":2,""price"":90,""amount"":180,""discount"":""0.000"",""lbl_unit"":""Kg"",""unit"":""5790692"",""description"":"""",""hsn_code"":"""",""weighted_price"":90,""invoice_date"":""2026-07-02"",""sap_code"":"""",""purchase_doc_number"":"""",""purchase_invoice_number"":"""",""tax1"":0,""tax2"":0,""tax3"":0,""tax1_amount"":0,""tax2_amount"":0,""tax3_amount"":0,""expiry_date"":"""",""manufacturing_date"":"""",""sap_group_master_id"":0,""category"":""Food"",""rmconv_qty"":""1000"",""rmconv_qty_total"":2000,""rmconv_unit_id"":""5790698"",""rmconv_unit"":""GM"",""yield_qty"":""0"",""discount_application"":""B"",""container_weight"":0,""net_weight"":""2"",""gross_weight"":""2"",""tax_type"":0,""excise_duty"":0,""tax1_label"":""CGST"",""tax2_label"":""SGST"",""tax3_label"":""IGST""},{""prev_price"":""160.000000"",""item_id"":""46286012"",""itemname"":""Edible Flower"",""qty"":1,""price"":160,""amount"":160,""discount"":""0.000"",""lbl_unit"":""Pkt"",""unit"":""6694691"",""description"":"""",""hsn_code"":"""",""weighted_price"":160,""invoice_date"":""2026-07-02"",""sap_code"":"""",""purchase_doc_number"":"""",""purchase_invoice_number"":"""",""tax1"":0,""tax2"":0,""tax3"":0,""tax1_amount"":0,""tax2_amount"":0,""tax3_amount"":0,""expiry_date"":"""",""manufacturing_date"":"""",""sap_group_master_id"":0,""category"":""Food"",""yield_qty"":""0"",""discount_application"":""B"",""container_weight"":0,""net_weight"":""1"",""gross_weight"":""1"",""tax_type"":0,""excise_duty"":0,""tax1_label"":""CGST"",""tax2_label"":""SGST"",""tax3_label"":""IGST""},{""prev_price"":""240.000000"",""item_id"":""46453245"",""itemname"":""Big Clove Garlic"",""qty"":3,""price"":240,""amount"":720,""discount"":""0.000"",""lbl_unit"":""Kg"",""unit"":""5790692"",""description"":"""",""hsn_code"":"""",""weighted_price"":240,""invoice_date"":""2026-07-02"",""sap_code"":"""",""purchase_doc_number"":"""",""purchase_invoice_number"":"""",""tax1"":0,""tax2"":0,""tax3"":0,""tax1_amount"":0,""tax2_amount"":0,""tax3_amount"":0,""expiry_date"":"""",""manufacturing_date"":"""",""sap_group_master_id"":0,""category"":""Food"",""rmconv_qty"":""1000"",""rmconv_qty_total"":3000,""rmconv_unit_id"":""5790698"",""rmconv_unit"":""GM"",""yield_qty"":""0"",""discount_application"":""B"",""container_weight"":0,""net_weight"":""3"",""gross_weight"":""3"",""tax_type"":0,""excise_duty"":0,""tax1_label"":""CGST"",""tax2_label"":""SGST"",""tax3_label"":""IGST""}]",[],0,0,,,[],[],,,,,,,1,,,,,,,,,,,,,,,,,,,,,,,,,,,,,,,,,,,,,,,,,,,,,,,,,,,,,6a464439-7504-4981-8418-703e3c0086f8,6a464512-27cc-4153-80e4-2dc73c009500,60.0.134.248,60.0.134.248,,,,,,,,,,,,,,,,,,,,,,,,,,,,,,,,,,,,,,,,,,,,,,,,,,,,,,,,,,,,,,,,,,,,,,,,,,,,,,,,,,,,,,,,,,,,,,,,,,,,,,,,,,,,,,,,,,,,,,,,,,,,,,,,,,,,,,,,,,,,,,,,,,,,,,,,,,,,,,,,,,,,,,,,,,,,,,,,,,,,,,,,,,,,,,,,,,,,,,,,,,,,,,,,,,,,,,,,,,,,,,,,,,,,,,,,,,,,,,,,,,,,,,,,,,,,,,,,,,,,,,,,,,,,,,,,,,,,,,,,,,,,,,,,,,,,,,,,,,,,,,,,,,,,,,,,,,,,,,,,,,,,,,,,,,,,,,,,,,,,,,,,,,,,,,,,,,,,,,,,,,,,,,,,,,,,,,,,,,,,,,,,,,,,,,,,,,,,,,,,,,,,,,,,,,,,,,,,,,,,,,,,,,,,,,,,,,,,,,,,,,,,,,,,,,,,,,,,,,,,,,,,,,,,,,,,,,,,,,,,,,,,,,,,,,,,,,,,,,,,,,,,,,,,,,,,,,,,,,,,,,,,,,,,,,,,,,,,,,,,,,,,,,,,,,,,,,,,,,,,,,,,,,,,,,,,,,,,,,,,,,,,,,,,,,,,,,,,,,,,,,,,,,,,,,,,,,,,,,,,,,,,,,,,,,,,,,,,,,,,,,,,,,,,,,,,,,,,,,,,,,,,,,,,,,,,,,,,,,,,,,,,,,
Ahmedabad Prep Kitchen,410150,133784674,Normal,,497,INV-891,2026-07-01,4660,0,Active,Unpaid,,4660,0,0,0,0.00,0,0,0,0,2026-07-02 15:55:11,2026-07-02 16:35:16,1139315,Supplier,,Surat,Ahmedabad Prep Kitchen,Gujarat,,"Ason vista, Sanidhya, Ahmedabad, Gujarat 380058",9510355182,,,,,B.k Aegro,Supplier,,Gujarat,,,,0,,,,,1,,,0,,"[{""prev_price"":""200.000000"",""item_id"":""46286469"",""itemname"":""Grapefruit"",""qty"":2,""price"":200,""amount"":400,""discount"":""0.000"",""lbl_unit"":""Pcs."",""unit"":""6058452"",""description"":"""",""hsn_code"":"""",""weighted_price"":200,""invoice_date"":""2026-07-01"",""sap_code"":"""",""purchase_doc_number"":"""",""purchase_invoice_number"":"""",""tax1"":0,""tax2"":0,""tax3"":0,""tax1_amount"":0,""tax2_amount"":0,""tax3_amount"":0,""expiry_date"":"""",""manufacturing_date"":"""",""sap_group_master_id"":0,""category"":""Food"",""yield_qty"":""0"",""discount_application"":""B"",""container_weight"":0,""net_weight"":""2"",""gross_weight"":""2"",""tax_type"":0,""excise_duty"":0,""tax1_label"":""CGST"",""tax2_label"":""SGST"",""tax3_label"":""IGST""},{""prev_price"":""300.000000"",""item_id"":""46286276"",""itemname"":""Broccoli"",""qty"":3,""price"":300,""amount"":900,""discount"":""0.000"",""lbl_unit"":""Kg"",""unit"":""5790692"",""description"":"""",""hsn_code"":"""",""weighted_price"":300,""invoice_date"":""2026-07-01"",""sap_code"":"""",""purchase_doc_number"":"""",""purchase_invoice_number"":"""",""tax1"":0,""tax2"":0,""tax3"":0,""tax1_amount"":0,""tax2_amount"":0,""tax3_amount"":0,""expiry_date"":"""",""manufacturing_date"":"""",""sap_group_master_id"":0,""category"":""Food"",""rmconv_qty"":""1000"",""rmconv_qty_total"":3000,""rmconv_unit_id"":""5790698"",""rmconv_unit"":""GM"",""yield_qty"":""0"",""discount_application"":""B"",""container_weight"":0,""net_weight"":""3"",""gross_weight"":""3"",""tax_type"":0,""excise_duty"":0,""tax1_label"":""CGST"",""tax2_label"":""SGST"",""tax3_label"":""IGST""},{""prev_price"":""400.000000"",""item_id"":""46286271"",""itemname"":""Green Garlic"",""qty"":1,""price"":400,""amount"":400,""discount"":""0.000"",""lbl_unit"":""Kg"",""unit"":""5790692"",""description"":"""",""hsn_code"":"""",""weighted_price"":400,""invoice_date"":""2026-07-01"",""sap_code"":"""",""purchase_doc_number"":"""",""purchase_invoice_number"":"""",""tax1"":0,""tax2"":0,""tax3"":0,""tax1_amount"":0,""tax2_amount"":0,""tax3_amount"":0,""expiry_date"":"""",""manufacturing_date"":"""",""sap_group_master_id"":0,""category"":""Food"",""rmconv_qty"":""1000"",""rmconv_qty_total"":1000,""rmconv_unit_id"":""5790698"",""rmconv_unit"":""GM"",""yield_qty"":""0"",""discount_application"":""B"",""container_weight"":0,""net_weight"":""1"",""gross_weight"":""1"",""tax_type"":0,""excise_duty"":0,""tax1_label"":""CGST"",""tax2_label"":""SGST"",""tax3_label"":""IGST""},{""prev_price"":""110.000000"",""item_id"":""46286166"",""itemname"":""Spring Onion ."",""qty"":2,""price"":110,""amount"":220,""discount"":""0.000"",""lbl_unit"":""Kg"",""unit"":""5790692"",""description"":"""",""hsn_code"":"""",""weighted_price"":110,""invoice_date"":""2026-07-01"",""sap_code"":"""",""purchase_doc_number"":"""",""purchase_invoice_number"":"""",""tax1"":0,""tax2"":0,""tax3"":0,""tax1_amount"":0,""tax2_amount"":0,""tax3_amount"":0,""expiry_date"":"""",""manufacturing_date"":"""",""sap_group_master_id"":0,""category"":""Food"",""rmconv_qty"":""1000"",""rmconv_qty_total"":2000,""rmconv_unit_id"":""5790698"",""rmconv_unit"":""GM"",""yield_qty"":""0"",""discount_application"":""B"",""container_weight"":0,""net_weight"":""2"",""gross_weight"":""2"",""tax_type"":0,""excise_duty"":0,""tax1_label"":""CGST"",""tax2_label"":""SGST"",""tax3_label"":""IGST""},{""prev_price"":""0.000000"",""item_id"":""46286280"",""itemname"":""Mint"",""qty"":0.5,""price"":80,""amount"":40,""discount"":""0.000"",""lbl_unit"":""pcs"",""unit"":""6058570"",""description"":"""",""hsn_code"":"""",""weighted_price"":80,""invoice_date"":""2026-07-01"",""sap_code"":"""",""purchase_doc_number"":"""",""purchase_invoice_number"":"""",""tax1"":0,""tax2"":0,""tax3"":0,""tax1_amount"":0,""tax2_amount"":0,""tax3_amount"":0,""expiry_date"":"""",""manufacturing_date"":"""",""sap_group_master_id"":0,""category"":""Food"",""yield_qty"":""0"",""discount_application"":""B"",""container_weight"":0,""net_weight"":""0.5"",""gross_weight"":0,""tax_type"":0,""excise_duty"":0,""tax1_label"":""CGST"",""tax2_label"":""SGST"",""tax3_label"":""IGST""},{""prev_price"":""40.000000"",""item_id"":""46286258"",""itemname"":""Onion"",""qty"":5,""price"":40,""amount"":200,""discount"":""0.000"",""lbl_unit"":""Kg"",""unit"":""5790692"",""description"":"""",""hsn_code"":"""",""weighted_price"":40,""invoice_date"":""2026-07-01"",""sap_code"":"""",""purchase_doc_number"":"""",""purchase_invoice_number"":"""",""tax1"":0,""tax2"":0,""tax3"":0,""tax1_amount"":0,""tax2_amount"":0,""tax3_amount"":0,""expiry_date"":"""",""manufacturing_date"":"""",""sap_group_master_id"":0,""category"":""Food"",""rmconv_qty"":""1000"",""rmconv_qty_total"":5000,""rmconv_unit_id"":""5790698"",""rmconv_unit"":""GM"",""yield_qty"":""0"",""discount_application"":""B"",""container_weight"":0,""net_weight"":""5"",""gross_weight"":""5"",""tax_type"":0,""excise_duty"":0,""tax1_label"":""CGST"",""tax2_label"":""SGST"",""tax3_label"":""IGST""},{""prev_price"":""350.000000"",""item_id"":""46286061"",""itemname"":""Litchi"",""qty"":0.5,""price"":350,""amount"":175,""discount"":""0.000"",""lbl_unit"":""Qty"",""unit"":""5790709"",""description"":"""",""hsn_code"":"""",""weighted_price"":350,""invoice_date"":""2026-07-01"",""sap_code"":"""",""purchase_doc_number"":"""",""purchase_invoice_number"":"""",""tax1"":0,""tax2"":0,""tax3"":0,""tax1_amount"":0,""tax2_amount"":0,""tax3_amount"":0,""expiry_date"":"""",""manufacturing_date"":"""",""sap_group_master_id"":0,""category"":""Food"",""yield_qty"":""0"",""discount_application"":""B"",""container_weight"":0,""net_weight"":""0.5"",""gross_weight"":""0.5"",""tax_type"":0,""excise_duty"":0,""tax1_label"":""CGST"",""tax2_label"":""SGST"",""tax3_label"":""IGST""},{""prev_price"":""0.250000"",""item_id"":""46286001"",""itemname"":""Iceberg"",""qty"":0.5,""price"":250,""amount"":125,""discount"":""0.000"",""lbl_unit"":""Kg"",""unit"":""5790692"",""description"":"""",""hsn_code"":"""",""weighted_price"":250,""invoice_date"":""2026-07-01"",""sap_code"":"""",""purchase_doc_number"":"""",""purchase_invoice_number"":"""",""tax1"":0,""tax2"":0,""tax3"":0,""tax1_amount"":0,""tax2_amount"":0,""tax3_amount"":0,""expiry_date"":"""",""manufacturing_date"":"""",""sap_group_master_id"":0,""category"":""Food"",""rmconv_qty"":""1000"",""rmconv_qty_total"":500,""rmconv_unit_id"":""5790698"",""rmconv_unit"":""GM"",""yield_qty"":""0"",""discount_application"":""B"",""container_weight"":0,""net_weight"":""0.5"",""gross_weight"":""0.5"",""tax_type"":0,""excise_duty"":0,""tax1_label"":""CGST"",""tax2_label"":""SGST"",""tax3_label"":""IGST""},{""prev_price"":""100.000000"",""item_id"":""46286262"",""itemname"":""Lemon"",""qty"":3,""price"":100,""amount"":300,""discount"":""0.000"",""lbl_unit"":""Kg"",""unit"":""5790692"",""description"":"""",""hsn_code"":"""",""weighted_price"":100,""invoice_date"":""2026-07-01"",""sap_code"":"""",""purchase_doc_number"":"""",""purchase_invoice_number"":"""",""tax1"":0,""tax2"":0,""tax3"":0,""tax1_amount"":0,""tax2_amount"":0,""tax3_amount"":0,""expiry_date"":"""",""manufacturing_date"":"""",""sap_group_master_id"":0,""category"":""Food"",""yield_qty"":""0"",""discount_application"":""B"",""container_weight"":0,""net_weight"":""3"",""gross_weight"":""3"",""tax_type"":0,""excise_duty"":0,""tax1_label"":""CGST"",""tax2_label"":""SGST"",""tax3_label"":""IGST""},{""prev_price"":""0.800000"",""item_id"":""46286016"",""itemname"":""Rosemary"",""qty"":0.1,""price"":800,""amount"":80,""discount"":""0.000"",""lbl_unit"":""Kg"",""unit"":""5790692"",""description"":"""",""hsn_code"":"""",""weighted_price"":800,""invoice_date"":""2026-07-01"",""sap_code"":"""",""purchase_doc_number"":"""",""purchase_invoice_number"":"""",""tax1"":0,""tax2"":0,""tax3"":0,""tax1_amount"":0,""tax2_amount"":0,""tax3_amount"":0,""expiry_date"":"""",""manufacturing_date"":"""",""sap_group_master_id"":0,""category"":""Food"",""rmconv_qty"":""1000"",""rmconv_qty_total"":100,""rmconv_unit_id"":""5790698"",""rmconv_unit"":""GM"",""yield_qty"":""0"",""discount_application"":""B"",""container_weight"":0,""net_weight"":""0.1"",""gross_weight"":""0.1"",""tax_type"":0,""excise_duty"":0,""tax1_label"":""CGST"",""tax2_label"":""SGST"",""tax3_label"":""IGST""},{""prev_price"":""110.000000"",""item_id"":""46453239"",""itemname"":""W Skin Pineapple"",""qty"":8,""price"":110,""amount"":880,""discount"":""0.000"",""lbl_unit"":""Piece"",""unit"":""5790691"",""description"":"""",""hsn_code"":"""",""weighted_price"":110,""invoice_date"":""2026-07-01"",""sap_code"":"""",""purchase_doc_number"":"""",""purchase_invoice_number"":"""",""tax1"":0,""tax2"":0,""tax3"":0,""tax1_amount"":0,""tax2_amount"":0,""tax3_amount"":0,""expiry_date"":"""",""manufacturing_date"":"""",""sap_group_master_id"":0,""category"":""Food"",""yield_qty"":""0"",""discount_application"":""B"",""container_weight"":0,""net_weight"":""8"",""gross_weight"":""8"",""tax_type"":0,""excise_duty"":0,""tax1_label"":""CGST"",""tax2_label"":""SGST"",""tax3_label"":""IGST""},{""prev_price"":""180.000000"",""item_id"":""46286174"",""itemname"":""Lemon Grass"",""qty"":0.5,""price"":180,""amount"":90,""discount"":""0.000"",""lbl_unit"":""Kg"",""unit"":""5790692"",""description"":"""",""hsn_code"":"""",""weighted_price"":180,""invoice_date"":""2026-07-01"",""sap_code"":"""",""purchase_doc_number"":"""",""purchase_invoice_number"":"""",""tax1"":0,""tax2"":0,""tax3"":0,""tax1_amount"":0,""tax2_amount"":0,""tax3_amount"":0,""expiry_date"":"""",""manufacturing_date"":"""",""sap_group_master_id"":0,""category"":""Food"",""rmconv_qty"":""1000"",""rmconv_qty_total"":500,""rmconv_unit_id"":""5790698"",""rmconv_unit"":""GM"",""yield_qty"":""0"",""discount_application"":""B"",""container_weight"":0,""net_weight"":""0.5"",""gross_weight"":""0.5"",""tax_type"":0,""excise_duty"":0,""tax1_label"":""CGST"",""tax2_label"":""SGST"",""tax3_label"":""IGST""},{""prev_price"":""0.000000"",""item_id"":""46286213"",""itemname"":""Green Bell Pepper"",""qty"":3,""price"":100,""amount"":300,""discount"":""0.000"",""lbl_unit"":""Kg"",""unit"":""5790692"",""description"":"""",""hsn_code"":"""",""weighted_price"":100,""invoice_date"":""2026-07-01"",""sap_code"":"""",""purchase_doc_number"":"""",""purchase_invoice_number"":"""",""tax1"":0,""tax2"":0,""tax3"":0,""tax1_amount"":0,""tax2_amount"":0,""tax3_amount"":0,""expiry_date"":"""",""manufacturing_date"":"""",""sap_group_master_id"":0,""category"":""Food"",""rmconv_qty"":""1000"",""rmconv_qty_total"":3000,""rmconv_unit_id"":""5790698"",""rmconv_unit"":""GM"",""yield_qty"":""0"",""discount_application"":""B"",""container_weight"":0,""net_weight"":""3"",""gross_weight"":0,""tax_type"":0,""excise_duty"":0,""tax1_label"":""CGST"",""tax2_label"":""SGST"",""tax3_label"":""IGST""},{""prev_price"":""150.000000"",""item_id"":""46286277"",""itemname"":""Basil"",""qty"":2,""price"":150,""amount"":300,""discount"":""0.000"",""lbl_unit"":""Kg"",""unit"":""5790692"",""description"":"""",""hsn_code"":"""",""weighted_price"":150,""invoice_date"":""2026-07-01"",""sap_code"":"""",""purchase_doc_number"":"""",""purchase_invoice_number"":"""",""tax1"":0,""tax2"":0,""tax3"":0,""tax1_amount"":0,""tax2_amount"":0,""tax3_amount"":0,""expiry_date"":"""",""manufacturing_date"":"""",""sap_group_master_id"":0,""category"":""Food"",""rmconv_qty"":""1000"",""rmconv_qty_total"":2000,""rmconv_unit_id"":""5790698"",""rmconv_unit"":""GM"",""yield_qty"":""0"",""discount_application"":""B"",""container_weight"":0,""net_weight"":""2"",""gross_weight"":""2"",""tax_type"":0,""excise_duty"":0,""tax1_label"":""CGST"",""tax2_label"":""SGST"",""tax3_label"":""IGST""},{""prev_price"":""250.000000"",""item_id"":""46453245"",""itemname"":""Big Clove Garlic"",""qty"":1,""price"":250,""amount"":250,""discount"":""0.000"",""lbl_unit"":""Kg"",""unit"":""5790692"",""description"":"""",""hsn_code"":"""",""weighted_price"":250,""invoice_date"":""2026-07-01"",""sap_code"":"""",""purchase_doc_number"":"""",""purchase_invoice_number"":"""",""tax1"":0,""tax2"":0,""tax3"":0,""tax1_amount"":0,""tax2_amount"":0,""tax3_amount"":0,""expiry_date"":"""",""manufacturing_date"":"""",""sap_group_master_id"":0,""category"":""Food"",""rmconv_qty"":""1000"",""rmconv_qty_total"":1000,""rmconv_unit_id"":""5790698"",""rmconv_unit"":""GM"",""yield_qty"":""0"",""discount_application"":""B"",""container_weight"":0,""net_weight"":""1"",""gross_weight"":""1"",""tax_type"":0,""excise_duty"":0,""tax1_label"":""CGST"",""tax2_label"":""SGST"",""tax3_label"":""IGST""}]",[],0,0,,,[],[],,,,,,,1,,,,,,,,,,,,,,,,,,,,,,,,,,,,,,,,,,,,,,,,,,,,,,,,,,,,,,,,,ac56e8b2-88b6-41b6-bd7d-81db9c7543ca,6a464591-6c14-4a4f-8907-25ec3c009e87,60.0.158.135,60.0.158.135,,,,,,,,,,,,,,,,,,,,,,,,,,,,,,,,,,,,,,,,,,,,,,,,,,,,,,,,,,,,,,,,,,,,,,,,,,,,,,,,,,,,,,,,,,,,,,,,,,,,,,,,,,,,,,,,,,,,,,,,,,,,,,,,,,,,,,,,,,,,,,,,,,,,,,,,,,,,,,,,,,,,,,,,,,,,,,,,,,,,,,,,,,,,,,,,,,,,,,,,,,,,,,,,,,,,,,,,,,,,,,,,,,,,,,,,,,,,,,,,,,,,,,,,,,,,,,,,,,,,,,,,,,,,,,,,,,,,,,,,,,,,,,,,,,,,,,,,,,,,,,,,,,,,,,,,,,,,,,,,,,,,,,,,,,,,,,,,,,,,,,,,,,,,,,,,,,,,,,,,,,,,,,,,,,,,,,,,,,,,,,,,,,,,,,,,,,,,,,,,,,,,,,,,,,,,,,,,,,,,,,,,,,,,,,,,,,,,,,,,,,,,,,,,,,,,,,,,,,,,,,,,,,,,,,,,,,,,,,,,,,,,,,,,,,,,,,,,,,,,,,,,,,,,,,,,,,,,,,,,,,,,,,,,,,,,,,,,,,,,,,,,,,,,,,,,,,,,,,,,,,,,,,,,,,,,,,,,,,,,,,,,,,,,,,,,,,,,,,,,,,,,,,,,,,,,,,,,,,,,,,,,,,,,,,,,,,,,,,,,,,,,,,,,,,,,,,,,,,,,,,,,,,,,,,,,,,,,,,,,,,
Ahmedabad Prep Kitchen,410150,133783252,Normal,,496,INV-894,2026-07-02,4745,0,Active,Unpaid,,4745,0,0,0,0.00,0,0,0,0,2026-07-02 15:45:48,2026-07-02 16:33:03,1139315,Supplier,,Surat,Ahmedabad Prep Kitchen,Gujarat,,"Ason vista, Sanidhya, Ahmedabad, Gujarat 380058",9510355182,,,,,B.k Aegro,Supplier,,Gujarat,,,,0,,,,,1,,,0,,"[{""prev_price"":""200.000000"",""item_id"":""46286260"",""itemname"":""Button Mushrooms"",""qty"":2,""price"":200,""amount"":400,""discount"":""0.000"",""lbl_unit"":""Kg"",""unit"":""5790692"",""description"":"""",""hsn_code"":"""",""weighted_price"":200,""invoice_date"":""2026-07-02"",""sap_code"":"""",""purchase_doc_number"":"""",""purchase_invoice_number"":"""",""tax1"":0,""tax2"":0,""tax3"":0,""tax1_amount"":0,""tax2_amount"":0,""tax3_amount"":0,""expiry_date"":"""",""manufacturing_date"":"""",""sap_group_master_id"":0,""category"":""Food"",""rmconv_qty"":""1000"",""rmconv_qty_total"":2000,""rmconv_unit_id"":""5790698"",""rmconv_unit"":""GM"",""yield_qty"":""0"",""discount_application"":""B"",""container_weight"":0,""net_weight"":""2"",""gross_weight"":""2"",""tax_type"":0,""excise_duty"":0,""tax1_label"":""CGST"",""tax2_label"":""SGST"",""tax3_label"":""IGST""},{""prev_price"":""300.000000"",""item_id"":""46286276"",""itemname"":""Broccoli"",""qty"":3,""price"":300,""amount"":900,""discount"":""0.000"",""lbl_unit"":""Kg"",""unit"":""5790692"",""description"":"""",""hsn_code"":"""",""weighted_price"":300,""invoice_date"":""2026-07-02"",""sap_code"":"""",""purchase_doc_number"":"""",""purchase_invoice_number"":"""",""tax1"":0,""tax2"":0,""tax3"":0,""tax1_amount"":0,""tax2_amount"":0,""tax3_amount"":0,""expiry_date"":"""",""manufacturing_date"":"""",""sap_group_master_id"":0,""category"":""Food"",""rmconv_qty"":""1000"",""rmconv_qty_total"":3000,""rmconv_unit_id"":""5790698"",""rmconv_unit"":""GM"",""yield_qty"":""0"",""discount_application"":""B"",""container_weight"":0,""net_weight"":""3"",""gross_weight"":""3"",""tax_type"":0,""excise_duty"":0,""tax1_label"":""CGST"",""tax2_label"":""SGST"",""tax3_label"":""IGST""},{""prev_price"":""350.000000"",""item_id"":""46286271"",""itemname"":""Green Garlic"",""qty"":1,""price"":350,""amount"":350,""discount"":""0.000"",""lbl_unit"":""Kg"",""unit"":""5790692"",""description"":"""",""hsn_code"":"""",""weighted_price"":350,""invoice_date"":""2026-07-02"",""sap_code"":"""",""purchase_doc_number"":"""",""purchase_invoice_number"":"""",""tax1"":0,""tax2"":0,""tax3"":0,""tax1_amount"":0,""tax2_amount"":0,""tax3_amount"":0,""expiry_date"":"""",""manufacturing_date"":"""",""sap_group_master_id"":0,""category"":""Food"",""rmconv_qty"":""1000"",""rmconv_qty_total"":1000,""rmconv_unit_id"":""5790698"",""rmconv_unit"":""GM"",""yield_qty"":""0"",""discount_application"":""B"",""container_weight"":0,""net_weight"":""1"",""gross_weight"":""1"",""tax_type"":0,""excise_duty"":0,""tax1_label"":""CGST"",""tax2_label"":""SGST"",""tax3_label"":""IGST""},{""prev_price"":""110.000000"",""item_id"":""46286166"",""itemname"":""Spring Onion ."",""qty"":4,""price"":110,""amount"":440,""discount"":""0.000"",""lbl_unit"":""Kg"",""unit"":""5790692"",""description"":"""",""hsn_code"":"""",""weighted_price"":110,""invoice_date"":""2026-07-02"",""sap_code"":"""",""purchase_doc_number"":"""",""purchase_invoice_number"":"""",""tax1"":0,""tax2"":0,""tax3"":0,""tax1_amount"":0,""tax2_amount"":0,""tax3_amount"":0,""expiry_date"":"""",""manufacturing_date"":"""",""sap_group_master_id"":0,""category"":""Food"",""rmconv_qty"":""1000"",""rmconv_qty_total"":4000,""rmconv_unit_id"":""5790698"",""rmconv_unit"":""GM"",""yield_qty"":""0"",""discount_application"":""B"",""container_weight"":0,""net_weight"":""4"",""gross_weight"":""4"",""tax_type"":0,""excise_duty"":0,""tax1_label"":""CGST"",""tax2_label"":""SGST"",""tax3_label"":""IGST""},{""prev_price"":""0.000000"",""item_id"":""46286280"",""itemname"":""Mint"",""qty"":0.5,""price"":80,""amount"":40,""discount"":""0.000"",""lbl_unit"":""pcs"",""unit"":""6058570"",""description"":"""",""hsn_code"":"""",""weighted_price"":80,""invoice_date"":""2026-07-02"",""sap_code"":"""",""purchase_doc_number"":"""",""purchase_invoice_number"":"""",""tax1"":0,""tax2"":0,""tax3"":0,""tax1_amount"":0,""tax2_amount"":0,""tax3_amount"":0,""expiry_date"":"""",""manufacturing_date"":"""",""sap_group_master_id"":0,""category"":""Food"",""yield_qty"":""0"",""discount_application"":""B"",""container_weight"":0,""net_weight"":""0.5"",""gross_weight"":0,""tax_type"":0,""excise_duty"":0,""tax1_label"":""CGST"",""tax2_label"":""SGST"",""tax3_label"":""IGST""},{""prev_price"":""40.000000"",""item_id"":""46286258"",""itemname"":""Onion"",""qty"":5,""price"":40,""amount"":200,""discount"":""0.000"",""lbl_unit"":""Kg"",""unit"":""5790692"",""description"":"""",""hsn_code"":"""",""weighted_price"":40,""invoice_date"":""2026-07-02"",""sap_code"":"""",""purchase_doc_number"":"""",""purchase_invoice_number"":"""",""tax1"":0,""tax2"":0,""tax3"":0,""tax1_amount"":0,""tax2_amount"":0,""tax3_amount"":0,""expiry_date"":"""",""manufacturing_date"":"""",""sap_group_master_id"":0,""category"":""Food"",""rmconv_qty"":""1000"",""rmconv_qty_total"":5000,""rmconv_unit_id"":""5790698"",""rmconv_unit"":""GM"",""yield_qty"":""0"",""discount_application"":""B"",""container_weight"":0,""net_weight"":""5"",""gross_weight"":""5"",""tax_type"":0,""excise_duty"":0,""tax1_label"":""CGST"",""tax2_label"":""SGST"",""tax3_label"":""IGST""},{""prev_price"":""60.000000"",""item_id"":""46286245"",""itemname"":""Beetroot"",""qty"":2,""price"":60,""amount"":120,""discount"":""0.000"",""lbl_unit"":""Kg"",""unit"":""5790692"",""description"":"""",""hsn_code"":"""",""weighted_price"":60,""invoice_date"":""2026-07-02"",""sap_code"":"""",""purchase_doc_number"":"""",""purchase_invoice_number"":"""",""tax1"":0,""tax2"":0,""tax3"":0,""tax1_amount"":0,""tax2_amount"":0,""tax3_amount"":0,""expiry_date"":"""",""manufacturing_date"":"""",""sap_group_master_id"":0,""category"":""Food"",""rmconv_qty"":""1000"",""rmconv_qty_total"":2000,""rmconv_unit_id"":""5790698"",""rmconv_unit"":""GM"",""yield_qty"":""0"",""discount_application"":""B"",""container_weight"":0,""net_weight"":""2"",""gross_weight"":""2"",""tax_type"":0,""excise_duty"":0,""tax1_label"":""CGST"",""tax2_label"":""SGST"",""tax3_label"":""IGST""},{""prev_price"":""0.250000"",""item_id"":""46286001"",""itemname"":""Iceberg"",""qty"":0.5,""price"":250,""amount"":125,""discount"":""0.000"",""lbl_unit"":""Kg"",""unit"":""5790692"",""description"":"""",""hsn_code"":"""",""weighted_price"":250,""invoice_date"":""2026-07-02"",""sap_code"":"""",""purchase_doc_number"":"""",""purchase_invoice_number"":"""",""tax1"":0,""tax2"":0,""tax3"":0,""tax1_amount"":0,""tax2_amount"":0,""tax3_amount"":0,""expiry_date"":"""",""manufacturing_date"":"""",""sap_group_master_id"":0,""category"":""Food"",""rmconv_qty"":""1000"",""rmconv_qty_total"":500,""rmconv_unit_id"":""5790698"",""rmconv_unit"":""GM"",""yield_qty"":""0"",""discount_application"":""B"",""container_weight"":0,""net_weight"":""0.5"",""gross_weight"":""0.5"",""tax_type"":0,""excise_duty"":0,""tax1_label"":""CGST"",""tax2_label"":""SGST"",""tax3_label"":""IGST""},{""prev_price"":""0.200000"",""item_id"":""46286006"",""itemname"":""Romaine"",""qty"":1,""price"":200,""amount"":200,""discount"":""0.000"",""lbl_unit"":""Kg"",""unit"":""5790692"",""description"":"""",""hsn_code"":"""",""weighted_price"":200,""invoice_date"":""2026-07-02"",""sap_code"":"""",""purchase_doc_number"":"""",""purchase_invoice_number"":"""",""tax1"":0,""tax2"":0,""tax3"":0,""tax1_amount"":0,""tax2_amount"":0,""tax3_amount"":0,""expiry_date"":"""",""manufacturing_date"":"""",""sap_group_master_id"":0,""category"":""Food"",""rmconv_qty"":""1000"",""rmconv_qty_total"":1000,""rmconv_unit_id"":""5790698"",""rmconv_unit"":""GM"",""yield_qty"":""0"",""discount_application"":""B"",""container_weight"":0,""net_weight"":""1"",""gross_weight"":""1"",""tax_type"":0,""excise_duty"":0,""tax1_label"":""CGST"",""tax2_label"":""SGST"",""tax3_label"":""IGST""},{""prev_price"":""100.000000"",""item_id"":""46286262"",""itemname"":""Lemon"",""qty"":2,""price"":100,""amount"":200,""discount"":""0.000"",""lbl_unit"":""Kg"",""unit"":""5790692"",""description"":"""",""hsn_code"":"""",""weighted_price"":100,""invoice_date"":""2026-07-02"",""sap_code"":"""",""purchase_doc_number"":"""",""purchase_invoice_number"":"""",""tax1"":0,""tax2"":0,""tax3"":0,""tax1_amount"":0,""tax2_amount"":0,""tax3_amount"":0,""expiry_date"":"""",""manufacturing_date"":"""",""sap_group_master_id"":0,""category"":""Food"",""yield_qty"":""0"",""discount_application"":""B"",""container_weight"":0,""net_weight"":""2"",""gross_weight"":""2"",""tax_type"":0,""excise_duty"":0,""tax1_label"":""CGST"",""tax2_label"":""SGST"",""tax3_label"":""IGST""},{""prev_price"":""0.800000"",""item_id"":""46286016"",""itemname"":""Rosemary"",""qty"":0.1,""price"":800,""amount"":80,""discount"":""0.000"",""lbl_unit"":""Kg"",""unit"":""5790692"",""description"":"""",""hsn_code"":"""",""weighted_price"":800,""invoice_date"":""2026-07-02"",""sap_code"":"""",""purchase_doc_number"":"""",""purchase_invoice_number"":"""",""tax1"":0,""tax2"":0,""tax3"":0,""tax1_amount"":0,""tax2_amount"":0,""tax3_amount"":0,""expiry_date"":"""",""manufacturing_date"":"""",""sap_group_master_id"":0,""category"":""Food"",""rmconv_qty"":""1000"",""rmconv_qty_total"":100,""rmconv_unit_id"":""5790698"",""rmconv_unit"":""GM"",""yield_qty"":""0"",""discount_application"":""B"",""container_weight"":0,""net_weight"":""0.1"",""gross_weight"":""0.1"",""tax_type"":0,""excise_duty"":0,""tax1_label"":""CGST"",""tax2_label"":""SGST"",""tax3_label"":""IGST""},{""prev_price"":""110.000000"",""item_id"":""46453239"",""itemname"":""W Skin Pineapple"",""qty"":5,""price"":110,""amount"":550,""discount"":""0.000"",""lbl_unit"":""Piece"",""unit"":""5790691"",""description"":"""",""hsn_code"":"""",""weighted_price"":110,""invoice_date"":""2026-07-02"",""sap_code"":"""",""purchase_doc_number"":"""",""purchase_invoice_number"":"""",""tax1"":0,""tax2"":0,""tax3"":0,""tax1_amount"":0,""tax2_amount"":0,""tax3_amount"":0,""expiry_date"":"""",""manufacturing_date"":"""",""sap_group_master_id"":0,""category"":""Food"",""yield_qty"":""0"",""discount_application"":""B"",""container_weight"":0,""net_weight"":""5"",""gross_weight"":""5"",""tax_type"":0,""excise_duty"":0,""tax1_label"":""CGST"",""tax2_label"":""SGST"",""tax3_label"":""IGST""},{""prev_price"":""180.000000"",""item_id"":""46286174"",""itemname"":""Lemon Grass"",""qty"":0.5,""price"":180,""amount"":90,""discount"":""0.000"",""lbl_unit"":""Kg"",""unit"":""5790692"",""description"":"""",""hsn_code"":"""",""weighted_price"":180,""invoice_date"":""2026-07-02"",""sap_code"":"""",""purchase_doc_number"":"""",""purchase_invoice_number"":"""",""tax1"":0,""tax2"":0,""tax3"":0,""tax1_amount"":0,""tax2_amount"":0,""tax3_amount"":0,""expiry_date"":"""",""manufacturing_date"":"""",""sap_group_master_id"":0,""category"":""Food"",""rmconv_qty"":""1000"",""rmconv_qty_total"":500,""rmconv_unit_id"":""5790698"",""rmconv_unit"":""GM"",""yield_qty"":""0"",""discount_application"":""B"",""container_weight"":0,""net_weight"":""0.5"",""gross_weight"":""0.5"",""tax_type"":0,""excise_duty"":0,""tax1_label"":""CGST"",""tax2_label"":""SGST"",""tax3_label"":""IGST""},{""prev_price"":""0.000000"",""item_id"":""46286213"",""itemname"":""Green Bell Pepper"",""qty"":3,""price"":90,""amount"":270,""discount"":""0.000"",""lbl_unit"":""Kg"",""unit"":""5790692"",""description"":"""",""hsn_code"":"""",""weighted_price"":90,""invoice_date"":""2026-07-02"",""sap_code"":"""",""purchase_doc_number"":"""",""purchase_invoice_number"":"""",""tax1"":0,""tax2"":0,""tax3"":0,""tax1_amount"":0,""tax2_amount"":0,""tax3_amount"":0,""expiry_date"":"""",""manufacturing_date"":"""",""sap_group_master_id"":0,""category"":""Food"",""rmconv_qty"":""1000"",""rmconv_qty_total"":3000,""rmconv_unit_id"":""5790698"",""rmconv_unit"":""GM"",""yield_qty"":""0"",""discount_application"":""B"",""container_weight"":0,""net_weight"":""3"",""gross_weight"":0,""tax_type"":0,""excise_duty"":0,""tax1_label"":""CGST"",""tax2_label"":""SGST"",""tax3_label"":""IGST""},{""prev_price"":""150.000000"",""item_id"":""46286277"",""itemname"":""Basil"",""qty"":2,""price"":150,""amount"":300,""discount"":""0.000"",""lbl_unit"":""Kg"",""unit"":""5790692"",""description"":"""",""hsn_code"":"""",""weighted_price"":150,""invoice_date"":""2026-07-02"",""sap_code"":"""",""purchase_doc_number"":"""",""purchase_invoice_number"":"""",""tax1"":0,""tax2"":0,""tax3"":0,""tax1_amount"":0,""tax2_amount"":0,""tax3_amount"":0,""expiry_date"":"""",""manufacturing_date"":"""",""sap_group_master_id"":0,""category"":""Food"",""rmconv_qty"":""1000"",""rmconv_qty_total"":2000,""rmconv_unit_id"":""5790698"",""rmconv_unit"":""GM"",""yield_qty"":""0"",""discount_application"":""B"",""container_weight"":0,""net_weight"":""2"",""gross_weight"":""2"",""tax_type"":0,""excise_duty"":0,""tax1_label"":""CGST"",""tax2_label"":""SGST"",""tax3_label"":""IGST""},{""prev_price"":""240.000000"",""item_id"":""46453245"",""itemname"":""Big Clove Garlic"",""qty"":2,""price"":240,""amount"":480,""discount"":""0.000"",""lbl_unit"":""Kg"",""unit"":""5790692"",""description"":"""",""hsn_code"":"""",""weighted_price"":240,""invoice_date"":""2026-07-02"",""sap_code"":"""",""purchase_doc_number"":"""",""purchase_invoice_number"":"""",""tax1"":0,""tax2"":0,""tax3"":0,""tax1_amount"":0,""tax2_amount"":0,""tax3_amount"":0,""expiry_date"":"""",""manufacturing_date"":"""",""sap_group_master_id"":0,""category"":""Food"",""rmconv_qty"":""1000"",""rmconv_qty_total"":2000,""rmconv_unit_id"":""5790698"",""rmconv_unit"":""GM"",""yield_qty"":""0"",""discount_application"":""B"",""container_weight"":0,""net_weight"":""2"",""gross_weight"":""2"",""tax_type"":0,""excise_duty"":0,""tax1_label"":""CGST"",""tax2_label"":""SGST"",""tax3_label"":""IGST""}]",[],0,0,,,[],[],,,,,,,1,,,,,,,,,,,,,,,,,,,,,,,,,,,,,,,,,,,,,,,,,,,,,,,,,,,,,,,,,,,,,041a0b89-832d-4920-971b-80496814ba8f,6a46451f-faf0-4cc2-a390-27093c009e87,60.0.134.248,60.0.158.135,,,,,,,,,,,,,,,,,,,,,,,,,,,,,,,,,,,,,,,,,,,,,,,,,,,,,,,,,,,,,,,,,,,,,,,,,,,,,,,,,,,,,,,,,,,,,,,,,,,,,,,,,,,,,,,,,,,,,,,,,,,,,,,,,,,,,,,,,,,,,,,,,,,,,,,,,,,,,,,,,,,,,,,,,,,,,,,,,,,,,,,,,,,,,,,,,,,,,,,,,,,,,,,,,,,,,,,,,,,,,,,,,,,,,,,,,,,,,,,,,,,,,,,,,,,,,,,,,,,,,,,,,,,,,,,,,,,,,,,,,,,,,,,,,,,,,,,,,,,,,,,,,,,,,,,,,,,,,,,,,,,,,,,,,,,,,,,,,,,,,,,,,,,,,,,,,,,,,,,,,,,,,,,,,,,,,,,,,,,,,,,,,,,,,,,,,,,,,,,,,,,,,,,,,,,,,,,,,,,,,,,,,,,,,,,,,,,,,,,,,,,,,,,,,,,,,,,,,,,,,,,,,,,,,,,,,,,,,,,,,,,,,,,,,,,,,,,,,,,,,,,,,,,,,,,,,,,,,,,,,,,,,,,,,,,,,,,,,,,,,,,,,,,,,,,,,,,,,,,,,,,,,,,,,,,,,,,,,,,,,,,,,,,,,,,,,,,,,,,,,,,,,,,,,,,,,,,,,,,,,,,,,,,,,,,,,,,,,,,,,,,,,,,,,,,,,,,,,,,,,,,,,,,,,,,,,,,,,,
Ahmedabad Prep Kitchen,410150,133778724,Normal,,495,INV-892,2026-07-01,750,0,Active,Unpaid,,750,0,0,0,0.00,0,0,0,0,2026-07-02 15:12:44,2026-07-02 16:24:43,1139315,Supplier,,Surat,Ahmedabad Prep Kitchen,Gujarat,,"Ason vista, Sanidhya, Ahmedabad, Gujarat 380058",9510355182,,,,,B.k Aegro,Supplier,,Gujarat,,,,0,,,,,1,,,0,,"[{""prev_price"":""0.000000"",""item_id"":""46285751"",""itemname"":""Bokchoy"",""qty"":2,""price"":150,""amount"":300,""discount"":""0.000"",""lbl_unit"":""Kg"",""unit"":""5790692"",""description"":"""",""hsn_code"":"""",""weighted_price"":150,""invoice_date"":""2026-07-01"",""sap_code"":"""",""purchase_doc_number"":"""",""purchase_invoice_number"":"""",""tax1"":0,""tax2"":0,""tax3"":0,""tax1_amount"":0,""tax2_amount"":0,""tax3_amount"":0,""expiry_date"":"""",""manufacturing_date"":"""",""sap_group_master_id"":0,""category"":""Food"",""rmconv_qty"":""1000"",""rmconv_qty_total"":2000,""rmconv_unit_id"":""5790698"",""rmconv_unit"":""GM"",""yield_qty"":""0"",""discount_application"":""B"",""container_weight"":0,""net_weight"":""2"",""gross_weight"":""2"",""tax_type"":0,""excise_duty"":0,""tax1_label"":""CGST"",""tax2_label"":""SGST"",""tax3_label"":""IGST""},{""prev_price"":""0.450000"",""item_id"":""46286040"",""itemname"":""Italian Lemon"",""qty"":1,""price"":450,""amount"":450,""discount"":""0.000"",""lbl_unit"":""Kg"",""unit"":""5790692"",""description"":"""",""hsn_code"":"""",""weighted_price"":450,""invoice_date"":""2026-07-01"",""sap_code"":"""",""purchase_doc_number"":"""",""purchase_invoice_number"":"""",""tax1"":0,""tax2"":0,""tax3"":0,""tax1_amount"":0,""tax2_amount"":0,""tax3_amount"":0,""expiry_date"":"""",""manufacturing_date"":"""",""sap_group_master_id"":0,""category"":""Food"",""rmconv_qty"":""1000"",""rmconv_qty_total"":1000,""rmconv_unit_id"":""5790698"",""rmconv_unit"":""GM"",""yield_qty"":""0"",""discount_application"":""B"",""container_weight"":0,""net_weight"":""1"",""gross_weight"":""1"",""tax_type"":0,""excise_duty"":0,""tax1_label"":""CGST"",""tax2_label"":""SGST"",""tax3_label"":""IGST""}]",[],0,0,,,[],[],,,,,,,1,,,,,,,,,,,,,,,,,,,,,,,,,,,,,,,,,,,,,,,,,,,,,,,,,,,,,,,,,,,,,,,,,0a51bb0e-1b34-4b7c-ad7a-3f3c5d029ce0,6a46434f-d2fc-4cc1-a7a3-63863c0081c4,60.0.158.135,60.0.129.196,,,,,,,,,,,,,,,,,,,,,,,,,,,,,,,,,,,,,,,,,,,,,,,,,,,,,,,,,,,,,,,,,,,,,,,,,,,,,,,,,,,,,,,,,,,,,,,,,,,,,,,,,,,,,,,,,,,,,,,,,,,,,,,,,,,,,,,,,,,,,,,,,,,,,,,,,,,,,,,,,,,,,,,,,,,,,,,,,,,,,,,,,,,,,,,,,,,,,,,,,,,,,,,,,,,,,,,,,,,,,,,,,,,,,,,,,,,,,,,,,,,,,,,,,,,,,,,,,,,,,,,,,,,,,,,,,,,,,,,,,,,,,,,,,,,,,,,,,,,,,,,,,,,,,,,,,,,,,,,,,,,,,,,,,,,,,,,,,,,,,,,,,,,,,,,,,,,,,,,,,,,,,,,,,,,,,,,,,,,,,,,,,,,,,,,,,,,,,,,,,,,,,,,,,,,,,,,,,,,,,,,,,,,,,,,,,,,,,,,,,,,,,,,,,,,,,,,,,,,,,,,,,,,,,,,,,,,,,,,,,,,,,,,,,,,,,,,,,,,,,,,,,,,,,,,,,,,,,,,,,,,,,,,,,,,,,,,,,,,,,,,,,,,,,,,,,,,,,,,,,,,,,,,,,,,,,,,,,,,,,,,,,,,,,,,,,,,,,,,,,,,,,,,,,,,,,,,,,,,,,,,,,,,,,,,,,,,,,,,,,,,,,,,,,,,,,,,,,,,,,,,,,,,,,,,,,,
Ahmedabad Prep Kitchen,410150,133778639,Normal,,494,INV-890,2026-07-01,4650,0,Active,Unpaid,,4650,0,0,0,0.00,0,0,0,0,2026-07-02 15:11:58,2026-07-02 16:27:24,1139315,Supplier,,Surat,Ahmedabad Prep Kitchen,Gujarat,,"Ason vista, Sanidhya, Ahmedabad, Gujarat 380058",9510355182,,,,,B.k Aegro,Supplier,,Gujarat,,,,0,,,,,1,,,0,,"[{""prev_price"":""300.000000"",""item_id"":""46286276"",""itemname"":""Broccoli"",""qty"":4,""price"":300,""amount"":1200,""discount"":""0.000"",""lbl_unit"":""Kg"",""unit"":""5790692"",""description"":"""",""hsn_code"":"""",""weighted_price"":300,""invoice_date"":""2026-07-01"",""sap_code"":"""",""purchase_doc_number"":"""",""purchase_invoice_number"":"""",""tax1"":0,""tax2"":0,""tax3"":0,""tax1_amount"":0,""tax2_amount"":0,""tax3_amount"":0,""expiry_date"":"""",""manufacturing_date"":"""",""sap_group_master_id"":0,""category"":""Food"",""rmconv_qty"":""1000"",""rmconv_qty_total"":4000,""rmconv_unit_id"":""5790698"",""rmconv_unit"":""GM"",""yield_qty"":""0"",""discount_application"":""B"",""container_weight"":0,""net_weight"":""4"",""gross_weight"":""4"",""tax_type"":0,""excise_duty"":0,""tax1_label"":""CGST"",""tax2_label"":""SGST"",""tax3_label"":""IGST""},{""prev_price"":""110.000000"",""item_id"":""46286166"",""itemname"":""Spring Onion ."",""qty"":2,""price"":110,""amount"":220,""discount"":""0.000"",""lbl_unit"":""Kg"",""unit"":""5790692"",""description"":"""",""hsn_code"":"""",""weighted_price"":110,""invoice_date"":""2026-07-01"",""sap_code"":"""",""purchase_doc_number"":"""",""purchase_invoice_number"":"""",""tax1"":0,""tax2"":0,""tax3"":0,""tax1_amount"":0,""tax2_amount"":0,""tax3_amount"":0,""expiry_date"":"""",""manufacturing_date"":"""",""sap_group_master_id"":0,""category"":""Food"",""rmconv_qty"":""1000"",""rmconv_qty_total"":2000,""rmconv_unit_id"":""5790698"",""rmconv_unit"":""GM"",""yield_qty"":""0"",""discount_application"":""B"",""container_weight"":0,""net_weight"":""2"",""gross_weight"":""2"",""tax_type"":0,""excise_duty"":0,""tax1_label"":""CGST"",""tax2_label"":""SGST"",""tax3_label"":""IGST""},{""prev_price"":""0.000000"",""item_id"":""46286256"",""itemname"":""Parsley"",""qty"":0.5,""price"":250,""amount"":125,""discount"":""0.000"",""lbl_unit"":""Kg"",""unit"":""5790692"",""description"":"""",""hsn_code"":"""",""weighted_price"":250,""invoice_date"":""2026-07-01"",""sap_code"":"""",""purchase_doc_number"":"""",""purchase_invoice_number"":"""",""tax1"":0,""tax2"":0,""tax3"":0,""tax1_amount"":0,""tax2_amount"":0,""tax3_amount"":0,""expiry_date"":"""",""manufacturing_date"":"""",""sap_group_master_id"":0,""category"":""Food"",""rmconv_qty"":""1000"",""rmconv_qty_total"":500,""rmconv_unit_id"":""5790698"",""rmconv_unit"":""GM"",""yield_qty"":""0"",""discount_application"":""B"",""container_weight"":0,""net_weight"":""0.5"",""gross_weight"":0,""tax_type"":0,""excise_duty"":0,""tax1_label"":""CGST"",""tax2_label"":""SGST"",""tax3_label"":""IGST""},{""prev_price"":""0.000000"",""item_id"":""46286280"",""itemname"":""Mint"",""qty"":1,""price"":80,""amount"":80,""discount"":""0.000"",""lbl_unit"":""pcs"",""unit"":""6058570"",""description"":"""",""hsn_code"":"""",""weighted_price"":80,""invoice_date"":""2026-07-01"",""sap_code"":"""",""purchase_doc_number"":"""",""purchase_invoice_number"":"""",""tax1"":0,""tax2"":0,""tax3"":0,""tax1_amount"":0,""tax2_amount"":0,""tax3_amount"":0,""expiry_date"":"""",""manufacturing_date"":"""",""sap_group_master_id"":0,""category"":""Food"",""yield_qty"":""0"",""discount_application"":""B"",""container_weight"":0,""net_weight"":""1"",""gross_weight"":0,""tax_type"":0,""excise_duty"":0,""tax1_label"":""CGST"",""tax2_label"":""SGST"",""tax3_label"":""IGST""},{""prev_price"":""40.000000"",""item_id"":""46286258"",""itemname"":""Onion"",""qty"":5,""price"":40,""amount"":200,""discount"":""0.000"",""lbl_unit"":""Kg"",""unit"":""5790692"",""description"":"""",""hsn_code"":"""",""weighted_price"":40,""invoice_date"":""2026-07-01"",""sap_code"":"""",""purchase_doc_number"":"""",""purchase_invoice_number"":"""",""tax1"":0,""tax2"":0,""tax3"":0,""tax1_amount"":0,""tax2_amount"":0,""tax3_amount"":0,""expiry_date"":"""",""manufacturing_date"":"""",""sap_group_master_id"":0,""category"":""Food"",""rmconv_qty"":""1000"",""rmconv_qty_total"":5000,""rmconv_unit_id"":""5790698"",""rmconv_unit"":""GM"",""yield_qty"":""0"",""discount_application"":""B"",""container_weight"":0,""net_weight"":""5"",""gross_weight"":""5"",""tax_type"":0,""excise_duty"":0,""tax1_label"":""CGST"",""tax2_label"":""SGST"",""tax3_label"":""IGST""},{""prev_price"":""100.000000"",""item_id"":""46453261"",""itemname"":""Green Lemon"",""qty"":1,""price"":100,""amount"":100,""discount"":""0.000"",""lbl_unit"":""Kg"",""unit"":""5790692"",""description"":"""",""hsn_code"":"""",""weighted_price"":100,""invoice_date"":""2026-07-01"",""sap_code"":"""",""purchase_doc_number"":"""",""purchase_invoice_number"":"""",""tax1"":0,""tax2"":0,""tax3"":0,""tax1_amount"":0,""tax2_amount"":0,""tax3_amount"":0,""expiry_date"":"""",""manufacturing_date"":"""",""sap_group_master_id"":0,""category"":""Food"",""rmconv_qty"":""1000"",""rmconv_qty_total"":1000,""rmconv_unit_id"":""5790698"",""rmconv_unit"":""GM"",""yield_qty"":""0"",""discount_application"":""B"",""container_weight"":0,""net_weight"":""1"",""gross_weight"":""1"",""tax_type"":0,""excise_duty"":0,""tax1_label"":""CGST"",""tax2_label"":""SGST"",""tax3_label"":""IGST""},{""prev_price"":""0.250000"",""item_id"":""46286001"",""itemname"":""Iceberg"",""qty"":1,""price"":250,""amount"":250,""discount"":""0.000"",""lbl_unit"":""Kg"",""unit"":""5790692"",""description"":"""",""hsn_code"":"""",""weighted_price"":250,""invoice_date"":""2026-07-01"",""sap_code"":"""",""purchase_doc_number"":"""",""purchase_invoice_number"":"""",""tax1"":0,""tax2"":0,""tax3"":0,""tax1_amount"":0,""tax2_amount"":0,""tax3_amount"":0,""expiry_date"":"""",""manufacturing_date"":"""",""sap_group_master_id"":0,""category"":""Food"",""rmconv_qty"":""1000"",""rmconv_qty_total"":1000,""rmconv_unit_id"":""5790698"",""rmconv_unit"":""GM"",""yield_qty"":""0"",""discount_application"":""B"",""container_weight"":0,""net_weight"":""1"",""gross_weight"":""1"",""tax_type"":0,""excise_duty"":0,""tax1_label"":""CGST"",""tax2_label"":""SGST"",""tax3_label"":""IGST""},{""prev_price"":""0.350000"",""item_id"":""46286003"",""itemname"":""Lollo Rosso"",""qty"":0.5,""price"":350,""amount"":175,""discount"":""0.000"",""lbl_unit"":""Kg"",""unit"":""5790692"",""description"":"""",""hsn_code"":"""",""weighted_price"":350,""invoice_date"":""2026-07-01"",""sap_code"":"""",""purchase_doc_number"":"""",""purchase_invoice_number"":"""",""tax1"":0,""tax2"":0,""tax3"":0,""tax1_amount"":0,""tax2_amount"":0,""tax3_amount"":0,""expiry_date"":"""",""manufacturing_date"":"""",""sap_group_master_id"":0,""category"":""Food"",""rmconv_qty"":""1000"",""rmconv_qty_total"":500,""rmconv_unit_id"":""5790698"",""rmconv_unit"":""GM"",""yield_qty"":""0"",""discount_application"":""B"",""container_weight"":0,""net_weight"":""0.5"",""gross_weight"":""0.5"",""tax_type"":0,""excise_duty"":0,""tax1_label"":""CGST"",""tax2_label"":""SGST"",""tax3_label"":""IGST""},{""prev_price"":""100.000000"",""item_id"":""46286262"",""itemname"":""Lemon"",""qty"":2,""price"":100,""amount"":200,""discount"":""0.000"",""lbl_unit"":""Kg"",""unit"":""5790692"",""description"":"""",""hsn_code"":"""",""weighted_price"":100,""invoice_date"":""2026-07-01"",""sap_code"":"""",""purchase_doc_number"":"""",""purchase_invoice_number"":"""",""tax1"":0,""tax2"":0,""tax3"":0,""tax1_amount"":0,""tax2_amount"":0,""tax3_amount"":0,""expiry_date"":"""",""manufacturing_date"":"""",""sap_group_master_id"":0,""category"":""Food"",""yield_qty"":""0"",""discount_application"":""B"",""container_weight"":0,""net_weight"":""2"",""gross_weight"":""2"",""tax_type"":0,""excise_duty"":0,""tax1_label"":""CGST"",""tax2_label"":""SGST"",""tax3_label"":""IGST""},{""prev_price"":""110.000000"",""item_id"":""46453239"",""itemname"":""W Skin Pineapple"",""qty"":7,""price"":110,""amount"":770,""discount"":""0.000"",""lbl_unit"":""Piece"",""unit"":""5790691"",""description"":"""",""hsn_code"":"""",""weighted_price"":110,""invoice_date"":""2026-07-01"",""sap_code"":"""",""purchase_doc_number"":"""",""purchase_invoice_number"":"""",""tax1"":0,""tax2"":0,""tax3"":0,""tax1_amount"":0,""tax2_amount"":0,""tax3_amount"":0,""expiry_date"":"""",""manufacturing_date"":"""",""sap_group_master_id"":0,""category"":""Food"",""yield_qty"":""0"",""discount_application"":""B"",""container_weight"":0,""net_weight"":""7"",""gross_weight"":""7"",""tax_type"":0,""excise_duty"":0,""tax1_label"":""CGST"",""tax2_label"":""SGST"",""tax3_label"":""IGST""},{""prev_price"":""0.000000"",""item_id"":""46286213"",""itemname"":""Green Bell Pepper"",""qty"":2,""price"":100,""amount"":200,""discount"":""0.000"",""lbl_unit"":""Kg"",""unit"":""5790692"",""description"":"""",""hsn_code"":"""",""weighted_price"":100,""invoice_date"":""2026-07-01"",""sap_code"":"""",""purchase_doc_number"":"""",""purchase_invoice_number"":"""",""tax1"":0,""tax2"":0,""tax3"":0,""tax1_amount"":0,""tax2_amount"":0,""tax3_amount"":0,""expiry_date"":"""",""manufacturing_date"":"""",""sap_group_master_id"":0,""category"":""Food"",""rmconv_qty"":""1000"",""rmconv_qty_total"":2000,""rmconv_unit_id"":""5790698"",""rmconv_unit"":""GM"",""yield_qty"":""0"",""discount_application"":""B"",""container_weight"":0,""net_weight"":""2"",""gross_weight"":0,""tax_type"":0,""excise_duty"":0,""tax1_label"":""CGST"",""tax2_label"":""SGST"",""tax3_label"":""IGST""},{""prev_price"":""40.000000"",""item_id"":""46286381"",""itemname"":""Watermelon"",""qty"":4,""price"":40,""amount"":160,""discount"":""0.000"",""lbl_unit"":""Kg"",""unit"":""5790692"",""description"":"""",""hsn_code"":"""",""weighted_price"":40,""invoice_date"":""2026-07-01"",""sap_code"":"""",""purchase_doc_number"":"""",""purchase_invoice_number"":"""",""tax1"":0,""tax2"":0,""tax3"":0,""tax1_amount"":0,""tax2_amount"":0,""tax3_amount"":0,""expiry_date"":"""",""manufacturing_date"":"""",""sap_group_master_id"":0,""category"":""Food"",""yield_qty"":""0"",""discount_application"":""B"",""container_weight"":0,""net_weight"":""4"",""gross_weight"":""4"",""tax_type"":0,""excise_duty"":0,""tax1_label"":""CGST"",""tax2_label"":""SGST"",""tax3_label"":""IGST""},{""prev_price"":""60.000000"",""item_id"":""46286266"",""itemname"":""Green Chilli"",""qty"":1,""price"":60,""amount"":60,""discount"":""0.000"",""lbl_unit"":""Kg"",""unit"":""5790692"",""description"":"""",""hsn_code"":"""",""weighted_price"":60,""invoice_date"":""2026-07-01"",""sap_code"":"""",""purchase_doc_number"":"""",""purchase_invoice_number"":"""",""tax1"":0,""tax2"":0,""tax3"":0,""tax1_amount"":0,""tax2_amount"":0,""tax3_amount"":0,""expiry_date"":"""",""manufacturing_date"":"""",""sap_group_master_id"":0,""category"":""Food"",""rmconv_qty"":""1000"",""rmconv_qty_total"":1000,""rmconv_unit_id"":""5790698"",""rmconv_unit"":""GM"",""yield_qty"":""0"",""discount_application"":""B"",""container_weight"":0,""net_weight"":""1"",""gross_weight"":""1"",""tax_type"":0,""excise_duty"":0,""tax1_label"":""CGST"",""tax2_label"":""SGST"",""tax3_label"":""IGST""},{""prev_price"":""160.000000"",""item_id"":""46285900"",""itemname"":""Edible Flowers"",""qty"":1,""price"":160,""amount"":160,""discount"":""0.000"",""lbl_unit"":""Piece"",""unit"":""5790691"",""description"":"""",""hsn_code"":"""",""weighted_price"":160,""invoice_date"":""2026-07-01"",""sap_code"":"""",""purchase_doc_number"":"""",""purchase_invoice_number"":"""",""tax1"":0,""tax2"":0,""tax3"":0,""tax1_amount"":0,""tax2_amount"":0,""tax3_amount"":0,""expiry_date"":"""",""manufacturing_date"":"""",""sap_group_master_id"":0,""category"":"""",""yield_qty"":""0"",""discount_application"":""B"",""container_weight"":0,""net_weight"":""1"",""gross_weight"":""1"",""tax_type"":0,""excise_duty"":0,""tax1_label"":""CGST"",""tax2_label"":""SGST"",""tax3_label"":""IGST""},{""prev_price"":""250.000000"",""item_id"":""46453245"",""itemname"":""Big Clove Garlic"",""qty"":3,""price"":250,""amount"":750,""discount"":""0.000"",""lbl_unit"":""Kg"",""unit"":""5790692"",""description"":"""",""hsn_code"":"""",""weighted_price"":250,""invoice_date"":""2026-07-01"",""sap_code"":"""",""purchase_doc_number"":"""",""purchase_invoice_number"":"""",""tax1"":0,""tax2"":0,""tax3"":0,""tax1_amount"":0,""tax2_amount"":0,""tax3_amount"":0,""expiry_date"":"""",""manufacturing_date"":"""",""sap_group_master_id"":0,""category"":""Food"",""rmconv_qty"":""1000"",""rmconv_qty_total"":3000,""rmconv_unit_id"":""5790698"",""rmconv_unit"":""GM"",""yield_qty"":""0"",""discount_application"":""B"",""container_weight"":0,""net_weight"":""3"",""gross_weight"":""3"",""tax_type"":0,""excise_duty"":0,""tax1_label"":""CGST"",""tax2_label"":""SGST"",""tax3_label"":""IGST""}]",[],0,0,,,[],[],,,,,,,1,,,,,,,,,,,,,,,,,,,,,,,,,,,,,,,,,,,,,,,,,,,,,,,,,,,,,,,,,,,,,,,,,,,,,5f11ba58-6721-4ac2-a110-89042645cf59,6a4643b6-cc78-481d-b3ce-6fb93c0086f8,60.0.134.248,60.0.129.196,,,,,,,,,,,,,,,,,,,,,,,,,,,,,,,,,,,,,,,,,,,,,,,,,,,,,,,,,,,,,,,,,,,,,,,,,,,,,,,,,,,,,,,,,,,,,,,,,,,,,,,,,,,,,,,,,,,,,,,,,,,,,,,,,,,,,,,,,,,,,,,,,,,,,,,,,,,,,,,,,,,,,,,,,,,,,,,,,,,,,,,,,,,,,,,,,,,,,,,,,,,,,,,,,,,,,,,,,,,,,,,,,,,,,,,,,,,,,,,,,,,,,,,,,,,,,,,,,,,,,,,,,,,,,,,,,,,,,,,,,,,,,,,,,,,,,,,,,,,,,,,,,,,,,,,,,,,,,,,,,,,,,,,,,,,,,,,,,,,,,,,,,,,,,,,,,,,,,,,,,,,,,,,,,,,,,,,,,,,,,,,,,,,,,,,,,,,,,,,,,,,,,,,,,,,,,,,,,,,,,,,,,,,,,,,,,,,,,,,,,,,,,,,,,,,,,,,,,,,,,,,,,,,,,,,,,,,,,,,,,,,,,,,,,,,,,,,,,,,,,,,,,,,,,,,,,,,,,,,,,,,,,,,,,,,,,,,,,,,,,,,,,,,,,,,,,,,,,,,,,,,,,,,,,,,,,,,,,,,,,,,,,,,,,,,,,,,,,,,,,,,,,,,,,,,,,,,,,,,,,,,,,,,,,,,,,,,,,,,,,,,,,,,,,,,,,,,,,,,,,,,,,,,,,,
Ahmedabad Prep Kitchen,410150,133607987,Manual Stock,0,0,,2026-07-01,0,0,Active,Unpaid,,0,0,0,0,0.00,0,0,0,0,2026-07-01 03:09:37,2026-07-01 03:09:37,410150,Kitchen,,,,Gujarat,,,,,,,,,,,Gujarat,,,,,,,,,,,,,,"[{""item_id"":""46286275"",""unit"":""5790692"",""qty"":30.3503,""itemname"":""Cherry Tomato"",""lbl_unit"":""Kg"",""description"":"""",""weighted_price"":0,""price"":0,""amount"":0,""hsn_code"":"""",""batchprefix"":"""",""existing_stock"":-29.3503,""current_stock"":1,""rmconv_qty"":""1000"",""rmconv_qty_total"":30350.3,""rmconv_unit"":""GM"",""rmconv_unit_id"":""5790698"",""category"":""Food"",""sap_code"":"""",""tax_type"":0,""excise_duty"":0,""tax1_label"":""CGST"",""tax2_label"":""SGST"",""tax3_label"":""IGST""}]",[],0,0,,,[],[],,,,,,,,,,,,,,,,,,,,,,,,,,,,,,,,,,,,,,,,,,,,,,,,,,,,,,,,,,,,,,,,,,,,,,,,,,,,,,,,6a443790-e22c-4827-a491-09533c009e87,60.0.158.135,1,,,,,,,,,,,,,,,,,,,,,,,,,,,,,,,,,,,,,,,,,,,,,,,,,,,,,,,,,,,,,,,,,,,,,,,,,,,,,,,,,,,,,,,,,,,,,,,,,,,,,,,,,,,,,,,,,,,,,,,,,,,,,,,,,,,,,,,,,,,,,,,,,,,,,,,,,,,,,,,,,,,,,,,,,,,,,,,,,,,,,,,,,,,,,,,,,,,,,,,,,,,,,,,,,,,,,,,,,,,,,,,,,,,,,,,,,,,,,,,,,,,,,,,,,,,,,,,,,,,,,,,,,,,,,,,,,,,,,,,,,,,,,,,,,,,,,,,,,,,,,,,,,,,,,,,,,,,,,,,,,,,,,,,,,,,,,,,,,,,,,,,,,,,,,,,,,,,,,,,,,,,,,,,,,,,,,,,,,,,,,,,,,,,,,,,,,,,,,,,,,,,,,,,,,,,,,,,,,,,,,,,,,,,,,,,,,,,,,,,,,,,,,,,,,,,,,,,,,,,,,,,,,,,,,,,,,,,,,,,,,,,,,,,,,,,,,,,,,,,,,,,,,,,,,,,,,,,,,,,,,,,,,,,,,,,,,,,,,,,,,,,,,,,,,,,,,,,,,,,,,,,,,,,,,,,,,,,,,,,,,,,,,,,,,,,,,,,,,,,,,,,,,,,,,,,,,,,,,,,,,,,,,,,,,,,,,,,,,,,,,,,,,,,,,,,,,,,,,,,,,,,,,,,
Ahmedabad Prep Kitchen,410150,133607985,Manual Stock,0,0,,2026-07-01,0,0,Active,Unpaid,,0,0,0,0,0.00,0,0,0,0,2026-07-01 03:09:25,2026-07-01 03:09:25,410150,Kitchen,,,,Gujarat,,,,,,,,,,,Gujarat,,,,,,,,,,,,,,"[{""item_id"":""46285961"",""unit"":""5790692"",""qty"":1.45,""itemname"":""French Beans Cut"",""lbl_unit"":""Kg"",""description"":"""",""weighted_price"":0,""price"":0,""amount"":0,""hsn_code"":"""",""batchprefix"":"""",""existing_stock"":-0.25,""current_stock"":1.2,""rmconv_qty"":""1000"",""rmconv_qty_total"":1450,""rmconv_unit"":""GM"",""rmconv_unit_id"":""5790698"",""category"":""Food"",""sap_code"":"""",""tax_type"":0,""excise_duty"":0,""tax1_label"":""CGST"",""tax2_label"":""SGST"",""tax3_label"":""IGST""}]",[],0,0,,,[],[],,,,,,,,,,,,,,,,,,,,,,,,,,,,,,,,,,,,,,,,,,,,,,,,,,,,,,,,,,,,,,,,,,,,,,,,,,,,,,,,6a44377f-c078-4cd6-b07b-23023c009e87,,1,60.0.158.135,,,,,,,,,,,,,,,,,,,,,,,,,,,,,,,,,,,,,,,,,,,,,,,,,,,,,,,,,,,,,,,,,,,,,,,,,,,,,,,,,,,,,,,,,,,,,,,,,,,,,,,,,,,,,,,,,,,,,,,,,,,,,,,,,,,,,,,,,,,,,,,,,,,,,,,,,,,,,,,,,,,,,,,,,,,,,,,,,,,,,,,,,,,,,,,,,,,,,,,,,,,,,,,,,,,,,,,,,,,,,,,,,,,,,,,,,,,,,,,,,,,,,,,,,,,,,,,,,,,,,,,,,,,,,,,,,,,,,,,,,,,,,,,,,,,,,,,,,,,,,,,,,,,,,,,,,,,,,,,,,,,,,,,,,,,,,,,,,,,,,,,,,,,,,,,,,,,,,,,,,,,,,,,,,,,,,,,,,,,,,,,,,,,,,,,,,,,,,,,,,,,,,,,,,,,,,,,,,,,,,,,,,,,,,,,,,,,,,,,,,,,,,,,,,,,,,,,,,,,,,,,,,,,,,,,,,,,,,,,,,,,,,,,,,,,,,,,,,,,,,,,,,,,,,,,,,,,,,,,,,,,,,,,,,,,,,,,,,,,,,,,,,,,,,,,,,,,,,,,,,,,,,,,,,,,,,,,,,,,,,,,,,,,,,,,,,,,,,,,,,,,,,,,,,,,,,,,,,,,,,,,,,,,,,,,,,,,,,,,,,,,,,,,,,,,,,,,,,,,,,,,,,,
Ahmedabad Prep Kitchen,410150,133607964,Manual Stock,0,0,,2026-07-01,0,0,Active,Unpaid,,0,0,0,0,0.00,0,0,0,0,2026-07-01 03:07:01,2026-07-01 03:07:01,410150,Kitchen,,,,Gujarat,,,,,,,,,,,Gujarat,,,,,,,,,,,,,,"[{""item_id"":""46285971"",""unit"":""5790692"",""qty"":4,""itemname"":""Purple Cabbage Sliced"",""lbl_unit"":""Kg"",""description"":"""",""weighted_price"":0,""price"":0,""amount"":0,""hsn_code"":"""",""batchprefix"":"""",""existing_stock"":0,""current_stock"":4,""rmconv_qty"":""1000"",""rmconv_qty_total"":4000,""rmconv_unit"":""GM"",""rmconv_unit_id"":""5790698"",""category"":""Food"",""sap_code"":"""",""tax_type"":0,""excise_duty"":0,""tax1_label"":""CGST"",""tax2_label"":""SGST"",""tax3_label"":""IGST""}]",[],0,0,,,[],[],,,,,,,,,,,,,,,,,,,,,,,,,,,,,,,,,,,,,,,,,,,,,,,,,,,,,,,,,,,,,,,,,,,,,,,,,,,,,,,,6a4436f3-002c-4432-ae38-23483c009e87,,1,,60.0.158.135,,,,,,,,,,,,,,,,,,,,,,,,,,,,,,,,,,,,,,,,,,,,,,,,,,,,,,,,,,,,,,,,,,,,,,,,,,,,,,,,,,,,,,,,,,,,,,,,,,,,,,,,,,,,,,,,,,,,,,,,,,,,,,,,,,,,,,,,,,,,,,,,,,,,,,,,,,,,,,,,,,,,,,,,,,,,,,,,,,,,,,,,,,,,,,,,,,,,,,,,,,,,,,,,,,,,,,,,,,,,,,,,,,,,,,,,,,,,,,,,,,,,,,,,,,,,,,,,,,,,,,,,,,,,,,,,,,,,,,,,,,,,,,,,,,,,,,,,,,,,,,,,,,,,,,,,,,,,,,,,,,,,,,,,,,,,,,,,,,,,,,,,,,,,,,,,,,,,,,,,,,,,,,,,,,,,,,,,,,,,,,,,,,,,,,,,,,,,,,,,,,,,,,,,,,,,,,,,,,,,,,,,,,,,,,,,,,,,,,,,,,,,,,,,,,,,,,,,,,,,,,,,,,,,,,,,,,,,,,,,,,,,,,,,,,,,,,,,,,,,,,,,,,,,,,,,,,,,,,,,,,,,,,,,,,,,,,,,,,,,,,,,,,,,,,,,,,,,,,,,,,,,,,,,,,,,,,,,,,,,,,,,,,,,,,,,,,,,,,,,,,,,,,,,,,,,,,,,,,,,,,,,,,,,,,,,,,,,,,,,,,,,,,,,,,,,,,,,,,,,,,,,,
Ahmedabad Prep Kitchen,410150,133607959,Manual Stock,0,0,,2026-07-01,0,0,Active,Unpaid,,0,0,0,0,0.00,0,0,0,0,2026-07-01 03:06:48,2026-07-01 03:06:48,410150,Kitchen,,,,Gujarat,,,,,,,,,,,Gujarat,,,,,,,,,,,,,,"[{""item_id"":""46286032"",""unit"":""5790692"",""qty"":5.15,""itemname"":""Indian Cabbage Slice"",""lbl_unit"":""Kg"",""description"":"""",""weighted_price"":0,""price"":0,""amount"":0,""hsn_code"":"""",""batchprefix"":"""",""existing_stock"":-0.15,""current_stock"":5,""rmconv_qty"":""1000"",""rmconv_qty_total"":5150,""rmconv_unit"":""GM"",""rmconv_unit_id"":""5790698"",""category"":""Food"",""sap_code"":"""",""tax_type"":0,""excise_duty"":0,""tax1_label"":""CGST"",""tax2_label"":""SGST"",""tax3_label"":""IGST""}]",[],0,0,,,[],[],,,,,,,,,,,,,,,,,,,,,,,,,,,,,,,,,,,,,,,,,,,,,,,,,,,,,,,,,,,,,,,,,,,,,,,,,,,,,,,,6a4436e8-7784-40ca-a5b9-079f3c009e87,,1,,,60.0.158.135,,,,,,,,,,,,,,,,,,,,,,,,,,,,,,,,,,,,,,,,,,,,,,,,,,,,,,,,,,,,,,,,,,,,,,,,,,,,,,,,,,,,,,,,,,,,,,,,,,,,,,,,,,,,,,,,,,,,,,,,,,,,,,,,,,,,,,,,,,,,,,,,,,,,,,,,,,,,,,,,,,,,,,,,,,,,,,,,,,,,,,,,,,,,,,,,,,,,,,,,,,,,,,,,,,,,,,,,,,,,,,,,,,,,,,,,,,,,,,,,,,,,,,,,,,,,,,,,,,,,,,,,,,,,,,,,,,,,,,,,,,,,,,,,,,,,,,,,,,,,,,,,,,,,,,,,,,,,,,,,,,,,,,,,,,,,,,,,,,,,,,,,,,,,,,,,,,,,,,,,,,,,,,,,,,,,,,,,,,,,,,,,,,,,,,,,,,,,,,,,,,,,,,,,,,,,,,,,,,,,,,,,,,,,,,,,,,,,,,,,,,,,,,,,,,,,,,,,,,,,,,,,,,,,,,,,,,,,,,,,,,,,,,,,,,,,,,,,,,,,,,,,,,,,,,,,,,,,,,,,,,,,,,,,,,,,,,,,,,,,,,,,,,,,,,,,,,,,,,,,,,,,,,,,,,,,,,,,,,,,,,,,,,,,,,,,,,,,,,,,,,,,,,,,,,,,,,,,,,,,,,,,,,,,,,,,,,,,,,,,,,,,,,,,,,,,,,,,,,,,,,,,
Ahmedabad Prep Kitchen,410150,133607942,Manual Stock,0,0,,2026-07-01,0,0,Active,Unpaid,,0,0,0,0,0.00,0,0,0,0,2026-07-01 03:05:45,2026-07-01 03:05:45,410150,Kitchen,,,,Gujarat,,,,,,,,,,,Gujarat,,,,,,,,,,,,,,"[{""item_id"":""46285945"",""unit"":""5790692"",""qty"":3.5,""itemname"":""Baby Corn 1/4"",""lbl_unit"":""Kg"",""description"":"""",""weighted_price"":0,""price"":0,""amount"":0,""hsn_code"":"""",""batchprefix"":"""",""existing_stock"":-0.2,""current_stock"":3.3,""rmconv_qty"":""1000"",""rmconv_qty_total"":3500,""rmconv_unit"":""GM"",""rmconv_unit_id"":""5790698"",""category"":""Food"",""sap_code"":"""",""tax_type"":0,""excise_duty"":0,""tax1_label"":""CGST"",""tax2_label"":""SGST"",""tax3_label"":""IGST""}]",[],0,0,,,[],[],,,,,,,,,,,,,,,,,,,,,,,,,,,,,,,,,,,,,,,,,,,,,,,,,,,,,,,,,,,,,,,,,,,,,,,,,,,,,,,,6a4436a1-12e4-490a-ba77-065e3c009e87,,1,,,,60.0.158.135,,,,,,,,,,,,,,,,,,,,,,,,,,,,,,,,,,,,,,,,,,,,,,,,,,,,,,,,,,,,,,,,,,,,,,,,,,,,,,,,,,,,,,,,,,,,,,,,,,,,,,,,,,,,,,,,,,,,,,,,,,,,,,,,,,,,,,,,,,,,,,,,,,,,,,,,,,,,,,,,,,,,,,,,,,,,,,,,,,,,,,,,,,,,,,,,,,,,,,,,,,,,,,,,,,,,,,,,,,,,,,,,,,,,,,,,,,,,,,,,,,,,,,,,,,,,,,,,,,,,,,,,,,,,,,,,,,,,,,,,,,,,,,,,,,,,,,,,,,,,,,,,,,,,,,,,,,,,,,,,,,,,,,,,,,,,,,,,,,,,,,,,,,,,,,,,,,,,,,,,,,,,,,,,,,,,,,,,,,,,,,,,,,,,,,,,,,,,,,,,,,,,,,,,,,,,,,,,,,,,,,,,,,,,,,,,,,,,,,,,,,,,,,,,,,,,,,,,,,,,,,,,,,,,,,,,,,,,,,,,,,,,,,,,,,,,,,,,,,,,,,,,,,,,,,,,,,,,,,,,,,,,,,,,,,,,,,,,,,,,,,,,,,,,,,,,,,,,,,,,,,,,,,,,,,,,,,,,,,,,,,,,,,,,,,,,,,,,,,,,,,,,,,,,,,,,,,,,,,,,,,,,,,,,,,,,,,,,,,,,,,,,,,,,,,,,,,,,,,,,,,,
Ahmedabad Prep Kitchen,410150,133607917,Manual Stock,0,0,,2026-07-01,0,0,Active,Unpaid,,0,0,0,0,0.00,0,0,0,0,2026-07-01 03:04:38,2026-07-01 03:04:38,410150,Kitchen,,,,Gujarat,,,,,,,,,,,Gujarat,,,,,,,,,,,,,,"[{""item_id"":""46285989"",""unit"":""5790692"",""qty"":0.25,""itemname"":""Thai Chilli 1/2"",""lbl_unit"":""Kg"",""description"":"""",""weighted_price"":0,""price"":0,""amount"":0,""hsn_code"":"""",""batchprefix"":"""",""existing_stock"":0,""current_stock"":0.25,""rmconv_qty"":""1000"",""rmconv_qty_total"":250,""rmconv_unit"":""GM"",""rmconv_unit_id"":""5790698"",""category"":""Food"",""sap_code"":"""",""tax_type"":0,""excise_duty"":0,""tax1_label"":""CGST"",""tax2_label"":""SGST"",""tax3_label"":""IGST""}]",[],0,0,,,[],[],,,,,,,,,,,,,,,,,,,,,,,,,,,,,,,,,,,,,,,,,,,,,,,,,,,,,,,,,,,,,,,,,,,,,,,,,,,,,,,,6a443664-6c78-432b-9c1f-06be3c009e87,,1,,,,,60.0.158.135,,,,,,,,,,,,,,,,,,,,,,,,,,,,,,,,,,,,,,,,,,,,,,,,,,,,,,,,,,,,,,,,,,,,,,,,,,,,,,,,,,,,,,,,,,,,,,,,,,,,,,,,,,,,,,,,,,,,,,,,,,,,,,,,,,,,,,,,,,,,,,,,,,,,,,,,,,,,,,,,,,,,,,,,,,,,,,,,,,,,,,,,,,,,,,,,,,,,,,,,,,,,,,,,,,,,,,,,,,,,,,,,,,,,,,,,,,,,,,,,,,,,,,,,,,,,,,,,,,,,,,,,,,,,,,,,,,,,,,,,,,,,,,,,,,,,,,,,,,,,,,,,,,,,,,,,,,,,,,,,,,,,,,,,,,,,,,,,,,,,,,,,,,,,,,,,,,,,,,,,,,,,,,,,,,,,,,,,,,,,,,,,,,,,,,,,,,,,,,,,,,,,,,,,,,,,,,,,,,,,,,,,,,,,,,,,,,,,,,,,,,,,,,,,,,,,,,,,,,,,,,,,,,,,,,,,,,,,,,,,,,,,,,,,,,,,,,,,,,,,,,,,,,,,,,,,,,,,,,,,,,,,,,,,,,,,,,,,,,,,,,,,,,,,,,,,,,,,,,,,,,,,,,,,,,,,,,,,,,,,,,,,,,,,,,,,,,,,,,,,,,,,,,,,,,,,,,,,,,,,,,,,,,,,,,,,,,,,,,,,,,,,,,,,,,,,,,,,,,,,,,
Ahmedabad Prep Kitchen,410150,133607913,Manual Stock,0,0,,2026-07-01,0,0,Active,Unpaid,,0,0,0,0,0.00,0,0,0,0,2026-07-01 03:04:25,2026-07-01 03:04:25,410150,Kitchen,,,,Gujarat,,,,,,,,,,,Gujarat,,,,,,,,,,,,,,"[{""item_id"":""46285826"",""unit"":""5790692"",""qty"":27,""itemname"":""Buffalo Hot Souce"",""lbl_unit"":""Kg"",""description"":"""",""weighted_price"":0,""price"":0,""amount"":0,""hsn_code"":"""",""batchprefix"":"""",""existing_stock"":0,""current_stock"":27,""rmconv_qty"":""1000"",""rmconv_qty_total"":27000,""rmconv_unit"":""GM"",""rmconv_unit_id"":""5790698"",""category"":""Food"",""sap_code"":"""",""tax_type"":0,""excise_duty"":0,""tax1_label"":""CGST"",""tax2_label"":""SGST"",""tax3_label"":""IGST""}]",[],0,0,,,[],[],,,,,,,,,,,,,,,,,,,,,,,,,,,,,,,,,,,,,,,,,,,,,,,,,,,,,,,,,,,,,,,,,,,,,,,,,,,,,,,,6a443656-9fa0-4e9f-b1d2-05f03c009e87,,1,,,,,,60.0.158.135,,,,,,,,,,,,,,,,,,,,,,,,,,,,,,,,,,,,,,,,,,,,,,,,,,,,,,,,,,,,,,,,,,,,,,,,,,,,,,,,,,,,,,,,,,,,,,,,,,,,,,,,,,,,,,,,,,,,,,,,,,,,,,,,,,,,,,,,,,,,,,,,,,,,,,,,,,,,,,,,,,,,,,,,,,,,,,,,,,,,,,,,,,,,,,,,,,,,,,,,,,,,,,,,,,,,,,,,,,,,,,,,,,,,,,,,,,,,,,,,,,,,,,,,,,,,,,,,,,,,,,,,,,,,,,,,,,,,,,,,,,,,,,,,,,,,,,,,,,,,,,,,,,,,,,,,,,,,,,,,,,,,,,,,,,,,,,,,,,,,,,,,,,,,,,,,,,,,,,,,,,,,,,,,,,,,,,,,,,,,,,,,,,,,,,,,,,,,,,,,,,,,,,,,,,,,,,,,,,,,,,,,,,,,,,,,,,,,,,,,,,,,,,,,,,,,,,,,,,,,,,,,,,,,,,,,,,,,,,,,,,,,,,,,,,,,,,,,,,,,,,,,,,,,,,,,,,,,,,,,,,,,,,,,,,,,,,,,,,,,,,,,,,,,,,,,,,,,,,,,,,,,,,,,,,,,,,,,,,,,,,,,,,,,,,,,,,,,,,,,,,,,,,,,,,,,,,,,,,,,,,,,,,,,,,,,,,,,,,,,,,,,,,,,,,,,,,,,,,,,,
Ahmedabad Prep Kitchen,410150,133607903,Manual Stock,0,0,,2026-07-01,0,0,Active,Unpaid,,0,0,0,0,0.00,0,0,0,0,2026-07-01 03:03:24,2026-07-01 03:03:24,410150,Kitchen,,,,Gujarat,,,,,,,,,,,Gujarat,,,,,,,,,,,,,,"[{""item_id"":""46286325"",""unit"":""5790692"",""qty"":25,""itemname"":""Maida"",""lbl_unit"":""Kg"",""description"":"""",""weighted_price"":0,""price"":0,""amount"":0,""hsn_code"":"""",""batchprefix"":"""",""existing_stock"":""0"",""current_stock"":""25"",""category"":""Food"",""sap_code"":"""",""tax_type"":0,""excise_duty"":0,""tax1_label"":""CGST"",""tax2_label"":""SGST"",""tax3_label"":""IGST""}]",[],0,0,,,[],[],,,,,,,,,,,,,,,,,,,,,,,,,,,,,,,,,,,,,,,,,,,,,,,,,,,,,,,,,,,,,,,,,,,,,,,,,,,,,,,,6a44361f-7b74-416d-b934-05f03c009e87,,1,,,,,,,60.0.158.135,,,,,,,,,,,,,,,,,,,,,,,,,,,,,,,,,,,,,,,,,,,,,,,,,,,,,,,,,,,,,,,,,,,,,,,,,,,,,,,,,,,,,,,,,,,,,,,,,,,,,,,,,,,,,,,,,,,,,,,,,,,,,,,,,,,,,,,,,,,,,,,,,,,,,,,,,,,,,,,,,,,,,,,,,,,,,,,,,,,,,,,,,,,,,,,,,,,,,,,,,,,,,,,,,,,,,,,,,,,,,,,,,,,,,,,,,,,,,,,,,,,,,,,,,,,,,,,,,,,,,,,,,,,,,,,,,,,,,,,,,,,,,,,,,,,,,,,,,,,,,,,,,,,,,,,,,,,,,,,,,,,,,,,,,,,,,,,,,,,,,,,,,,,,,,,,,,,,,,,,,,,,,,,,,,,,,,,,,,,,,,,,,,,,,,,,,,,,,,,,,,,,,,,,,,,,,,,,,,,,,,,,,,,,,,,,,,,,,,,,,,,,,,,,,,,,,,,,,,,,,,,,,,,,,,,,,,,,,,,,,,,,,,,,,,,,,,,,,,,,,,,,,,,,,,,,,,,,,,,,,,,,,,,,,,,,,,,,,,,,,,,,,,,,,,,,,,,,,,,,,,,,,,,,,,,,,,,,,,,,,,,,,,,,,,,,,,,,,,,,,,,,,,,,,,,,,,,,,,,,,,,,,,,,,,,,,,,,,,,,,,,,,,,,,,,,,,,,,,,,
Ahmedabad Prep Kitchen,410150,133607888,Manual Stock,0,0,,2026-07-01,0,0,Active,Unpaid,,0,0,0,0,0.00,0,0,0,0,2026-07-01 03:02:40,2026-07-01 03:02:40,410150,Kitchen,,,,Gujarat,,,,,,,,,,,Gujarat,,,,,,,,,,,,,,"[{""item_id"":""46578991"",""unit"":""5790692"",""qty"":1,""itemname"":""Salt"",""lbl_unit"":""Kg"",""description"":"""",""weighted_price"":0,""price"":0,""amount"":0,""hsn_code"":"""",""batchprefix"":"""",""existing_stock"":""4"",""current_stock"":""5"",""category"":""Food"",""sap_code"":"""",""tax_type"":0,""excise_duty"":0,""tax1_label"":""CGST"",""tax2_label"":""SGST"",""tax3_label"":""IGST""}]",[],0,0,,,[],[],,,,,,,,,,,,,,,,,,,,,,,,,,,,,,,,,,,,,,,,,,,,,,,,,,,,,,,,,,,,,,,,,,,,,,,,,,,,,,,,6a4435f1-abfc-4f19-b2f8-05f03c009e87,,1,,,,,,,,60.0.158.135,,,,,,,,,,,,,,,,,,,,,,,,,,,,,,,,,,,,,,,,,,,,,,,,,,,,,,,,,,,,,,,,,,,,,,,,,,,,,,,,,,,,,,,,,,,,,,,,,,,,,,,,,,,,,,,,,,,,,,,,,,,,,,,,,,,,,,,,,,,,,,,,,,,,,,,,,,,,,,,,,,,,,,,,,,,,,,,,,,,,,,,,,,,,,,,,,,,,,,,,,,,,,,,,,,,,,,,,,,,,,,,,,,,,,,,,,,,,,,,,,,,,,,,,,,,,,,,,,,,,,,,,,,,,,,,,,,,,,,,,,,,,,,,,,,,,,,,,,,,,,,,,,,,,,,,,,,,,,,,,,,,,,,,,,,,,,,,,,,,,,,,,,,,,,,,,,,,,,,,,,,,,,,,,,,,,,,,,,,,,,,,,,,,,,,,,,,,,,,,,,,,,,,,,,,,,,,,,,,,,,,,,,,,,,,,,,,,,,,,,,,,,,,,,,,,,,,,,,,,,,,,,,,,,,,,,,,,,,,,,,,,,,,,,,,,,,,,,,,,,,,,,,,,,,,,,,,,,,,,,,,,,,,,,,,,,,,,,,,,,,,,,,,,,,,,,,,,,,,,,,,,,,,,,,,,,,,,,,,,,,,,,,,,,,,,,,,,,,,,,,,,,,,,,,,,,,,,,,,,,,,,,,,,,,,,,,,,,,,,,,,,,,,,,,,,,,,,,,,,
Ahmedabad Prep Kitchen,410150,133607882,Manual Stock,0,0,,2026-07-01,0,0,Active,Unpaid,,0,0,0,0,0.00,0,0,0,0,2026-07-01 03:02:12,2026-07-01 03:02:12,410150,Kitchen,,,,Gujarat,,,,,,,,,,,Gujarat,,,,,,,,,,,,,,"[{""item_id"":""46287039"",""unit"":""5790709"",""qty"":4.5,""itemname"":""Fettuccine Pasta 500 Gm"",""lbl_unit"":""Qty"",""description"":"""",""weighted_price"":0,""price"":0,""amount"":0,""hsn_code"":"""",""batchprefix"":"""",""existing_stock"":""-4.5"",""current_stock"":""0"",""category"":""Food"",""sap_code"":"""",""tax_type"":0,""excise_duty"":0,""tax1_label"":""CGST"",""tax2_label"":""SGST"",""tax3_label"":""IGST""}]",[],0,0,,,[],[],,,,,,,,,,,,,,,,,,,,,,,,,,,,,,,,,,,,,,,,,,,,,,,,,,,,,,,,,,,,,,,,,,,,,,,,,,,,,,,,6a4435d3-1de4-43aa-977a-09133c009e87,,1,,,,,,,,,60.0.158.135,,,,,,,,,,,,,,,,,,,,,,,,,,,,,,,,,,,,,,,,,,,,,,,,,,,,,,,,,,,,,,,,,,,,,,,,,,,,,,,,,,,,,,,,,,,,,,,,,,,,,,,,,,,,,,,,,,,,,,,,,,,,,,,,,,,,,,,,,,,,,,,,,,,,,,,,,,,,,,,,,,,,,,,,,,,,,,,,,,,,,,,,,,,,,,,,,,,,,,,,,,,,,,,,,,,,,,,,,,,,,,,,,,,,,,,,,,,,,,,,,,,,,,,,,,,,,,,,,,,,,,,,,,,,,,,,,,,,,,,,,,,,,,,,,,,,,,,,,,,,,,,,,,,,,,,,,,,,,,,,,,,,,,,,,,,,,,,,,,,,,,,,,,,,,,,,,,,,,,,,,,,,,,,,,,,,,,,,,,,,,,,,,,,,,,,,,,,,,,,,,,,,,,,,,,,,,,,,,,,,,,,,,,,,,,,,,,,,,,,,,,,,,,,,,,,,,,,,,,,,,,,,,,,,,,,,,,,,,,,,,,,,,,,,,,,,,,,,,,,,,,,,,,,,,,,,,,,,,,,,,,,,,,,,,,,,,,,,,,,,,,,,,,,,,,,,,,,,,,,,,,,,,,,,,,,,,,,,,,,,,,,,,,,,,,,,,,,,,,,,,,,,,,,,,,,,,,,,,,,,,,,,,,,,,,,,,,,,,,,,,,,,,,,,,,,,,,,,,,
Ahmedabad Prep Kitchen,410150,133607876,Manual Stock,0,0,,2026-07-01,0,0,Active,Unpaid,,0,0,0,0,0.00,0,0,0,0,2026-07-01 03:01:51,2026-07-01 03:01:51,410150,Kitchen,,,,Gujarat,,,,,,,,,,,Gujarat,,,,,,,,,,,,,,"[{""item_id"":""46287012"",""unit"":""5790709"",""qty"":9.5,""itemname"":""Penne Pasta 500gm"",""lbl_unit"":""Qty"",""description"":"""",""weighted_price"":0,""price"":0,""amount"":0,""hsn_code"":"""",""batchprefix"":"""",""existing_stock"":""-2.5"",""current_stock"":""7"",""category"":""Food"",""sap_code"":"""",""tax_type"":0,""excise_duty"":0,""tax1_label"":""CGST"",""tax2_label"":""SGST"",""tax3_label"":""IGST""}]",[],0,0,,,[],[],,,,,,,,,,,,,,,,,,,,,,,,,,,,,,,,,,,,,,,,,,,,,,,,,,,,,,,,,,,,,,,,,,,,,,,,,,,,,,,,6a4435c1-d9d4-43a7-82d2-06f83c009e87,,1,,,,,,,,,,60.0.158.135,,,,,,,,,,,,,,,,,,,,,,,,,,,,,,,,,,,,,,,,,,,,,,,,,,,,,,,,,,,,,,,,,,,,,,,,,,,,,,,,,,,,,,,,,,,,,,,,,,,,,,,,,,,,,,,,,,,,,,,,,,,,,,,,,,,,,,,,,,,,,,,,,,,,,,,,,,,,,,,,,,,,,,,,,,,,,,,,,,,,,,,,,,,,,,,,,,,,,,,,,,,,,,,,,,,,,,,,,,,,,,,,,,,,,,,,,,,,,,,,,,,,,,,,,,,,,,,,,,,,,,,,,,,,,,,,,,,,,,,,,,,,,,,,,,,,,,,,,,,,,,,,,,,,,,,,,,,,,,,,,,,,,,,,,,,,,,,,,,,,,,,,,,,,,,,,,,,,,,,,,,,,,,,,,,,,,,,,,,,,,,,,,,,,,,,,,,,,,,,,,,,,,,,,,,,,,,,,,,,,,,,,,,,,,,,,,,,,,,,,,,,,,,,,,,,,,,,,,,,,,,,,,,,,,,,,,,,,,,,,,,,,,,,,,,,,,,,,,,,,,,,,,,,,,,,,,,,,,,,,,,,,,,,,,,,,,,,,,,,,,,,,,,,,,,,,,,,,,,,,,,,,,,,,,,,,,,,,,,,,,,,,,,,,,,,,,,,,,,,,,,,,,,,,,,,,,,,,,,,,,,,,,,,,,,,,,,,,,,,,,,,,,,,,,,,,,,,,,
Ahmedabad Prep Kitchen,410150,133607872,Manual Stock,0,0,,2026-07-01,0,0,Active,Unpaid,,0,0,0,0,0.00,0,0,0,0,2026-07-01 03:01:28,2026-07-01 03:01:28,410150,Kitchen,,,,Gujarat,,,,,,,,,,,Gujarat,,,,,,,,,,,,,,"[{""item_id"":""46285854"",""unit"":""5790692"",""qty"":3,""itemname"":""Kale Ricotta"",""lbl_unit"":""Kg"",""description"":"""",""weighted_price"":0,""price"":0,""amount"":0,""hsn_code"":"""",""batchprefix"":"""",""existing_stock"":0,""current_stock"":3,""rmconv_qty"":""1000"",""rmconv_qty_total"":3000,""rmconv_unit"":""GM"",""rmconv_unit_id"":""5790698"",""category"":""Food"",""sap_code"":"""",""tax_type"":0,""excise_duty"":0,""tax1_label"":""CGST"",""tax2_label"":""SGST"",""tax3_label"":""IGST""}]",[],0,0,,,[],[],,,,,,,,,,,,,,,,,,,,,,,,,,,,,,,,,,,,,,,,,,,,,,,,,,,,,,,,,,,,,,,,,,,,,,,,,,,,,,,,6a4435aa-da00-4eaf-aa28-08793c009e87,,1,,,,,,,,,,,60.0.158.135,,,,,,,,,,,,,,,,,,,,,,,,,,,,,,,,,,,,,,,,,,,,,,,,,,,,,,,,,,,,,,,,,,,,,,,,,,,,,,,,,,,,,,,,,,,,,,,,,,,,,,,,,,,,,,,,,,,,,,,,,,,,,,,,,,,,,,,,,,,,,,,,,,,,,,,,,,,,,,,,,,,,,,,,,,,,,,,,,,,,,,,,,,,,,,,,,,,,,,,,,,,,,,,,,,,,,,,,,,,,,,,,,,,,,,,,,,,,,,,,,,,,,,,,,,,,,,,,,,,,,,,,,,,,,,,,,,,,,,,,,,,,,,,,,,,,,,,,,,,,,,,,,,,,,,,,,,,,,,,,,,,,,,,,,,,,,,,,,,,,,,,,,,,,,,,,,,,,,,,,,,,,,,,,,,,,,,,,,,,,,,,,,,,,,,,,,,,,,,,,,,,,,,,,,,,,,,,,,,,,,,,,,,,,,,,,,,,,,,,,,,,,,,,,,,,,,,,,,,,,,,,,,,,,,,,,,,,,,,,,,,,,,,,,,,,,,,,,,,,,,,,,,,,,,,,,,,,,,,,,,,,,,,,,,,,,,,,,,,,,,,,,,,,,,,,,,,,,,,,,,,,,,,,,,,,,,,,,,,,,,,,,,,,,,,,,,,,,,,,,,,,,,,,,,,,,,,,,,,,,,,,,,,,,,,,,,,,,,,,,,,,,,,,,,,,,,,,,
Ahmedabad Prep Kitchen,410150,133607871,Manual Stock,0,0,,2026-07-01,0,0,Active,Unpaid,,0,0,0,0,0.00,0,0,0,0,2026-07-01 03:01:19,2026-07-01 03:01:19,410150,Kitchen,,,,Gujarat,,,,,,,,,,,Gujarat,,,,,,,,,,,,,,"[{""item_id"":""46285934"",""unit"":""5790692"",""qty"":5.4,""itemname"":""Ring Onion"",""lbl_unit"":""Kg"",""description"":"""",""weighted_price"":0,""price"":0,""amount"":0,""hsn_code"":"""",""batchprefix"":"""",""existing_stock"":-5,""current_stock"":0.4,""rmconv_qty"":""1000"",""rmconv_qty_total"":5400,""rmconv_unit"":""GM"",""rmconv_unit_id"":""5790698"",""category"":""Food"",""sap_code"":"""",""tax_type"":0,""excise_duty"":0,""tax1_label"":""CGST"",""tax2_label"":""SGST"",""tax3_label"":""IGST""}]",[],0,0,,,[],[],,,,,,,,,,,,,,,,,,,,,,,,,,,,,,,,,,,,,,,,,,,,,,,,,,,,,,,,,,,,,,,,,,,,,,,,,,,,,,,,6a44359f-fb58-4eee-b599-066c3c009e87,,1,,,,,,,,,,,,60.0.158.135,,,,,,,,,,,,,,,,,,,,,,,,,,,,,,,,,,,,,,,,,,,,,,,,,,,,,,,,,,,,,,,,,,,,,,,,,,,,,,,,,,,,,,,,,,,,,,,,,,,,,,,,,,,,,,,,,,,,,,,,,,,,,,,,,,,,,,,,,,,,,,,,,,,,,,,,,,,,,,,,,,,,,,,,,,,,,,,,,,,,,,,,,,,,,,,,,,,,,,,,,,,,,,,,,,,,,,,,,,,,,,,,,,,,,,,,,,,,,,,,,,,,,,,,,,,,,,,,,,,,,,,,,,,,,,,,,,,,,,,,,,,,,,,,,,,,,,,,,,,,,,,,,,,,,,,,,,,,,,,,,,,,,,,,,,,,,,,,,,,,,,,,,,,,,,,,,,,,,,,,,,,,,,,,,,,,,,,,,,,,,,,,,,,,,,,,,,,,,,,,,,,,,,,,,,,,,,,,,,,,,,,,,,,,,,,,,,,,,,,,,,,,,,,,,,,,,,,,,,,,,,,,,,,,,,,,,,,,,,,,,,,,,,,,,,,,,,,,,,,,,,,,,,,,,,,,,,,,,,,,,,,,,,,,,,,,,,,,,,,,,,,,,,,,,,,,,,,,,,,,,,,,,,,,,,,,,,,,,,,,,,,,,,,,,,,,,,,,,,,,,,,,,,,,,,,,,,,,,,,,,,,,,,,,,,,,,,,,,,,,,,,,,,,,,,,,,,,
Ahmedabad Prep Kitchen,410150,133607863,Manual Stock,0,0,,2026-07-01,0,0,Active,Unpaid,,0,0,0,0,0.00,0,0,0,0,2026-07-01 03:00:54,2026-07-01 03:00:54,410150,Kitchen,,,,Gujarat,,,,,,,,,,,Gujarat,,,,,,,,,,,,,,"[{""item_id"":""46285798"",""unit"":""5790692"",""qty"":3,""itemname"":""Fine Chop Pickle Onion"",""lbl_unit"":""Kg"",""description"":"""",""weighted_price"":0,""price"":0,""amount"":0,""hsn_code"":"""",""batchprefix"":"""",""existing_stock"":0,""current_stock"":3,""rmconv_qty"":""1000"",""rmconv_qty_total"":3000,""rmconv_unit"":""GM"",""rmconv_unit_id"":""5790698"",""category"":""Food"",""sap_code"":"""",""tax_type"":0,""excise_duty"":0,""tax1_label"":""CGST"",""tax2_label"":""SGST"",""tax3_label"":""IGST""}]",[],0,0,,,[],[],,,,,,,,,,,,,,,,,,,,,,,,,,,,,,,,,,,,,,,,,,,,,,,,,,,,,,,,,,,,,,,,,,,,,,,,,,,,,,,,6a443586-0a04-460c-a970-05f03c009e87,,1,,,,,,,,,,,,,60.0.158.135,,,,,,,,,,,,,,,,,,,,,,,,,,,,,,,,,,,,,,,,,,,,,,,,,,,,,,,,,,,,,,,,,,,,,,,,,,,,,,,,,,,,,,,,,,,,,,,,,,,,,,,,,,,,,,,,,,,,,,,,,,,,,,,,,,,,,,,,,,,,,,,,,,,,,,,,,,,,,,,,,,,,,,,,,,,,,,,,,,,,,,,,,,,,,,,,,,,,,,,,,,,,,,,,,,,,,,,,,,,,,,,,,,,,,,,,,,,,,,,,,,,,,,,,,,,,,,,,,,,,,,,,,,,,,,,,,,,,,,,,,,,,,,,,,,,,,,,,,,,,,,,,,,,,,,,,,,,,,,,,,,,,,,,,,,,,,,,,,,,,,,,,,,,,,,,,,,,,,,,,,,,,,,,,,,,,,,,,,,,,,,,,,,,,,,,,,,,,,,,,,,,,,,,,,,,,,,,,,,,,,,,,,,,,,,,,,,,,,,,,,,,,,,,,,,,,,,,,,,,,,,,,,,,,,,,,,,,,,,,,,,,,,,,,,,,,,,,,,,,,,,,,,,,,,,,,,,,,,,,,,,,,,,,,,,,,,,,,,,,,,,,,,,,,,,,,,,,,,,,,,,,,,,,,,,,,,,,,,,,,,,,,,,,,,,,,,,,,,,,,,,,,,,,,,,,,,,,,,,,,,,,,,,,,,,,,,,,,,,,,,,,,,,,,,,,,,,
Ahmedabad Prep Kitchen,410150,133607829,Manual Stock,0,0,,2026-07-01,0,0,Active,Unpaid,,0,0,0,0,0.00,0,0,0,0,2026-07-01 02:57:19,2026-07-01 02:57:19,410150,Kitchen,,,,Gujarat,,,,,,,,,,,Gujarat,,,,,,,,,,,,,,"[{""item_id"":""46286144"",""unit"":""5790692"",""qty"":1,""itemname"":""Red Chilli"",""lbl_unit"":""Kg"",""description"":"""",""weighted_price"":0,""price"":0,""amount"":0,""hsn_code"":"""",""batchprefix"":"""",""existing_stock"":1,""current_stock"":2,""rmconv_qty"":""1000"",""rmconv_qty_total"":1000,""rmconv_unit"":""GM"",""rmconv_unit_id"":""5790698"",""category"":""Food"",""sap_code"":"""",""tax_type"":0,""excise_duty"":0,""tax1_label"":""CGST"",""tax2_label"":""SGST"",""tax3_label"":""IGST""}]",[],0,0,,,[],[],,,,,,,,,,,,,,,,,,,,,,,,,,,,,,,,,,,,,,,,,,,,,,,,,,,,,,,,,,,,,,,,,,,,,,,,,,,,,,,,6a4434ae-3300-41b0-933e-06463c009e87,,1,,,,,,,,,,,,,,60.0.158.135,,,,,,,,,,,,,,,,,,,,,,,,,,,,,,,,,,,,,,,,,,,,,,,,,,,,,,,,,,,,,,,,,,,,,,,,,,,,,,,,,,,,,,,,,,,,,,,,,,,,,,,,,,,,,,,,,,,,,,,,,,,,,,,,,,,,,,,,,,,,,,,,,,,,,,,,,,,,,,,,,,,,,,,,,,,,,,,,,,,,,,,,,,,,,,,,,,,,,,,,,,,,,,,,,,,,,,,,,,,,,,,,,,,,,,,,,,,,,,,,,,,,,,,,,,,,,,,,,,,,,,,,,,,,,,,,,,,,,,,,,,,,,,,,,,,,,,,,,,,,,,,,,,,,,,,,,,,,,,,,,,,,,,,,,,,,,,,,,,,,,,,,,,,,,,,,,,,,,,,,,,,,,,,,,,,,,,,,,,,,,,,,,,,,,,,,,,,,,,,,,,,,,,,,,,,,,,,,,,,,,,,,,,,,,,,,,,,,,,,,,,,,,,,,,,,,,,,,,,,,,,,,,,,,,,,,,,,,,,,,,,,,,,,,,,,,,,,,,,,,,,,,,,,,,,,,,,,,,,,,,,,,,,,,,,,,,,,,,,,,,,,,,,,,,,,,,,,,,,,,,,,,,,,,,,,,,,,,,,,,,,,,,,,,,,,,,,,,,,,,,,,,,,,,,,,,,,,,,,,,,,,,,,,,,,,,,,,,,,,,,,,,,,,,,,,,,
Ahmedabad Prep Kitchen,410150,133607819,Manual Stock,0,0,,2026-07-01,0,0,Active,Unpaid,,0,0,0,0,0.00,0,0,0,0,2026-07-01 02:56:07,2026-07-01 02:56:07,410150,Kitchen,,,,Gujarat,,,,,,,,,,,Gujarat,,,,,,,,,,,,,,"[{""item_id"":""46286198"",""unit"":""5790709"",""qty"":1,""itemname"":""Korean Gochugaru Pepper Flakes 500gm"",""lbl_unit"":""Qty"",""description"":"""",""weighted_price"":0,""price"":0,""amount"":0,""hsn_code"":"""",""batchprefix"":"""",""existing_stock"":""0"",""current_stock"":""1"",""category"":""Food"",""sap_code"":"""",""tax_type"":0,""excise_duty"":0,""tax1_label"":""CGST"",""tax2_label"":""SGST"",""tax3_label"":""IGST""}]",[],0,0,,,[],[],,,,,,,,,,,,,,,,,,,,,,,,,,,,,,,,,,,,,,,,,,,,,,,,,,,,,,,,,,,,,,,,,,,,,,,,,,,,,,,,6a443468-200c-4c87-be26-08b23c009e87,,1,,,,,,,,,,,,,,,60.0.158.135,,,,,,,,,,,,,,,,,,,,,,,,,,,,,,,,,,,,,,,,,,,,,,,,,,,,,,,,,,,,,,,,,,,,,,,,,,,,,,,,,,,,,,,,,,,,,,,,,,,,,,,,,,,,,,,,,,,,,,,,,,,,,,,,,,,,,,,,,,,,,,,,,,,,,,,,,,,,,,,,,,,,,,,,,,,,,,,,,,,,,,,,,,,,,,,,,,,,,,,,,,,,,,,,,,,,,,,,,,,,,,,,,,,,,,,,,,,,,,,,,,,,,,,,,,,,,,,,,,,,,,,,,,,,,,,,,,,,,,,,,,,,,,,,,,,,,,,,,,,,,,,,,,,,,,,,,,,,,,,,,,,,,,,,,,,,,,,,,,,,,,,,,,,,,,,,,,,,,,,,,,,,,,,,,,,,,,,,,,,,,,,,,,,,,,,,,,,,,,,,,,,,,,,,,,,,,,,,,,,,,,,,,,,,,,,,,,,,,,,,,,,,,,,,,,,,,,,,,,,,,,,,,,,,,,,,,,,,,,,,,,,,,,,,,,,,,,,,,,,,,,,,,,,,,,,,,,,,,,,,,,,,,,,,,,,,,,,,,,,,,,,,,,,,,,,,,,,,,,,,,,,,,,,,,,,,,,,,,,,,,,,,,,,,,,,,,,,,,,,,,,,,,,,,,,,,,,,,,,,,,,,,,,,,,,,,,,,,,,,,,,,,,,,,,,,,
Ahmedabad Prep Kitchen,410150,133607814,Manual Stock,0,0,,2026-07-01,0,0,Active,Unpaid,,0,0,0,0,0.00,0,0,0,0,2026-07-01 02:55:19,2026-07-01 02:55:19,410150,Kitchen,,,,Gujarat,,,,,,,,,,,Gujarat,,,,,,,,,,,,,,"[{""item_id"":""46285944"",""unit"":""5790692"",""qty"":1.8,""itemname"":""White Spring Onion Whole"",""lbl_unit"":""Kg"",""description"":"""",""weighted_price"":0,""price"":0,""amount"":0,""hsn_code"":"""",""batchprefix"":"""",""existing_stock"":3.3,""current_stock"":5.1,""rmconv_qty"":""1000"",""rmconv_qty_total"":1800,""rmconv_unit"":""GM"",""rmconv_unit_id"":""5790698"",""category"":""Food"",""sap_code"":"""",""tax_type"":0,""excise_duty"":0,""tax1_label"":""CGST"",""tax2_label"":""SGST"",""tax3_label"":""IGST""}]",[],0,0,,,[],[],,,,,,,,,,,,,,,,,,,,,,,,,,,,,,,,,,,,,,,,,,,,,,,,,,,,,,,,,,,,,,,,,,,,,,,,,,,,,,,,6a443433-b254-4066-949b-09533c009e87,,1,,,,,,,,,,,,,,,,60.0.158.135,,,,,,,,,,,,,,,,,,,,,,,,,,,,,,,,,,,,,,,,,,,,,,,,,,,,,,,,,,,,,,,,,,,,,,,,,,,,,,,,,,,,,,,,,,,,,,,,,,,,,,,,,,,,,,,,,,,,,,,,,,,,,,,,,,,,,,,,,,,,,,,,,,,,,,,,,,,,,,,,,,,,,,,,,,,,,,,,,,,,,,,,,,,,,,,,,,,,,,,,,,,,,,,,,,,,,,,,,,,,,,,,,,,,,,,,,,,,,,,,,,,,,,,,,,,,,,,,,,,,,,,,,,,,,,,,,,,,,,,,,,,,,,,,,,,,,,,,,,,,,,,,,,,,,,,,,,,,,,,,,,,,,,,,,,,,,,,,,,,,,,,,,,,,,,,,,,,,,,,,,,,,,,,,,,,,,,,,,,,,,,,,,,,,,,,,,,,,,,,,,,,,,,,,,,,,,,,,,,,,,,,,,,,,,,,,,,,,,,,,,,,,,,,,,,,,,,,,,,,,,,,,,,,,,,,,,,,,,,,,,,,,,,,,,,,,,,,,,,,,,,,,,,,,,,,,,,,,,,,,,,,,,,,,,,,,,,,,,,,,,,,,,,,,,,,,,,,,,,,,,,,,,,,,,,,,,,,,,,,,,,,,,,,,,,,,,,,,,,,,,,,,,,,,,,,,,,,,,,,,,,,,,,,,,,,,,,,,,,,,,,,,,,,,,,,
Ahmedabad Prep Kitchen,410150,133607807,Manual Stock,0,0,,2026-07-01,0,0,Active,Unpaid,,0,0,0,0,0.00,0,0,0,0,2026-07-01 02:55:04,2026-07-01 02:55:04,410150,Kitchen,,,,Gujarat,,,,,,,,,,,Gujarat,,,,,,,,,,,,,,"[{""item_id"":""46287200"",""unit"":""5790709"",""qty"":9,""itemname"":""Sunflower Refined Oil 13kg"",""lbl_unit"":""Qty"",""description"":"""",""weighted_price"":0,""price"":0,""amount"":0,""hsn_code"":"""",""batchprefix"":"""",""existing_stock"":""4"",""current_stock"":""13"",""category"":""Food"",""sap_code"":"""",""tax_type"":0,""excise_duty"":0,""tax1_label"":""CGST"",""tax2_label"":""SGST"",""tax3_label"":""IGST""}]",[],0,0,,,[],[],,,,,,,,,,,,,,,,,,,,,,,,,,,,,,,,,,,,,,,,,,,,,,,,,,,,,,,,,,,,,,,,,,,,,,,,,,,,,,,,6a44342a-d788-4efd-a06d-05f63c009e87,,1,,,,,,,,,,,,,,,,,60.0.158.135,,,,,,,,,,,,,,,,,,,,,,,,,,,,,,,,,,,,,,,,,,,,,,,,,,,,,,,,,,,,,,,,,,,,,,,,,,,,,,,,,,,,,,,,,,,,,,,,,,,,,,,,,,,,,,,,,,,,,,,,,,,,,,,,,,,,,,,,,,,,,,,,,,,,,,,,,,,,,,,,,,,,,,,,,,,,,,,,,,,,,,,,,,,,,,,,,,,,,,,,,,,,,,,,,,,,,,,,,,,,,,,,,,,,,,,,,,,,,,,,,,,,,,,,,,,,,,,,,,,,,,,,,,,,,,,,,,,,,,,,,,,,,,,,,,,,,,,,,,,,,,,,,,,,,,,,,,,,,,,,,,,,,,,,,,,,,,,,,,,,,,,,,,,,,,,,,,,,,,,,,,,,,,,,,,,,,,,,,,,,,,,,,,,,,,,,,,,,,,,,,,,,,,,,,,,,,,,,,,,,,,,,,,,,,,,,,,,,,,,,,,,,,,,,,,,,,,,,,,,,,,,,,,,,,,,,,,,,,,,,,,,,,,,,,,,,,,,,,,,,,,,,,,,,,,,,,,,,,,,,,,,,,,,,,,,,,,,,,,,,,,,,,,,,,,,,,,,,,,,,,,,,,,,,,,,,,,,,,,,,,,,,,,,,,,,,,,,,,,,,,,,,,,,,,,,,,,,,,,,,,,,,,,,,,,,,,,,,,,,,,,,,,,,,,,
Ahmedabad Prep Kitchen,410150,133607783,Manual Stock,0,0,,2026-07-01,0,0,Active,Unpaid,,0,0,0,0,0.00,0,0,0,0,2026-07-01 02:53:45,2026-07-01 02:53:45,410150,Kitchen,,,,Gujarat,,,,,,,,,,,Gujarat,,,,,,,,,,,,,,"[{""item_id"":""46285908"",""unit"":""5790692"",""qty"":7.3,""itemname"":""Red Bellpepper Whole"",""lbl_unit"":""Kg"",""description"":"""",""weighted_price"":0,""price"":0,""amount"":0,""hsn_code"":"""",""batchprefix"":"""",""existing_stock"":-2.5,""current_stock"":4.8,""rmconv_qty"":""1000"",""rmconv_qty_total"":7300,""rmconv_unit"":""GM"",""rmconv_unit_id"":""5790698"",""category"":""Food"",""sap_code"":"""",""tax_type"":0,""excise_duty"":0,""tax1_label"":""CGST"",""tax2_label"":""SGST"",""tax3_label"":""IGST""}]",[],0,0,,,[],[],,,,,,,,,,,,,,,,,,,,,,,,,,,,,,,,,,,,,,,,,,,,,,,,,,,,,,,,,,,,,,,,,,,,,,,,,,,,,,,,6a4433da-5bc8-4916-aa91-083b3c009e87,,1,,,,,,,,,,,,,,,,,,60.0.158.135,,,,,,,,,,,,,,,,,,,,,,,,,,,,,,,,,,,,,,,,,,,,,,,,,,,,,,,,,,,,,,,,,,,,,,,,,,,,,,,,,,,,,,,,,,,,,,,,,,,,,,,,,,,,,,,,,,,,,,,,,,,,,,,,,,,,,,,,,,,,,,,,,,,,,,,,,,,,,,,,,,,,,,,,,,,,,,,,,,,,,,,,,,,,,,,,,,,,,,,,,,,,,,,,,,,,,,,,,,,,,,,,,,,,,,,,,,,,,,,,,,,,,,,,,,,,,,,,,,,,,,,,,,,,,,,,,,,,,,,,,,,,,,,,,,,,,,,,,,,,,,,,,,,,,,,,,,,,,,,,,,,,,,,,,,,,,,,,,,,,,,,,,,,,,,,,,,,,,,,,,,,,,,,,,,,,,,,,,,,,,,,,,,,,,,,,,,,,,,,,,,,,,,,,,,,,,,,,,,,,,,,,,,,,,,,,,,,,,,,,,,,,,,,,,,,,,,,,,,,,,,,,,,,,,,,,,,,,,,,,,,,,,,,,,,,,,,,,,,,,,,,,,,,,,,,,,,,,,,,,,,,,,,,,,,,,,,,,,,,,,,,,,,,,,,,,,,,,,,,,,,,,,,,,,,,,,,,,,,,,,,,,,,,,,,,,,,,,,,,,,,,,,,,,,,,,,,,,,,,,,,,,,,,,,,,,,,,,,,,,,,,,,,,,,
Ahmedabad Prep Kitchen,410150,133607772,Manual Stock,0,0,,2026-07-01,0,0,Active,Unpaid,,0,0,0,0,0.00,0,0,0,0,2026-07-01 02:52:25,2026-07-01 02:52:25,410150,Kitchen,,,,Gujarat,,,,,,,,,,,Gujarat,,,,,,,,,,,,,,"[{""item_id"":""46285847"",""unit"":""5790692"",""qty"":6,""itemname"":""Pineapple Jam"",""lbl_unit"":""Kg"",""description"":"""",""weighted_price"":0,""price"":0,""amount"":0,""hsn_code"":"""",""batchprefix"":"""",""existing_stock"":-3,""current_stock"":3,""rmconv_qty"":""1000"",""rmconv_qty_total"":6000,""rmconv_unit"":""GM"",""rmconv_unit_id"":""5790698"",""category"":""Food"",""sap_code"":"""",""tax_type"":0,""excise_duty"":0,""tax1_label"":""CGST"",""tax2_label"":""SGST"",""tax3_label"":""IGST""}]",[],0,0,,,[],[],,,,,,,,,,,,,,,,,,,,,,,,,,,,,,,,,,,,,,,,,,,,,,,,,,,,,,,,,,,,,,,,,,,,,,,,,,,,,,,,6a443388-fa0c-46ad-9e00-06903c009e87,,1,,,,,,,,,,,,,,,,,,,60.0.158.135,,,,,,,,,,,,,,,,,,,,,,,,,,,,,,,,,,,,,,,,,,,,,,,,,,,,,,,,,,,,,,,,,,,,,,,,,,,,,,,,,,,,,,,,,,,,,,,,,,,,,,,,,,,,,,,,,,,,,,,,,,,,,,,,,,,,,,,,,,,,,,,,,,,,,,,,,,,,,,,,,,,,,,,,,,,,,,,,,,,,,,,,,,,,,,,,,,,,,,,,,,,,,,,,,,,,,,,,,,,,,,,,,,,,,,,,,,,,,,,,,,,,,,,,,,,,,,,,,,,,,,,,,,,,,,,,,,,,,,,,,,,,,,,,,,,,,,,,,,,,,,,,,,,,,,,,,,,,,,,,,,,,,,,,,,,,,,,,,,,,,,,,,,,,,,,,,,,,,,,,,,,,,,,,,,,,,,,,,,,,,,,,,,,,,,,,,,,,,,,,,,,,,,,,,,,,,,,,,,,,,,,,,,,,,,,,,,,,,,,,,,,,,,,,,,,,,,,,,,,,,,,,,,,,,,,,,,,,,,,,,,,,,,,,,,,,,,,,,,,,,,,,,,,,,,,,,,,,,,,,,,,,,,,,,,,,,,,,,,,,,,,,,,,,,,,,,,,,,,,,,,,,,,,,,,,,,,,,,,,,,,,,,,,,,,,,,,,,,,,,,,,,,,,,,,,,,,,,,,,,,,,,,,,,,,,,,,,,,,,,,,,,,,,,
Ahmedabad Prep Kitchen,410150,133607752,Manual Stock,0,0,,2026-07-01,0,0,Active,Unpaid,,0,0,0,0,0.00,0,0,0,0,2026-07-01 02:50:35,2026-07-01 02:50:35,410150,Kitchen,,,,Gujarat,,,,,,,,,,,Gujarat,,,,,,,,,,,,,,"[{""item_id"":""46286001"",""unit"":""5790692"",""qty"":88.1,""itemname"":""Iceberg"",""lbl_unit"":""Kg"",""description"":"""",""weighted_price"":0,""price"":0,""amount"":0,""hsn_code"":"""",""batchprefix"":"""",""existing_stock"":-87.6,""current_stock"":0.5,""rmconv_qty"":""1000"",""rmconv_qty_total"":88100,""rmconv_unit"":""GM"",""rmconv_unit_id"":""5790698"",""category"":""Food"",""sap_code"":"""",""tax_type"":0,""excise_duty"":0,""tax1_label"":""CGST"",""tax2_label"":""SGST"",""tax3_label"":""IGST""}]",[],0,0,,,[],[],,,,,,,,,,,,,,,,,,,,,,,,,,,,,,,,,,,,,,,,,,,,,,,,,,,,,,,,,,,,,,,,,,,,,,,,,,,,,,,,6a443318-d8a8-449b-a87e-06463c009e87,,1,,,,,,,,,,,,,,,,,,,,60.0.158.135,,,,,,,,,,,,,,,,,,,,,,,,,,,,,,,,,,,,,,,,,,,,,,,,,,,,,,,,,,,,,,,,,,,,,,,,,,,,,,,,,,,,,,,,,,,,,,,,,,,,,,,,,,,,,,,,,,,,,,,,,,,,,,,,,,,,,,,,,,,,,,,,,,,,,,,,,,,,,,,,,,,,,,,,,,,,,,,,,,,,,,,,,,,,,,,,,,,,,,,,,,,,,,,,,,,,,,,,,,,,,,,,,,,,,,,,,,,,,,,,,,,,,,,,,,,,,,,,,,,,,,,,,,,,,,,,,,,,,,,,,,,,,,,,,,,,,,,,,,,,,,,,,,,,,,,,,,,,,,,,,,,,,,,,,,,,,,,,,,,,,,,,,,,,,,,,,,,,,,,,,,,,,,,,,,,,,,,,,,,,,,,,,,,,,,,,,,,,,,,,,,,,,,,,,,,,,,,,,,,,,,,,,,,,,,,,,,,,,,,,,,,,,,,,,,,,,,,,,,,,,,,,,,,,,,,,,,,,,,,,,,,,,,,,,,,,,,,,,,,,,,,,,,,,,,,,,,,,,,,,,,,,,,,,,,,,,,,,,,,,,,,,,,,,,,,,,,,,,,,,,,,,,,,,,,,,,,,,,,,,,,,,,,,,,,,,,,,,,,,,,,,,,,,,,,,,,,,,,,,,,,,,,,,,,,,,,,,,,,,,,,,,,,,
Ahmedabad Prep Kitchen,410150,133607743,Manual Stock,0,0,,2026-07-01,0,0,Active,Unpaid,,0,0,0,0,0.00,0,0,0,0,2026-07-01 02:50:10,2026-07-01 02:50:10,410150,Kitchen,,,,Gujarat,,,,,,,,,,,Gujarat,,,,,,,,,,,,,,"[{""item_id"":""46285911"",""unit"":""5790692"",""qty"":0.4,""itemname"":""Green Bhavnagri"",""lbl_unit"":""Kg"",""description"":"""",""weighted_price"":0,""price"":0,""amount"":0,""hsn_code"":"""",""batchprefix"":"""",""existing_stock"":1.5,""current_stock"":1.9,""rmconv_qty"":""1000"",""rmconv_qty_total"":400,""rmconv_unit"":""GM"",""rmconv_unit_id"":""5790698"",""category"":""Food"",""sap_code"":"""",""tax_type"":0,""excise_duty"":0,""tax1_label"":""CGST"",""tax2_label"":""SGST"",""tax3_label"":""IGST""}]",[],0,0,,,[],[],,,,,,,,,,,,,,,,,,,,,,,,,,,,,,,,,,,,,,,,,,,,,,,,,,,,,,,,,,,,,,,,,,,,,,,,,,,,,,,,6a443304-ce18-434c-95de-079f3c009e87,,1,,,,,,,,,,,,,,,,,,,,,60.0.158.135,,,,,,,,,,,,,,,,,,,,,,,,,,,,,,,,,,,,,,,,,,,,,,,,,,,,,,,,,,,,,,,,,,,,,,,,,,,,,,,,,,,,,,,,,,,,,,,,,,,,,,,,,,,,,,,,,,,,,,,,,,,,,,,,,,,,,,,,,,,,,,,,,,,,,,,,,,,,,,,,,,,,,,,,,,,,,,,,,,,,,,,,,,,,,,,,,,,,,,,,,,,,,,,,,,,,,,,,,,,,,,,,,,,,,,,,,,,,,,,,,,,,,,,,,,,,,,,,,,,,,,,,,,,,,,,,,,,,,,,,,,,,,,,,,,,,,,,,,,,,,,,,,,,,,,,,,,,,,,,,,,,,,,,,,,,,,,,,,,,,,,,,,,,,,,,,,,,,,,,,,,,,,,,,,,,,,,,,,,,,,,,,,,,,,,,,,,,,,,,,,,,,,,,,,,,,,,,,,,,,,,,,,,,,,,,,,,,,,,,,,,,,,,,,,,,,,,,,,,,,,,,,,,,,,,,,,,,,,,,,,,,,,,,,,,,,,,,,,,,,,,,,,,,,,,,,,,,,,,,,,,,,,,,,,,,,,,,,,,,,,,,,,,,,,,,,,,,,,,,,,,,,,,,,,,,,,,,,,,,,,,,,,,,,,,,,,,,,,,,,,,,,,,,,,,,,,,,,,,,,,,,,,,,,,,,,,,,,,,,,,,,,,,
Ahmedabad Prep Kitchen,410150,133607738,Manual Stock,0,0,,2026-07-01,0,0,Active,Unpaid,,0,0,0,0,0.00,0,0,0,0,2026-07-01 02:49:53,2026-07-01 02:49:53,410150,Kitchen,,,,Gujarat,,,,,,,,,,,Gujarat,,,,,,,,,,,,,,"[{""item_id"":""46285819"",""unit"":""5790692"",""qty"":16.3,""itemname"":""Garlic Slice"",""lbl_unit"":""Kg"",""description"":"""",""weighted_price"":0,""price"":0,""amount"":0,""hsn_code"":"""",""batchprefix"":"""",""existing_stock"":-14.3,""current_stock"":2,""rmconv_qty"":""1000"",""rmconv_qty_total"":16300,""rmconv_unit"":""GM"",""rmconv_unit_id"":""5790698"",""category"":""Food"",""sap_code"":"""",""tax_type"":0,""excise_duty"":0,""tax1_label"":""CGST"",""tax2_label"":""SGST"",""tax3_label"":""IGST""}]",[],0,0,,,[],[],,,,,,,,,,,,,,,,,,,,,,,,,,,,,,,,,,,,,,,,,,,,,,,,,,,,,,,,,,,,,,,,,,,,,,,,,,,,,,,,6a4432f1-a628-484e-98ad-065e3c009e87,,1,,,,,,,,,,,,,,,,,,,,,,60.0.158.135,,,,,,,,,,,,,,,,,,,,,,,,,,,,,,,,,,,,,,,,,,,,,,,,,,,,,,,,,,,,,,,,,,,,,,,,,,,,,,,,,,,,,,,,,,,,,,,,,,,,,,,,,,,,,,,,,,,,,,,,,,,,,,,,,,,,,,,,,,,,,,,,,,,,,,,,,,,,,,,,,,,,,,,,,,,,,,,,,,,,,,,,,,,,,,,,,,,,,,,,,,,,,,,,,,,,,,,,,,,,,,,,,,,,,,,,,,,,,,,,,,,,,,,,,,,,,,,,,,,,,,,,,,,,,,,,,,,,,,,,,,,,,,,,,,,,,,,,,,,,,,,,,,,,,,,,,,,,,,,,,,,,,,,,,,,,,,,,,,,,,,,,,,,,,,,,,,,,,,,,,,,,,,,,,,,,,,,,,,,,,,,,,,,,,,,,,,,,,,,,,,,,,,,,,,,,,,,,,,,,,,,,,,,,,,,,,,,,,,,,,,,,,,,,,,,,,,,,,,,,,,,,,,,,,,,,,,,,,,,,,,,,,,,,,,,,,,,,,,,,,,,,,,,,,,,,,,,,,,,,,,,,,,,,,,,,,,,,,,,,,,,,,,,,,,,,,,,,,,,,,,,,,,,,,,,,,,,,,,,,,,,,,,,,,,,,,,,,,,,,,,,,,,,,,,,,,,,,,,,,,,,,,,,,,,,,,,,,,,,,,,,,,
Ahmedabad Prep Kitchen,410150,133607725,Manual Stock,0,0,,2026-07-01,0,0,Active,Unpaid,,0,0,0,0,0.00,0,0,0,0,2026-07-01 02:48:51,2026-07-01 02:48:51,410150,Kitchen,,,,Gujarat,,,,,,,,,,,Gujarat,,,,,,,,,,,,,,"[{""item_id"":""46286176"",""unit"":""5790692"",""qty"":500,""itemname"":""Green Apple"",""lbl_unit"":""Kg"",""description"":"""",""weighted_price"":0,""price"":0,""amount"":0,""hsn_code"":"""",""batchprefix"":"""",""existing_stock"":-498.5,""current_stock"":1.5,""rmconv_qty"":""1000"",""rmconv_qty_total"":500000,""rmconv_unit"":""GM"",""rmconv_unit_id"":""5790698"",""category"":""Food"",""sap_code"":"""",""tax_type"":0,""excise_duty"":0,""tax1_label"":""CGST"",""tax2_label"":""SGST"",""tax3_label"":""IGST""}]",[],0,0,,,[],[],,,,,,,,,,,,,,,,,,,,,,,,,,,,,,,,,,,,,,,,,,,,,,,,,,,,,,,,,,,,,,,,,,,,,,,,,,,,,,,,6a4432b2-60d8-46a9-b79f-08b23c009e87,,1,,,,,,,,,,,,,,,,,,,,,,,60.0.158.135,,,,,,,,,,,,,,,,,,,,,,,,,,,,,,,,,,,,,,,,,,,,,,,,,,,,,,,,,,,,,,,,,,,,,,,,,,,,,,,,,,,,,,,,,,,,,,,,,,,,,,,,,,,,,,,,,,,,,,,,,,,,,,,,,,,,,,,,,,,,,,,,,,,,,,,,,,,,,,,,,,,,,,,,,,,,,,,,,,,,,,,,,,,,,,,,,,,,,,,,,,,,,,,,,,,,,,,,,,,,,,,,,,,,,,,,,,,,,,,,,,,,,,,,,,,,,,,,,,,,,,,,,,,,,,,,,,,,,,,,,,,,,,,,,,,,,,,,,,,,,,,,,,,,,,,,,,,,,,,,,,,,,,,,,,,,,,,,,,,,,,,,,,,,,,,,,,,,,,,,,,,,,,,,,,,,,,,,,,,,,,,,,,,,,,,,,,,,,,,,,,,,,,,,,,,,,,,,,,,,,,,,,,,,,,,,,,,,,,,,,,,,,,,,,,,,,,,,,,,,,,,,,,,,,,,,,,,,,,,,,,,,,,,,,,,,,,,,,,,,,,,,,,,,,,,,,,,,,,,,,,,,,,,,,,,,,,,,,,,,,,,,,,,,,,,,,,,,,,,,,,,,,,,,,,,,,,,,,,,,,,,,,,,,,,,,,,,,,,,,,,,,,,,,,,,,,,,,,,,,,,,,,,,,,,,,,,,,,,,,,,,,
Ahmedabad Prep Kitchen,410150,133607707,Manual Stock,0,0,,2026-07-01,0,0,Active,Unpaid,,0,0,0,0,0.00,0,0,0,0,2026-07-01 02:48:30,2026-07-01 02:48:30,410150,Kitchen,,,,Gujarat,,,,,,,,,,,Gujarat,,,,,,,,,,,,,,"[{""item_id"":""46285852"",""unit"":""5790692"",""qty"":0,""itemname"":""Confit Garlic"",""lbl_unit"":""Kg"",""description"":"""",""weighted_price"":0,""price"":0,""amount"":0,""hsn_code"":"""",""batchprefix"":"""",""existing_stock"":1.5,""current_stock"":1.5,""rmconv_qty"":""1000"",""rmconv_qty_total"":0,""rmconv_unit"":""GM"",""rmconv_unit_id"":""5790698"",""category"":""Food"",""sap_code"":"""",""tax_type"":0,""excise_duty"":0,""tax1_label"":""CGST"",""tax2_label"":""SGST"",""tax3_label"":""IGST""}]",[],0,0,,,[],[],,,,,,,,,,,,,,,,,,,,,,,,,,,,,,,,,,,,,,,,,,,,,,,,,,,,,,,,,,,,,,,,,,,,,,,,,,,,,,,,6a44328b-81d4-4f2a-bf67-068f3c009e87,,1,,,,,,,,,,,,,,,,,,,,,,,,60.0.158.135,,,,,,,,,,,,,,,,,,,,,,,,,,,,,,,,,,,,,,,,,,,,,,,,,,,,,,,,,,,,,,,,,,,,,,,,,,,,,,,,,,,,,,,,,,,,,,,,,,,,,,,,,,,,,,,,,,,,,,,,,,,,,,,,,,,,,,,,,,,,,,,,,,,,,,,,,,,,,,,,,,,,,,,,,,,,,,,,,,,,,,,,,,,,,,,,,,,,,,,,,,,,,,,,,,,,,,,,,,,,,,,,,,,,,,,,,,,,,,,,,,,,,,,,,,,,,,,,,,,,,,,,,,,,,,,,,,,,,,,,,,,,,,,,,,,,,,,,,,,,,,,,,,,,,,,,,,,,,,,,,,,,,,,,,,,,,,,,,,,,,,,,,,,,,,,,,,,,,,,,,,,,,,,,,,,,,,,,,,,,,,,,,,,,,,,,,,,,,,,,,,,,,,,,,,,,,,,,,,,,,,,,,,,,,,,,,,,,,,,,,,,,,,,,,,,,,,,,,,,,,,,,,,,,,,,,,,,,,,,,,,,,,,,,,,,,,,,,,,,,,,,,,,,,,,,,,,,,,,,,,,,,,,,,,,,,,,,,,,,,,,,,,,,,,,,,,,,,,,,,,,,,,,,,,,,,,,,,,,,,,,,,,,,,,,,,,,,,,,,,,,,,,,,,,,,,,,,,,,,,,,,,,,,,,,,,,,,,,,,,,,,
Ahmedabad Prep Kitchen,410150,133607699,Manual Stock,0,0,,2026-07-01,0,0,Active,Unpaid,,0,0,0,0,0.00,0,0,0,0,2026-07-01 02:48:03,2026-07-01 02:48:03,410150,Kitchen,,,,Gujarat,,,,,,,,,,,Gujarat,,,,,,,,,,,,,,"[{""item_id"":""46285852"",""unit"":""5790692"",""qty"":5.85,""itemname"":""Confit Garlic"",""lbl_unit"":""Kg"",""description"":"""",""weighted_price"":0,""price"":0,""amount"":0,""hsn_code"":"""",""batchprefix"":"""",""existing_stock"":-4.35,""current_stock"":1.5,""rmconv_qty"":""1000"",""rmconv_qty_total"":5850,""rmconv_unit"":""GM"",""rmconv_unit_id"":""5790698"",""category"":""Food"",""sap_code"":"""",""tax_type"":0,""excise_duty"":0,""tax1_label"":""CGST"",""tax2_label"":""SGST"",""tax3_label"":""IGST""}]",[],0,0,,,[],[],,,,,,,,,,,,,,,,,,,,,,,,,,,,,,,,,,,,,,,,,,,,,,,,,,,,,,,,,,,,,,,,,,,,,,,,,,,,,,,,6a443283-f61c-41f6-a812-09633c009e87,,1,,,,,,,,,,,,,,,,,,,,,,,,,60.0.158.135,,,,,,,,,,,,,,,,,,,,,,,,,,,,,,,,,,,,,,,,,,,,,,,,,,,,,,,,,,,,,,,,,,,,,,,,,,,,,,,,,,,,,,,,,,,,,,,,,,,,,,,,,,,,,,,,,,,,,,,,,,,,,,,,,,,,,,,,,,,,,,,,,,,,,,,,,,,,,,,,,,,,,,,,,,,,,,,,,,,,,,,,,,,,,,,,,,,,,,,,,,,,,,,,,,,,,,,,,,,,,,,,,,,,,,,,,,,,,,,,,,,,,,,,,,,,,,,,,,,,,,,,,,,,,,,,,,,,,,,,,,,,,,,,,,,,,,,,,,,,,,,,,,,,,,,,,,,,,,,,,,,,,,,,,,,,,,,,,,,,,,,,,,,,,,,,,,,,,,,,,,,,,,,,,,,,,,,,,,,,,,,,,,,,,,,,,,,,,,,,,,,,,,,,,,,,,,,,,,,,,,,,,,,,,,,,,,,,,,,,,,,,,,,,,,,,,,,,,,,,,,,,,,,,,,,,,,,,,,,,,,,,,,,,,,,,,,,,,,,,,,,,,,,,,,,,,,,,,,,,,,,,,,,,,,,,,,,,,,,,,,,,,,,,,,,,,,,,,,,,,,,,,,,,,,,,,,,,,,,,,,,,,,,,,,,,,,,,,,,,,,,,,,,,,,,,,,,,,,,,,,,,,,,,,,,,,,,,,,,,,,
Ahmedabad Prep Kitchen,410150,133607697,Manual Stock,0,0,,2026-07-01,0,0,Active,Unpaid,,0,0,0,0,0.00,0,0,0,0,2026-07-01 02:47:52,2026-07-01 02:47:52,410150,Kitchen,,,,Gujarat,,,,,,,,,,,Gujarat,,,,,,,,,,,,,,"[{""item_id"":""46285832"",""unit"":""5790692"",""qty"":30,""itemname"":""Chilli Crisp Regular"",""lbl_unit"":""Kg"",""description"":"""",""weighted_price"":0,""price"":0,""amount"":0,""hsn_code"":"""",""batchprefix"":"""",""existing_stock"":0,""current_stock"":30,""rmconv_qty"":""1000"",""rmconv_qty_total"":30000,""rmconv_unit"":""GM"",""rmconv_unit_id"":""5790698"",""category"":""Food"",""sap_code"":"""",""tax_type"":0,""excise_duty"":0,""tax1_label"":""CGST"",""tax2_label"":""SGST"",""tax3_label"":""IGST""}]",[],0,0,,,[],[],,,,,,,,,,,,,,,,,,,,,,,,,,,,,,,,,,,,,,,,,,,,,,,,,,,,,,,,,,,,,,,,,,,,,,,,,,,,,,,,6a443279-2a04-4ee0-8db9-05913c009e87,,1,,,,,,,,,,,,,,,,,,,,,,,,,,60.0.158.135,,,,,,,,,,,,,,,,,,,,,,,,,,,,,,,,,,,,,,,,,,,,,,,,,,,,,,,,,,,,,,,,,,,,,,,,,,,,,,,,,,,,,,,,,,,,,,,,,,,,,,,,,,,,,,,,,,,,,,,,,,,,,,,,,,,,,,,,,,,,,,,,,,,,,,,,,,,,,,,,,,,,,,,,,,,,,,,,,,,,,,,,,,,,,,,,,,,,,,,,,,,,,,,,,,,,,,,,,,,,,,,,,,,,,,,,,,,,,,,,,,,,,,,,,,,,,,,,,,,,,,,,,,,,,,,,,,,,,,,,,,,,,,,,,,,,,,,,,,,,,,,,,,,,,,,,,,,,,,,,,,,,,,,,,,,,,,,,,,,,,,,,,,,,,,,,,,,,,,,,,,,,,,,,,,,,,,,,,,,,,,,,,,,,,,,,,,,,,,,,,,,,,,,,,,,,,,,,,,,,,,,,,,,,,,,,,,,,,,,,,,,,,,,,,,,,,,,,,,,,,,,,,,,,,,,,,,,,,,,,,,,,,,,,,,,,,,,,,,,,,,,,,,,,,,,,,,,,,,,,,,,,,,,,,,,,,,,,,,,,,,,,,,,,,,,,,,,,,,,,,,,,,,,,,,,,,,,,,,,,,,,,,,,,,,,,,,,,,,,,,,,,,,,,,,,,,,,,,,,,,,,,,,,,,,,,,,,,,,,,,
Ahmedabad Prep Kitchen,410150,133607694,Manual Stock,0,0,,2026-07-01,0,0,Active,Unpaid,,0,0,0,0,0.00,0,0,0,0,2026-07-01 02:47:42,2026-07-01 02:47:42,410150,Kitchen,,,,Gujarat,,,,,,,,,,,Gujarat,,,,,,,,,,,,,,"[{""item_id"":""46286035"",""unit"":""5790692"",""qty"":4,""itemname"":""Chilli Crisp Jain"",""lbl_unit"":""Kg"",""description"":"""",""weighted_price"":0,""price"":0,""amount"":0,""hsn_code"":"""",""batchprefix"":"""",""existing_stock"":8,""current_stock"":12,""rmconv_qty"":""1000"",""rmconv_qty_total"":4000,""rmconv_unit"":""GM"",""rmconv_unit_id"":""5790698"",""category"":""Food"",""sap_code"":"""",""tax_type"":0,""excise_duty"":0,""tax1_label"":""CGST"",""tax2_label"":""SGST"",""tax3_label"":""IGST""}]",[],0,0,,,[],[],,,,,,,,,,,,,,,,,,,,,,,,,,,,,,,,,,,,,,,,,,,,,,,,,,,,,,,,,,,,,,,,,,,,,,,,,,,,,,,,6a44326f-3320-49c2-a5d7-08793c009e87,,1,,,,,,,,,,,,,,,,,,,,,,,,,,,60.0.158.135,,,,,,,,,,,,,,,,,,,,,,,,,,,,,,,,,,,,,,,,,,,,,,,,,,,,,,,,,,,,,,,,,,,,,,,,,,,,,,,,,,,,,,,,,,,,,,,,,,,,,,,,,,,,,,,,,,,,,,,,,,,,,,,,,,,,,,,,,,,,,,,,,,,,,,,,,,,,,,,,,,,,,,,,,,,,,,,,,,,,,,,,,,,,,,,,,,,,,,,,,,,,,,,,,,,,,,,,,,,,,,,,,,,,,,,,,,,,,,,,,,,,,,,,,,,,,,,,,,,,,,,,,,,,,,,,,,,,,,,,,,,,,,,,,,,,,,,,,,,,,,,,,,,,,,,,,,,,,,,,,,,,,,,,,,,,,,,,,,,,,,,,,,,,,,,,,,,,,,,,,,,,,,,,,,,,,,,,,,,,,,,,,,,,,,,,,,,,,,,,,,,,,,,,,,,,,,,,,,,,,,,,,,,,,,,,,,,,,,,,,,,,,,,,,,,,,,,,,,,,,,,,,,,,,,,,,,,,,,,,,,,,,,,,,,,,,,,,,,,,,,,,,,,,,,,,,,,,,,,,,,,,,,,,,,,,,,,,,,,,,,,,,,,,,,,,,,,,,,,,,,,,,,,,,,,,,,,,,,,,,,,,,,,,,,,,,,,,,,,,,,,,,,,,,,,,,,,,,,,,,,,,,,,,,,,,,,,,,,,,
Ahmedabad Prep Kitchen,410150,133607688,Manual Stock,0,0,,2026-07-01,0,0,Active,Unpaid,,0,0,0,0,0.00,0,0,0,0,2026-07-01 02:47:20,2026-07-01 02:47:20,410150,Kitchen,,,,Gujarat,,,,,,,,,,,Gujarat,,,,,,,,,,,,,,"[{""item_id"":""46285833"",""unit"":""5790692"",""qty"":13.2,""itemname"":""Caramelized Onion"",""lbl_unit"":""Kg"",""description"":"""",""weighted_price"":0,""price"":0,""amount"":0,""hsn_code"":"""",""batchprefix"":"""",""existing_stock"":-7.2,""current_stock"":6,""rmconv_qty"":""1000"",""rmconv_qty_total"":13200,""rmconv_unit"":""GM"",""rmconv_unit_id"":""5790698"",""category"":""Food"",""sap_code"":"""",""tax_type"":0,""excise_duty"":0,""tax1_label"":""CGST"",""tax2_label"":""SGST"",""tax3_label"":""IGST""}]",[],0,0,,,[],[],,,,,,,,,,,,,,,,,,,,,,,,,,,,,,,,,,,,,,,,,,,,,,,,,,,,,,,,,,,,,,,,,,,,,,,,,,,,,,,,6a443247-5df0-413e-89a2-079a3c009e87,,1,,,,,,,,,,,,,,,,,,,,,,,,,,,,60.0.158.135,,,,,,,,,,,,,,,,,,,,,,,,,,,,,,,,,,,,,,,,,,,,,,,,,,,,,,,,,,,,,,,,,,,,,,,,,,,,,,,,,,,,,,,,,,,,,,,,,,,,,,,,,,,,,,,,,,,,,,,,,,,,,,,,,,,,,,,,,,,,,,,,,,,,,,,,,,,,,,,,,,,,,,,,,,,,,,,,,,,,,,,,,,,,,,,,,,,,,,,,,,,,,,,,,,,,,,,,,,,,,,,,,,,,,,,,,,,,,,,,,,,,,,,,,,,,,,,,,,,,,,,,,,,,,,,,,,,,,,,,,,,,,,,,,,,,,,,,,,,,,,,,,,,,,,,,,,,,,,,,,,,,,,,,,,,,,,,,,,,,,,,,,,,,,,,,,,,,,,,,,,,,,,,,,,,,,,,,,,,,,,,,,,,,,,,,,,,,,,,,,,,,,,,,,,,,,,,,,,,,,,,,,,,,,,,,,,,,,,,,,,,,,,,,,,,,,,,,,,,,,,,,,,,,,,,,,,,,,,,,,,,,,,,,,,,,,,,,,,,,,,,,,,,,,,,,,,,,,,,,,,,,,,,,,,,,,,,,,,,,,,,,,,,,,,,,,,,,,,,,,,,,,,,,,,,,,,,,,,,,,,,,,,,,,,,,,,,,,,,,,,,,,,,,,,,,,,,,,,,,,,,,,,,,,,,,,,,,,,,
Ahmedabad Prep Kitchen,410150,133607646,Manual Stock,0,0,,2026-07-01,0,0,Active,Unpaid,,0,0,0,0,0.00,0,0,0,0,2026-07-01 02:45:47,2026-07-01 02:45:47,410150,Kitchen,,,,Gujarat,,,,,,,,,,,Gujarat,,,,,,,,,,,,,,"[{""item_id"":""46285953"",""unit"":""5790692"",""qty"":199.7,""itemname"":""Button Mushroom Whole"",""lbl_unit"":""Kg"",""description"":"""",""weighted_price"":0,""price"":0,""amount"":0,""hsn_code"":"""",""batchprefix"":"""",""existing_stock"":-194.7,""current_stock"":5,""rmconv_qty"":""1000"",""rmconv_qty_total"":199700,""rmconv_unit"":""GM"",""rmconv_unit_id"":""5790698"",""category"":""Food"",""sap_code"":"""",""tax_type"":0,""excise_duty"":0,""tax1_label"":""CGST"",""tax2_label"":""SGST"",""tax3_label"":""IGST""}]",[],0,0,,,[],[],,,,,,,,,,,,,,,,,,,,,,,,,,,,,,,,,,,,,,,,,,,,,,,,,,,,,,,,,,,,,,,,,,,,,,,,,,,,,,,,6a4431fb-a5f4-465e-a9fc-079f3c009e87,,1,,,,,,,,,,,,,,,,,,,,,,,,,,,,,60.0.158.135,,,,,,,,,,,,,,,,,,,,,,,,,,,,,,,,,,,,,,,,,,,,,,,,,,,,,,,,,,,,,,,,,,,,,,,,,,,,,,,,,,,,,,,,,,,,,,,,,,,,,,,,,,,,,,,,,,,,,,,,,,,,,,,,,,,,,,,,,,,,,,,,,,,,,,,,,,,,,,,,,,,,,,,,,,,,,,,,,,,,,,,,,,,,,,,,,,,,,,,,,,,,,,,,,,,,,,,,,,,,,,,,,,,,,,,,,,,,,,,,,,,,,,,,,,,,,,,,,,,,,,,,,,,,,,,,,,,,,,,,,,,,,,,,,,,,,,,,,,,,,,,,,,,,,,,,,,,,,,,,,,,,,,,,,,,,,,,,,,,,,,,,,,,,,,,,,,,,,,,,,,,,,,,,,,,,,,,,,,,,,,,,,,,,,,,,,,,,,,,,,,,,,,,,,,,,,,,,,,,,,,,,,,,,,,,,,,,,,,,,,,,,,,,,,,,,,,,,,,,,,,,,,,,,,,,,,,,,,,,,,,,,,,,,,,,,,,,,,,,,,,,,,,,,,,,,,,,,,,,,,,,,,,,,,,,,,,,,,,,,,,,,,,,,,,,,,,,,,,,,,,,,,,,,,,,,,,,,,,,,,,,,,,,,,,,,,,,,,,,,,,,,,,,,,,,,,,,,,,,,,,,,,,,,,,,,,,,,,,
Ahmedabad Prep Kitchen,410150,133607605,Manual Stock,0,0,,2026-07-01,0,0,Active,Unpaid,,0,0,0,0,0.00,0,0,0,0,2026-07-01 02:42:59,2026-07-01 02:42:59,410150,Kitchen,,,,Gujarat,,,,,,,,,,,Gujarat,,,,,,,,,,,,,,"[{""item_id"":""46286787"",""unit"":""5790709"",""qty"":4,""itemname"":""Acid Bottle 1ltr"",""lbl_unit"":""Qty"",""description"":"""",""weighted_price"":0,""price"":0,""amount"":0,""hsn_code"":"""",""batchprefix"":"""",""existing_stock"":""0"",""current_stock"":""4"",""category"":""Housekeeping Liquids"",""sap_code"":"""",""tax_type"":0,""excise_duty"":0,""tax1_label"":""CGST"",""tax2_label"":""SGST"",""tax3_label"":""IGST""}]",[],0,0,,,[],[],,,,,,,,,,,,,,,,,,,,,,,,,,,,,,,,,,,,,,,,,,,,,,,,,,,,,,,,,,,,,,,,,,,,,,,,,,,,,,,,6a44314b-6778-4f6f-8891-079f3c009e87,,1,,,,,,,,,,,,,,,,,,,,,,,,,,,,,,60.0.158.135,,,,,,,,,,,,,,,,,,,,,,,,,,,,,,,,,,,,,,,,,,,,,,,,,,,,,,,,,,,,,,,,,,,,,,,,,,,,,,,,,,,,,,,,,,,,,,,,,,,,,,,,,,,,,,,,,,,,,,,,,,,,,,,,,,,,,,,,,,,,,,,,,,,,,,,,,,,,,,,,,,,,,,,,,,,,,,,,,,,,,,,,,,,,,,,,,,,,,,,,,,,,,,,,,,,,,,,,,,,,,,,,,,,,,,,,,,,,,,,,,,,,,,,,,,,,,,,,,,,,,,,,,,,,,,,,,,,,,,,,,,,,,,,,,,,,,,,,,,,,,,,,,,,,,,,,,,,,,,,,,,,,,,,,,,,,,,,,,,,,,,,,,,,,,,,,,,,,,,,,,,,,,,,,,,,,,,,,,,,,,,,,,,,,,,,,,,,,,,,,,,,,,,,,,,,,,,,,,,,,,,,,,,,,,,,,,,,,,,,,,,,,,,,,,,,,,,,,,,,,,,,,,,,,,,,,,,,,,,,,,,,,,,,,,,,,,,,,,,,,,,,,,,,,,,,,,,,,,,,,,,,,,,,,,,,,,,,,,,,,,,,,,,,,,,,,,,,,,,,,,,,,,,,,,,,,,,,,,,,,,,,,,,,,,,,,,,,,,,,,,,,,,,,,,,,,,,,,,,,,,,,,,,,,,,,,,,,,,
Ahmedabad Prep Kitchen,410150,133607602,Manual Stock,0,0,,2026-07-01,0,0,Active,Unpaid,,0,0,0,0,0.00,0,0,0,0,2026-07-01 02:42:31,2026-07-01 02:42:31,410150,Kitchen,,,,Gujarat,,,,,,,,,,,Gujarat,,,,,,,,,,,,,,"[{""item_id"":""46286662"",""unit"":""5790709"",""qty"":1,""itemname"":""Suma Grill 5ltr"",""lbl_unit"":""Qty"",""description"":"""",""weighted_price"":0,""price"":0,""amount"":0,""hsn_code"":"""",""batchprefix"":"""",""existing_stock"":""0"",""current_stock"":""1"",""category"":""Housekeeping Liquids"",""sap_code"":"""",""tax_type"":0,""excise_duty"":0,""tax1_label"":""CGST"",""tax2_label"":""SGST"",""tax3_label"":""IGST""}]",[],0,0,,,[],[],,,,,,,,,,,,,,,,,,,,,,,,,,,,,,,,,,,,,,,,,,,,,,,,,,,,,,,,,,,,,,,,,,,,,,,,,,,,,,,,6a443138-7954-492b-9e39-06bc3c009e87,,1,,,,,,,,,,,,,,,,,,,,,,,,,,,,,,,60.0.158.135,,,,,,,,,,,,,,,,,,,,,,,,,,,,,,,,,,,,,,,,,,,,,,,,,,,,,,,,,,,,,,,,,,,,,,,,,,,,,,,,,,,,,,,,,,,,,,,,,,,,,,,,,,,,,,,,,,,,,,,,,,,,,,,,,,,,,,,,,,,,,,,,,,,,,,,,,,,,,,,,,,,,,,,,,,,,,,,,,,,,,,,,,,,,,,,,,,,,,,,,,,,,,,,,,,,,,,,,,,,,,,,,,,,,,,,,,,,,,,,,,,,,,,,,,,,,,,,,,,,,,,,,,,,,,,,,,,,,,,,,,,,,,,,,,,,,,,,,,,,,,,,,,,,,,,,,,,,,,,,,,,,,,,,,,,,,,,,,,,,,,,,,,,,,,,,,,,,,,,,,,,,,,,,,,,,,,,,,,,,,,,,,,,,,,,,,,,,,,,,,,,,,,,,,,,,,,,,,,,,,,,,,,,,,,,,,,,,,,,,,,,,,,,,,,,,,,,,,,,,,,,,,,,,,,,,,,,,,,,,,,,,,,,,,,,,,,,,,,,,,,,,,,,,,,,,,,,,,,,,,,,,,,,,,,,,,,,,,,,,,,,,,,,,,,,,,,,,,,,,,,,,,,,,,,,,,,,,,,,,,,,,,,,,,,,,,,,,,,,,,,,,,,,,,,,,,,,,,,,,,,,,,,,,,,,,,,,,,
Ahmedabad Prep Kitchen,410150,133607596,Manual Stock,0,0,,2026-07-01,0,0,Active,Unpaid,,0,0,0,0,0.00,0,0,0,0,2026-07-01 02:42:02,2026-07-01 02:42:02,410150,Kitchen,,,,Gujarat,,,,,,,,,,,Gujarat,,,,,,,,,,,,,,"[{""item_id"":""46286653"",""unit"":""5790709"",""qty"":1,""itemname"":""Floor Cleaner 5ltr"",""lbl_unit"":""Qty"",""description"":"""",""weighted_price"":0,""price"":0,""amount"":0,""hsn_code"":"""",""batchprefix"":"""",""existing_stock"":""0"",""current_stock"":""1"",""category"":""Housekeeping Liquids"",""sap_code"":"""",""tax_type"":0,""excise_duty"":0,""tax1_label"":""CGST"",""tax2_label"":""SGST"",""tax3_label"":""IGST""}]",[],0,0,,,[],[],,,,,,,,,,,,,,,,,,,,,,,,,,,,,,,,,,,,,,,,,,,,,,,,,,,,,,,,,,,,,,,,,,,,,,,,,,,,,,,,6a44311a-9d9c-49d8-b596-086e3c009e87,,1,,,,,,,,,,,,,,,,,,,,,,,,,,,,,,,,60.0.158.135,,,,,,,,,,,,,,,,,,,,,,,,,,,,,,,,,,,,,,,,,,,,,,,,,,,,,,,,,,,,,,,,,,,,,,,,,,,,,,,,,,,,,,,,,,,,,,,,,,,,,,,,,,,,,,,,,,,,,,,,,,,,,,,,,,,,,,,,,,,,,,,,,,,,,,,,,,,,,,,,,,,,,,,,,,,,,,,,,,,,,,,,,,,,,,,,,,,,,,,,,,,,,,,,,,,,,,,,,,,,,,,,,,,,,,,,,,,,,,,,,,,,,,,,,,,,,,,,,,,,,,,,,,,,,,,,,,,,,,,,,,,,,,,,,,,,,,,,,,,,,,,,,,,,,,,,,,,,,,,,,,,,,,,,,,,,,,,,,,,,,,,,,,,,,,,,,,,,,,,,,,,,,,,,,,,,,,,,,,,,,,,,,,,,,,,,,,,,,,,,,,,,,,,,,,,,,,,,,,,,,,,,,,,,,,,,,,,,,,,,,,,,,,,,,,,,,,,,,,,,,,,,,,,,,,,,,,,,,,,,,,,,,,,,,,,,,,,,,,,,,,,,,,,,,,,,,,,,,,,,,,,,,,,,,,,,,,,,,,,,,,,,,,,,,,,,,,,,,,,,,,,,,,,,,,,,,,,,,,,,,,,,,,,,,,,,,,,,,,,,,,,,,,,,,,,,,,,,,,,,,,,,,,,,,,,,,,,
Ahmedabad Prep Kitchen,410150,133607589,Manual Stock,0,0,,2026-07-01,0,0,Active,Unpaid,,0,0,0,0,0.00,0,0,0,0,2026-07-01 02:41:06,2026-07-01 02:41:06,410150,Kitchen,,,,Gujarat,,,,,,,,,,,Gujarat,,,,,,,,,,,,,,"[{""item_id"":""46287585"",""unit"":""5790709"",""qty"":1,""itemname"":""Jumbo Roll"",""lbl_unit"":""Qty"",""description"":"""",""weighted_price"":0,""price"":0,""amount"":0,""hsn_code"":"""",""batchprefix"":"""",""existing_stock"":""0"",""current_stock"":""1"",""category"":"""",""sap_code"":"""",""tax_type"":0,""excise_duty"":0,""tax1_label"":""CGST"",""tax2_label"":""SGST"",""tax3_label"":""IGST""}]",[],0,0,,,[],[],,,,,,,,,,,,,,,,,,,,,,,,,,,,,,,,,,,,,,,,,,,,,,,,,,,,,,,,,,,,,,,,,,,,,,,,,,,,,,,,6a4430e3-689c-4dd2-b9d4-06fe3c009e87,,1,,,,,,,,,,,,,,,,,,,,,,,,,,,,,,,,,60.0.158.135,,,,,,,,,,,,,,,,,,,,,,,,,,,,,,,,,,,,,,,,,,,,,,,,,,,,,,,,,,,,,,,,,,,,,,,,,,,,,,,,,,,,,,,,,,,,,,,,,,,,,,,,,,,,,,,,,,,,,,,,,,,,,,,,,,,,,,,,,,,,,,,,,,,,,,,,,,,,,,,,,,,,,,,,,,,,,,,,,,,,,,,,,,,,,,,,,,,,,,,,,,,,,,,,,,,,,,,,,,,,,,,,,,,,,,,,,,,,,,,,,,,,,,,,,,,,,,,,,,,,,,,,,,,,,,,,,,,,,,,,,,,,,,,,,,,,,,,,,,,,,,,,,,,,,,,,,,,,,,,,,,,,,,,,,,,,,,,,,,,,,,,,,,,,,,,,,,,,,,,,,,,,,,,,,,,,,,,,,,,,,,,,,,,,,,,,,,,,,,,,,,,,,,,,,,,,,,,,,,,,,,,,,,,,,,,,,,,,,,,,,,,,,,,,,,,,,,,,,,,,,,,,,,,,,,,,,,,,,,,,,,,,,,,,,,,,,,,,,,,,,,,,,,,,,,,,,,,,,,,,,,,,,,,,,,,,,,,,,,,,,,,,,,,,,,,,,,,,,,,,,,,,,,,,,,,,,,,,,,,,,,,,,,,,,,,,,,,,,,,,,,,,,,,,,,,,,,,,,,,,,,,,,,,,,,,,,,
Ahmedabad Prep Kitchen,410150,133607571,Manual Stock,0,0,,2026-07-01,0,0,Active,Unpaid,,0,0,0,0,0.00,0,0,0,0,2026-07-01 02:40:33,2026-07-01 02:40:33,410150,Kitchen,,,,Gujarat,,,,,,,,,,,Gujarat,,,,,,,,,,,,,,"[{""item_id"":""46287117"",""unit"":""5790709"",""qty"":11,""itemname"":""Masking Tape 6pcs"",""lbl_unit"":""Qty"",""description"":"""",""weighted_price"":0,""price"":0,""amount"":0,""hsn_code"":"""",""batchprefix"":"""",""existing_stock"":""1"",""current_stock"":""12"",""category"":""Packaging"",""sap_code"":"""",""tax_type"":0,""excise_duty"":0,""tax1_label"":""CGST"",""tax2_label"":""SGST"",""tax3_label"":""IGST""}]",[],0,0,,,[],[],,,,,,,,,,,,,,,,,,,,,,,,,,,,,,,,,,,,,,,,,,,,,,,,,,,,,,,,,,,,,,,,,,,,,,,,,,,,,,,,6a4430c4-dc30-415d-9682-08ba3c009e87,,1,,,,,,,,,,,,,,,,,,,,,,,,,,,,,,,,,,60.0.158.135,,,,,,,,,,,,,,,,,,,,,,,,,,,,,,,,,,,,,,,,,,,,,,,,,,,,,,,,,,,,,,,,,,,,,,,,,,,,,,,,,,,,,,,,,,,,,,,,,,,,,,,,,,,,,,,,,,,,,,,,,,,,,,,,,,,,,,,,,,,,,,,,,,,,,,,,,,,,,,,,,,,,,,,,,,,,,,,,,,,,,,,,,,,,,,,,,,,,,,,,,,,,,,,,,,,,,,,,,,,,,,,,,,,,,,,,,,,,,,,,,,,,,,,,,,,,,,,,,,,,,,,,,,,,,,,,,,,,,,,,,,,,,,,,,,,,,,,,,,,,,,,,,,,,,,,,,,,,,,,,,,,,,,,,,,,,,,,,,,,,,,,,,,,,,,,,,,,,,,,,,,,,,,,,,,,,,,,,,,,,,,,,,,,,,,,,,,,,,,,,,,,,,,,,,,,,,,,,,,,,,,,,,,,,,,,,,,,,,,,,,,,,,,,,,,,,,,,,,,,,,,,,,,,,,,,,,,,,,,,,,,,,,,,,,,,,,,,,,,,,,,,,,,,,,,,,,,,,,,,,,,,,,,,,,,,,,,,,,,,,,,,,,,,,,,,,,,,,,,,,,,,,,,,,,,,,,,,,,,,,,,,,,,,,,,,,,,,,,,,,,,,,,,,,,,,,,,,,,,,,,,,,,,,,,,,,,
Surat Prep Kitchen,376017,135293418,Normal,,2653,INV-001404,2026-07-03,920,0,Active,Unpaid,,800,0,0,120,0.00,0,0,0,0,2026-07-16 15:37:51,2026-07-16 15:37:51,996921,Supplier,,Surat,Surat Prep Kitchen,Gujarat,,"Gujarat Hira Bourse , Ichchapore",9016168269,,,,,Plantaire Redefinning Roots,Supplier,,Gujarat,,,,0,,,,,1,,,0,,"[{""prev_price"":""0.000000"",""item_id"":""46282703"",""itemname"":""Basil"",""qty"":2.5,""price"":320,""amount"":800,""discount"":""0.000"",""lbl_unit"":""Kg"",""unit"":""4907667"",""description"":"""",""hsn_code"":"""",""weighted_price"":320,""invoice_date"":""2026-07-03"",""sap_code"":"""",""purchase_doc_number"":"""",""purchase_invoice_number"":"""",""tax1"":0,""tax2"":0,""tax3"":0,""tax1_amount"":0,""tax2_amount"":0,""tax3_amount"":0,""expiry_date"":"""",""manufacturing_date"":"""",""sap_group_master_id"":0,""category"":""Food"",""rmconv_qty"":""1000"",""rmconv_qty_total"":2500,""rmconv_unit_id"":""4907673"",""rmconv_unit"":""GM"",""yield_qty"":""0"",""discount_application"":""B"",""container_weight"":0,""net_weight"":""2.5"",""gross_weight"":0,""tax_type"":0,""excise_duty"":0,""tax1_label"":""CGST"",""tax2_label"":""SGST"",""tax3_label"":""IGST""}]",[],0,0,,,[],[],,,,,,,1,,,,,,,,,,,,,,,,,,,,,,,,,,,,,,,,,,,,,,,,,,,,,,,,,,,,,,,,,,,,,,,,,,,,,,,,,,,,,,,,,,,,,,,,,,,,,,,,,,,,,,,,,,,,,,6a58ad1a-f05c-44ba-a7dd-20c23c00937b,60.0.158.135,,,,,,,,,,,,,,,,,,,,,,,,,,,,,,,,,,,,,,,,,,,,,,,,,,,,,,,,,,,,,,,,,,,,,,,,,,,,,,,,,,,,,,,,,,,,,,,,,,,,,,,,,,,,,,,,,,,,,,,,,,,,,,,,,,,,,,,,,,,,,,,,,,,,,,,,,,,,,,,,,,,,,,,,,,,,,,,,,,,,,,,,,,,,,,,,,,,,,,,,,,,,,,,,,,,,,,,,,,,,,,,,,,,,,,,,,,,,,,,,,,,,,,,,,,,,,,,,,,,,,,,,,,,,,,,,,,,,,,,,,,,,,,,,,,,,,,,,,,,,,,,,,,,,,,,,,,,,,,,,,,,,,,,,,,,,,,,,,,,,,,,,,,,,,,,,,,,,,,,,,,,,,,,,,,,,,,,,,,,,,,,,,,,,,,,,,,,,,,,,,,,,,,,,,,,,,,,,,,,,,,,,,,,,,,,,,,,,,,,,,,,,,,,,,,,,,,,,,,,,,,,,,,,,,,,,,,,,,,,,,,,,,,,,,,,,,,,,,,,,,,,,,,,,,,,,,,,,,,,,,,,,,,,,,,,,,,,,,,,,,,,,,,,,,,,,,,,,,,,,,,,,,,,,,,,,,,,,,,,,,,,,,,,,,,,,,,,,,,,,,,,,,,,,,,,,,,,,,,,,,,,,,,,,,,,
Surat Prep Kitchen,376017,135291598,Normal,,2647,INV-001427,2026-07-07,1790,0,Active,Unpaid,,1670,0,0,120,0.00,0,0,0,0,2026-07-16 15:24:14,2026-07-16 15:24:14,996921,Supplier,,Surat,Surat Prep Kitchen,Gujarat,,"Gujarat Hira Bourse , Ichchapore",9016168269,,,,,Plantaire Redefinning Roots,Supplier,,Gujarat,,,,0,,,,,1,,,0,,"[{""prev_price"":""0.000000"",""item_id"":""46282703"",""itemname"":""Basil"",""qty"":2,""price"":320,""amount"":640,""discount"":""0.000"",""lbl_unit"":""Kg"",""unit"":""4907667"",""description"":"""",""hsn_code"":"""",""weighted_price"":320,""invoice_date"":""2026-07-07"",""sap_code"":"""",""purchase_doc_number"":"""",""purchase_invoice_number"":"""",""tax1"":0,""tax2"":0,""tax3"":0,""tax1_amount"":0,""tax2_amount"":0,""tax3_amount"":0,""expiry_date"":"""",""manufacturing_date"":"""",""sap_group_master_id"":0,""category"":""Food"",""rmconv_qty"":""1000"",""rmconv_qty_total"":2000,""rmconv_unit_id"":""4907673"",""rmconv_unit"":""GM"",""yield_qty"":""0"",""discount_application"":""B"",""container_weight"":0,""net_weight"":""2"",""gross_weight"":0,""tax_type"":0,""excise_duty"":0,""tax1_label"":""CGST"",""tax2_label"":""SGST"",""tax3_label"":""IGST""},{""prev_price"":""0.000000"",""item_id"":""46282705"",""itemname"":""Cherry Tomato"",""qty"":0.5,""price"":260,""amount"":130,""discount"":""0.000"",""lbl_unit"":""Kg"",""unit"":""4907667"",""description"":"""",""hsn_code"":"""",""weighted_price"":260,""invoice_date"":""2026-07-07"",""sap_code"":"""",""purchase_doc_number"":"""",""purchase_invoice_number"":"""",""tax1"":0,""tax2"":0,""tax3"":0,""tax1_amount"":0,""tax2_amount"":0,""tax3_amount"":0,""expiry_date"":"""",""manufacturing_date"":"""",""sap_group_master_id"":0,""category"":""Food"",""rmconv_qty"":""1000"",""rmconv_qty_total"":500,""rmconv_unit_id"":""4907673"",""rmconv_unit"":""GM"",""yield_qty"":""0"",""discount_application"":""B"",""container_weight"":0,""net_weight"":""0.5"",""gross_weight"":0,""tax_type"":0,""excise_duty"":0,""tax1_label"":""CGST"",""tax2_label"":""SGST"",""tax3_label"":""IGST""},{""prev_price"":""0.000000"",""item_id"":""46282721"",""itemname"":""Rocket /arugula Leaves"",""qty"":1,""price"":900,""amount"":900,""discount"":""0.000"",""lbl_unit"":""Kg"",""unit"":""4907667"",""description"":"""",""hsn_code"":"""",""weighted_price"":900,""invoice_date"":""2026-07-07"",""sap_code"":"""",""purchase_doc_number"":"""",""purchase_invoice_number"":"""",""tax1"":0,""tax2"":0,""tax3"":0,""tax1_amount"":0,""tax2_amount"":0,""tax3_amount"":0,""expiry_date"":"""",""manufacturing_date"":"""",""sap_group_master_id"":0,""category"":""Food"",""rmconv_qty"":""1000"",""rmconv_qty_total"":1000,""rmconv_unit_id"":""4907673"",""rmconv_unit"":""GM"",""yield_qty"":""0"",""discount_application"":""B"",""container_weight"":0,""net_weight"":""1"",""gross_weight"":0,""tax_type"":0,""excise_duty"":0,""tax1_label"":""CGST"",""tax2_label"":""SGST"",""tax3_label"":""IGST""}]",[],0,0,,,[],[],,,,,,,1,,,,,,,,,,,,,,,,,,,,,,,,,,,,,,,,,,,,,,,,,,,,,,,,,,,,,,,,,,,,,,,,,,,,,,,,,,,,,,,,,,,,,,,,,,,,,,,,,,,,,,,,,,,,,,,,6a58a9d2-3628-4dd9-b0f3-08713c008e48,60.0.142.72,,,,,,,,,,,,,,,,,,,,,,,,,,,,,,,,,,,,,,,,,,,,,,,,,,,,,,,,,,,,,,,,,,,,,,,,,,,,,,,,,,,,,,,,,,,,,,,,,,,,,,,,,,,,,,,,,,,,,,,,,,,,,,,,,,,,,,,,,,,,,,,,,,,,,,,,,,,,,,,,,,,,,,,,,,,,,,,,,,,,,,,,,,,,,,,,,,,,,,,,,,,,,,,,,,,,,,,,,,,,,,,,,,,,,,,,,,,,,,,,,,,,,,,,,,,,,,,,,,,,,,,,,,,,,,,,,,,,,,,,,,,,,,,,,,,,,,,,,,,,,,,,,,,,,,,,,,,,,,,,,,,,,,,,,,,,,,,,,,,,,,,,,,,,,,,,,,,,,,,,,,,,,,,,,,,,,,,,,,,,,,,,,,,,,,,,,,,,,,,,,,,,,,,,,,,,,,,,,,,,,,,,,,,,,,,,,,,,,,,,,,,,,,,,,,,,,,,,,,,,,,,,,,,,,,,,,,,,,,,,,,,,,,,,,,,,,,,,,,,,,,,,,,,,,,,,,,,,,,,,,,,,,,,,,,,,,,,,,,,,,,,,,,,,,,,,,,,,,,,,,,,,,,,,,,,,,,,,,,,,,,,,,,,,,,,,,,,,,,,,,,,,,,,,,,,,,,,,,,,,,,,,,,,,,
Surat Prep Kitchen,376017,135291228,Normal,,2646,INV-001416,2026-07-05,1504,0,Active,Unpaid,,1384,0,0,120,0.00,0,0,0,0,2026-07-16 15:21:34,2026-07-16 15:21:34,996921,Supplier,,Surat,Surat Prep Kitchen,Gujarat,,"Gujarat Hira Bourse , Ichchapore",9016168269,,,,,Plantaire Redefinning Roots,Supplier,,Gujarat,,,,0,,,,,1,,,0,,"[{""prev_price"":""0.000000"",""item_id"":""46282703"",""itemname"":""Basil"",""qty"":4,""price"":320,""amount"":1280,""discount"":""0.000"",""lbl_unit"":""Kg"",""unit"":""4907667"",""description"":"""",""hsn_code"":"""",""weighted_price"":320,""invoice_date"":""2026-07-05"",""sap_code"":"""",""purchase_doc_number"":"""",""purchase_invoice_number"":"""",""tax1"":0,""tax2"":0,""tax3"":0,""tax1_amount"":0,""tax2_amount"":0,""tax3_amount"":0,""expiry_date"":"""",""manufacturing_date"":"""",""sap_group_master_id"":0,""category"":""Food"",""rmconv_qty"":""1000"",""rmconv_qty_total"":4000,""rmconv_unit_id"":""4907673"",""rmconv_unit"":""GM"",""yield_qty"":""0"",""discount_application"":""B"",""container_weight"":0,""net_weight"":""4"",""gross_weight"":0,""tax_type"":0,""excise_duty"":0,""tax1_label"":""CGST"",""tax2_label"":""SGST"",""tax3_label"":""IGST""},{""prev_price"":""0.000000"",""item_id"":""46282705"",""itemname"":""Cherry Tomato"",""qty"":0.4,""price"":260,""amount"":104,""discount"":""0.000"",""lbl_unit"":""Kg"",""unit"":""4907667"",""description"":"""",""hsn_code"":"""",""weighted_price"":260,""invoice_date"":""2026-07-05"",""sap_code"":"""",""purchase_doc_number"":"""",""purchase_invoice_number"":"""",""tax1"":0,""tax2"":0,""tax3"":0,""tax1_amount"":0,""tax2_amount"":0,""tax3_amount"":0,""expiry_date"":"""",""manufacturing_date"":"""",""sap_group_master_id"":0,""category"":""Food"",""rmconv_qty"":""1000"",""rmconv_qty_total"":400,""rmconv_unit_id"":""4907673"",""rmconv_unit"":""GM"",""yield_qty"":""0"",""discount_application"":""B"",""container_weight"":0,""net_weight"":""0.4"",""gross_weight"":0,""tax_type"":0,""excise_duty"":0,""tax1_label"":""CGST"",""tax2_label"":""SGST"",""tax3_label"":""IGST""}]",[],0,0,,,[],[],,,,,,,1,,,,,,,,,,,,,,,,,,,,,,,,,,,,,,,,,,,,,,,,,,,,,,,,,,,,,,,,,,,,,,,,,,,,,,,,,,,,,,,,,,,,,,,,,,,,,,,,,,,,,,,,,,,,,,,,,,6a58a955-7b08-4c5a-a15d-2dd43c008f6c,60.0.158.135,,,,,,,,,,,,,,,,,,,,,,,,,,,,,,,,,,,,,,,,,,,,,,,,,,,,,,,,,,,,,,,,,,,,,,,,,,,,,,,,,,,,,,,,,,,,,,,,,,,,,,,,,,,,,,,,,,,,,,,,,,,,,,,,,,,,,,,,,,,,,,,,,,,,,,,,,,,,,,,,,,,,,,,,,,,,,,,,,,,,,,,,,,,,,,,,,,,,,,,,,,,,,,,,,,,,,,,,,,,,,,,,,,,,,,,,,,,,,,,,,,,,,,,,,,,,,,,,,,,,,,,,,,,,,,,,,,,,,,,,,,,,,,,,,,,,,,,,,,,,,,,,,,,,,,,,,,,,,,,,,,,,,,,,,,,,,,,,,,,,,,,,,,,,,,,,,,,,,,,,,,,,,,,,,,,,,,,,,,,,,,,,,,,,,,,,,,,,,,,,,,,,,,,,,,,,,,,,,,,,,,,,,,,,,,,,,,,,,,,,,,,,,,,,,,,,,,,,,,,,,,,,,,,,,,,,,,,,,,,,,,,,,,,,,,,,,,,,,,,,,,,,,,,,,,,,,,,,,,,,,,,,,,,,,,,,,,,,,,,,,,,,,,,,,,,,,,,,,,,,,,,,,,,,,,,,,,,,,,,,,,,,,,,,,,,,,,,,,,,,,,,,,,,,,,,,,,,,,,,,,,,,,,,
Surat Prep Kitchen,376017,134949501,From Sales,117922157,128,,2026-07-05,1593.056,0,Active,Unpaid,,1593.056,0,0,0,0.00,0,0,0,0,2026-07-13 15:53:54,2026-07-13 15:53:54,431540,Kitchen,,Surat,Surat Prep Kitchen,Gujarat,,"Gujarat Hira Bourse , Ichchapore",9016168269,,,,Surat,UNIFORM STORE,Kitchen,,Gujarat,,SURAT,8849373682,0,,1,PO0081079161,PO0081079161,1,,0,0,0,"[{""item_id"":""47238286"",""itemname"":""Aiko Shirt (40)"",""qty"":2,""price"":796.528,""prev_price"":""796.528000"",""amount"":1593.056,""discount"":""0.000"",""lbl_unit"":""Qty"",""unit"":""4907684"",""description"":""Sehal Chaudhari"",""hsn_code"":"""",""weighted_price"":796.528,""invoice_date"":""2026-07-05"",""sap_code"":"""",""purchase_doc_number"":"""",""purchase_invoice_number"":"""",""tax1"":0,""tax2"":0,""tax3"":0,""tax1_amount"":0,""tax2_amount"":0,""tax3_amount"":0,""expiry_date"":"""",""manufacturing_date"":"""",""actual_qty"":""2.000"",""actual_unit_id"":""6325305"",""actual_unit_name"":""Qty"",""sap_group_master_id"":0,""discount_application"":""B"",""container_weight"":0,""net_weight"":""2"",""gross_weight"":0,""category"":""Uniform"",""tax_type"":0,""excise_duty"":0,""tax1_label"":""CGST"",""tax2_label"":""SGST"",""tax3_label"":""IGST""}]",[],0,0,,,[],[],,,,,,,,,,,,,,,,,,,,,,,,,,,,,,,,,,,,,,,,,,,,,,,,,,,,,,,,,,,,,,,,,,,,,,,,,,,,,,,,,,,,,,,,,,,,,,,,,,,,,,,,,,,,,,,,,,,,,,,,,,,6a54bca6-a944-447c-a25e-19ab3c009e87,60.0.138.2,,,,,,,,,,,,,,,,,,,,,,,,,,,,,,,,,,,,,,,,,,,,,,,,,,,,,,,,,,,,,,,,,,,,,,,,,,,,,,,,,,,,,,,,,,,,,,,,,,,,,,,,,,,,,,,,,,,,,,,,,,,,,,,,,,,,,,,,,,,,,,,,,,,,,,,,,,,,,,,,,,,,,,,,,,,,,,,,,,,,,,,,,,,,,,,,,,,,,,,,,,,,,,,,,,,,,,,,,,,,,,,,,,,,,,,,,,,,,,,,,,,,,,,,,,,,,,,,,,,,,,,,,,,,,,,,,,,,,,,,,,,,,,,,,,,,,,,,,,,,,,,,,,,,,,,,,,,,,,,,,,,,,,,,,,,,,,,,,,,,,,,,,,,,,,,,,,,,,,,,,,,,,,,,,,,,,,,,,,,,,,,,,,,,,,,,,,,,,,,,,,,,,,,,,,,,,,,,,,,,,,,,,,,,,,,,,,,,,,,,,,,,,,,,,,,,,,,,,,,,,,,,,,,,,,,,,,,,,,,,,,,,,,,,,,,,,,,,,,,,,,,,,,,,,,,,,,,,,,,,,,,,,,,,,,,,,,,,,,,,,,,,,,,,,,,,,,,,,,,,,,,,,,,,,,,,,,,,,,,,,,,,,,,,,,,,,,,,,,,,,,,,,,,,,,,,,,,,,,,,,,,,,
Surat Prep Kitchen,376017,134738508,Normal,,2620,,2026-07-05,800,800,Active,Paid,,800,0,0,0,0.00,0,0,0,0,2026-07-11 15:29:43,2026-07-11 15:29:43,1030812,Supplier,,Surat,Surat Prep Kitchen,Gujarat,,"Gujarat Hira Bourse , Ichchapore",9016168269,,,,,Local Purchase,Supplier,,Gujarat,,,,0,,,,,1,,,0,,"[{""prev_price"":""0.000000"",""item_id"":""46282882"",""itemname"":""Imported Red Cherry Whole"",""qty"":2,""price"":400,""amount"":800,""discount"":""0.000"",""lbl_unit"":""Kg"",""unit"":""4907667"",""description"":"""",""hsn_code"":"""",""weighted_price"":400,""invoice_date"":""2026-07-05"",""sap_code"":"""",""purchase_doc_number"":"""",""purchase_invoice_number"":"""",""tax1"":0,""tax2"":0,""tax3"":0,""tax1_amount"":0,""tax2_amount"":0,""tax3_amount"":0,""expiry_date"":"""",""manufacturing_date"":"""",""sap_group_master_id"":0,""category"":""Food"",""rmconv_qty"":""1000"",""rmconv_qty_total"":2000,""rmconv_unit_id"":""4907673"",""rmconv_unit"":""GM"",""yield_qty"":""0"",""discount_application"":""B"",""container_weight"":0,""net_weight"":""2"",""gross_weight"":0,""tax_type"":0,""excise_duty"":0,""tax1_label"":""CGST"",""tax2_label"":""SGST"",""tax3_label"":""IGST""}]","[{""payment_date"":""2026-07-05"",""payment_mode"":""Cash"",""payment_ref_no"":"""",""amount"":""800"",""status"":""Active""}]",0,0,,,[],[],,,,,,,1,,,,,,,,,,,,,,,,,,,,,,,,,,,,,,,,,,,,,,,,,,,,,,,,,,,,,,,,,,,,,,,,,,,,,,,,,,,,,,,,,,,,,,,,,,,,,,,,,,,,,,,,,,,,,,,,,,,,,,6a521375-be3c-4a47-9fc3-26013c00870a,60.0.133.165,,,,,,,,,,,,,,,,,,,,,,,,,,,,,,,,,,,,,,,,,,,,,,,,,,,,,,,,,,,,,,,,,,,,,,,,,,,,,,,,,,,,,,,,,,,,,,,,,,,,,,,,,,,,,,,,,,,,,,,,,,,,,,,,,,,,,,,,,,,,,,,,,,,,,,,,,,,,,,,,,,,,,,,,,,,,,,,,,,,,,,,,,,,,,,,,,,,,,,,,,,,,,,,,,,,,,,,,,,,,,,,,,,,,,,,,,,,,,,,,,,,,,,,,,,,,,,,,,,,,,,,,,,,,,,,,,,,,,,,,,,,,,,,,,,,,,,,,,,,,,,,,,,,,,,,,,,,,,,,,,,,,,,,,,,,,,,,,,,,,,,,,,,,,,,,,,,,,,,,,,,,,,,,,,,,,,,,,,,,,,,,,,,,,,,,,,,,,,,,,,,,,,,,,,,,,,,,,,,,,,,,,,,,,,,,,,,,,,,,,,,,,,,,,,,,,,,,,,,,,,,,,,,,,,,,,,,,,,,,,,,,,,,,,,,,,,,,,,,,,,,,,,,,,,,,,,,,,,,,,,,,,,,,,,,,,,,,,,,,,,,,,,,,,,,,,,,,,,,,,,,,,,,,,,,,,,,,,,,,,,,,,,,,,,,,,,,,,,,,,,,,,,,,,,,,,,,,,,,,,,,,
Surat Prep Kitchen,376017,134701303,Normal,,2611,F3910,2026-07-05,5825,0,Active,Unpaid,,5825,0,0,0,0.00,0,0,0,0,2026-07-11 11:02:25,2026-07-11 11:02:25,1014167,Supplier,,Surat,Surat Prep Kitchen,Gujarat,,"Gujarat Hira Bourse , Ichchapore",9016168269,,,,,Fresh N Local,Supplier,,Gujarat,,,9825122870,0,,,,,1,,,0,,"[{""prev_price"":""0.000000"",""item_id"":""46282799"",""itemname"":""Brussels Sprouts."",""qty"":0.25,""price"":300,""amount"":75,""discount"":""0.000"",""lbl_unit"":""Kg"",""unit"":""4907667"",""description"":"""",""hsn_code"":"""",""weighted_price"":300,""invoice_date"":""2026-07-05"",""sap_code"":"""",""purchase_doc_number"":"""",""purchase_invoice_number"":"""",""tax1"":0,""tax2"":0,""tax3"":0,""tax1_amount"":0,""tax2_amount"":0,""tax3_amount"":0,""expiry_date"":"""",""manufacturing_date"":"""",""sap_group_master_id"":0,""category"":""Food"",""rmconv_qty"":""1000"",""rmconv_qty_total"":250,""rmconv_unit_id"":""4907673"",""rmconv_unit"":""GM"",""yield_qty"":""0"",""discount_application"":""B"",""container_weight"":0,""net_weight"":""0.25"",""gross_weight"":0,""tax_type"":0,""excise_duty"":0,""tax1_label"":""CGST"",""tax2_label"":""SGST"",""tax3_label"":""IGST""},{""prev_price"":""0.000000"",""item_id"":""46282720"",""itemname"":""Button Mushrooms"",""qty"":7,""price"":180,""amount"":1260,""discount"":""0.000"",""lbl_unit"":""Kg"",""unit"":""4907667"",""description"":"""",""hsn_code"":"""",""weighted_price"":180,""invoice_date"":""2026-07-05"",""sap_code"":"""",""purchase_doc_number"":"""",""purchase_invoice_number"":"""",""tax1"":0,""tax2"":0,""tax3"":0,""tax1_amount"":0,""tax2_amount"":0,""tax3_amount"":0,""expiry_date"":"""",""manufacturing_date"":"""",""sap_group_master_id"":0,""category"":""Food"",""rmconv_qty"":""1000"",""rmconv_qty_total"":7000,""rmconv_unit_id"":""4907673"",""rmconv_unit"":""GM"",""yield_qty"":""0"",""discount_application"":""B"",""container_weight"":0,""net_weight"":""7"",""gross_weight"":0,""tax_type"":0,""excise_duty"":0,""tax1_label"":""CGST"",""tax2_label"":""SGST"",""tax3_label"":""IGST""},{""prev_price"":""0.000000"",""item_id"":""46282506"",""itemname"":""Chinese Cucumber"",""qty"":5,""price"":60,""amount"":300,""discount"":""0.000"",""lbl_unit"":""Kg"",""unit"":""4907667"",""description"":"""",""hsn_code"":"""",""weighted_price"":60,""invoice_date"":""2026-07-05"",""sap_code"":"""",""purchase_doc_number"":"""",""purchase_invoice_number"":"""",""tax1"":0,""tax2"":0,""tax3"":0,""tax1_amount"":0,""tax2_amount"":0,""tax3_amount"":0,""expiry_date"":"""",""manufacturing_date"":"""",""sap_group_master_id"":0,""category"":""Food"",""rmconv_qty"":""1000"",""rmconv_qty_total"":5000,""rmconv_unit_id"":""4907673"",""rmconv_unit"":""GM"",""yield_qty"":""0"",""discount_application"":""B"",""container_weight"":0,""net_weight"":""5"",""gross_weight"":0,""tax_type"":0,""excise_duty"":0,""tax1_label"":""CGST"",""tax2_label"":""SGST"",""tax3_label"":""IGST""},{""prev_price"":""0.000000"",""item_id"":""46283219"",""itemname"":""Fresh Jalepenos Green"",""qty"":2,""price"":450,""amount"":900,""discount"":""0.000"",""lbl_unit"":""Kg"",""unit"":""4907667"",""description"":"""",""hsn_code"":"""",""weighted_price"":450,""invoice_date"":""2026-07-05"",""sap_code"":"""",""purchase_doc_number"":"""",""purchase_invoice_number"":"""",""tax1"":0,""tax2"":0,""tax3"":0,""tax1_amount"":0,""tax2_amount"":0,""tax3_amount"":0,""expiry_date"":"""",""manufacturing_date"":"""",""sap_group_master_id"":0,""category"":""Food"",""rmconv_qty"":""1000"",""rmconv_qty_total"":2000,""rmconv_unit_id"":""4907673"",""rmconv_unit"":""GM"",""yield_qty"":""0"",""discount_application"":""B"",""container_weight"":0,""net_weight"":""2"",""gross_weight"":0,""tax_type"":0,""excise_duty"":0,""tax1_label"":""CGST"",""tax2_label"":""SGST"",""tax3_label"":""IGST""},{""prev_price"":""0.000000"",""item_id"":""46282704"",""itemname"":""Broccoli"",""qty"":5,""price"":300,""amount"":1500,""discount"":""0.000"",""lbl_unit"":""Kg"",""unit"":""4907667"",""description"":"""",""hsn_code"":"""",""weighted_price"":300,""invoice_date"":""2026-07-05"",""sap_code"":"""",""purchase_doc_number"":"""",""purchase_invoice_number"":"""",""tax1"":0,""tax2"":0,""tax3"":0,""tax1_amount"":0,""tax2_amount"":0,""tax3_amount"":0,""expiry_date"":"""",""manufacturing_date"":"""",""sap_group_master_id"":0,""category"":""Food"",""rmconv_qty"":""1000"",""rmconv_qty_total"":5000,""rmconv_unit_id"":""4907673"",""rmconv_unit"":""GM"",""yield_qty"":""0"",""discount_application"":""B"",""container_weight"":0,""net_weight"":""5"",""gross_weight"":0,""tax_type"":0,""excise_duty"":0,""tax1_label"":""CGST"",""tax2_label"":""SGST"",""tax3_label"":""IGST""},{""prev_price"":""0.000000"",""item_id"":""46282628"",""itemname"":""Red Cabbage"",""qty"":1,""price"":220,""amount"":220,""discount"":""0.000"",""lbl_unit"":""Kg"",""unit"":""4907667"",""description"":"""",""hsn_code"":"""",""weighted_price"":220,""invoice_date"":""2026-07-05"",""sap_code"":"""",""purchase_doc_number"":"""",""purchase_invoice_number"":"""",""tax1"":0,""tax2"":0,""tax3"":0,""tax1_amount"":0,""tax2_amount"":0,""tax3_amount"":0,""expiry_date"":"""",""manufacturing_date"":"""",""sap_group_master_id"":0,""category"":""Food"",""rmconv_qty"":""1000"",""rmconv_qty_total"":1000,""rmconv_unit_id"":""4907673"",""rmconv_unit"":""GM"",""yield_qty"":""0"",""discount_application"":""B"",""container_weight"":0,""net_weight"":""1"",""gross_weight"":0,""tax_type"":0,""excise_duty"":0,""tax1_label"":""CGST"",""tax2_label"":""SGST"",""tax3_label"":""IGST""},{""prev_price"":""0.000000"",""item_id"":""46282770"",""itemname"":""Green Bell Pepper"",""qty"":3,""price"":320,""amount"":960,""discount"":""0.000"",""lbl_unit"":""Kg"",""unit"":""4907667"",""description"":"""",""hsn_code"":"""",""weighted_price"":320,""invoice_date"":""2026-07-05"",""sap_code"":"""",""purchase_doc_number"":"""",""purchase_invoice_number"":"""",""tax1"":0,""tax2"":0,""tax3"":0,""tax1_amount"":0,""tax2_amount"":0,""tax3_amount"":0,""expiry_date"":"""",""manufacturing_date"":"""",""sap_group_master_id"":0,""category"":""Food"",""rmconv_qty"":""1000"",""rmconv_qty_total"":3000,""rmconv_unit_id"":""4907673"",""rmconv_unit"":""GM"",""yield_qty"":""0"",""discount_application"":""B"",""container_weight"":0,""net_weight"":""3"",""gross_weight"":0,""tax_type"":0,""excise_duty"":0,""tax1_label"":""CGST"",""tax2_label"":""SGST"",""tax3_label"":""IGST""},{""prev_price"":""0.000000"",""item_id"":""46283099"",""itemname"":""Rosemary"",""qty"":0.1,""price"":500,""amount"":50,""discount"":""0.000"",""lbl_unit"":""Kg"",""unit"":""4907667"",""description"":"""",""hsn_code"":"""",""weighted_price"":500,""invoice_date"":""2026-07-05"",""sap_code"":"""",""purchase_doc_number"":"""",""purchase_invoice_number"":"""",""tax1"":0,""tax2"":0,""tax3"":0,""tax1_amount"":0,""tax2_amount"":0,""tax3_amount"":0,""expiry_date"":"""",""manufacturing_date"":"""",""sap_group_master_id"":0,""category"":""Food"",""rmconv_qty"":""1000"",""rmconv_qty_total"":100,""rmconv_unit_id"":""4907673"",""rmconv_unit"":""GM"",""yield_qty"":""0"",""discount_application"":""B"",""container_weight"":0,""net_weight"":""0.1"",""gross_weight"":0,""tax_type"":0,""excise_duty"":0,""tax1_label"":""CGST"",""tax2_label"":""SGST"",""tax3_label"":""IGST""},{""prev_price"":""0.000000"",""item_id"":""46282870"",""itemname"":""Green Zucchini"",""qty"":2,""price"":100,""amount"":200,""discount"":""0.000"",""lbl_unit"":""Kg"",""unit"":""4907667"",""description"":"""",""hsn_code"":"""",""weighted_price"":100,""invoice_date"":""2026-07-05"",""sap_code"":"""",""purchase_doc_number"":"""",""purchase_invoice_number"":"""",""tax1"":0,""tax2"":0,""tax3"":0,""tax1_amount"":0,""tax2_amount"":0,""tax3_amount"":0,""expiry_date"":"""",""manufacturing_date"":"""",""sap_group_master_id"":0,""category"":""Food"",""rmconv_qty"":""1000"",""rmconv_qty_total"":2000,""rmconv_unit_id"":""4907673"",""rmconv_unit"":""GM"",""yield_qty"":""0"",""discount_application"":""B"",""container_weight"":0,""net_weight"":""2"",""gross_weight"":0,""tax_type"":0,""excise_duty"":0,""tax1_label"":""CGST"",""tax2_label"":""SGST"",""tax3_label"":""IGST""},{""prev_price"":""0.000000"",""item_id"":""46282724"",""itemname"":""Parsley"",""qty"":1,""price"":360,""amount"":360,""discount"":""0.000"",""lbl_unit"":""Kg"",""unit"":""4907667"",""description"":"""",""hsn_code"":"""",""weighted_price"":360,""invoice_date"":""2026-07-05"",""sap_code"":"""",""purchase_doc_number"":"""",""purchase_invoice_number"":"""",""tax1"":0,""tax2"":0,""tax3"":0,""tax1_amount"":0,""tax2_amount"":0,""tax3_amount"":0,""expiry_date"":"""",""manufacturing_date"":"""",""sap_group_master_id"":0,""category"":""Food"",""rmconv_qty"":""1000"",""rmconv_qty_total"":1000,""rmconv_unit_id"":""4907673"",""rmconv_unit"":""GM"",""yield_qty"":""0"",""discount_application"":""B"",""container_weight"":0,""net_weight"":""1"",""gross_weight"":0,""tax_type"":0,""excise_duty"":0,""tax1_label"":""CGST"",""tax2_label"":""SGST"",""tax3_label"":""IGST""}]",[],0,0,,,[],[],,,,,,,1,,,,,,,,,,,,,,,,,,,,,,,,,,,,,,,,,,,,,,,,,,,,,,,,,,,,,,,,,,,,,,,,,,,,,,,,,,,,,,,,,,,,,,,,,,,,,,,,,,,,,,,,,,,,,,,,,,,,,,,,6a51d4d8-1b94-4f07-a6c6-63f93c0085a5,60.0.135.10,,,,,,,,,,,,,,,,,,,,,,,,,,,,,,,,,,,,,,,,,,,,,,,,,,,,,,,,,,,,,,,,,,,,,,,,,,,,,,,,,,,,,,,,,,,,,,,,,,,,,,,,,,,,,,,,,,,,,,,,,,,,,,,,,,,,,,,,,,,,,,,,,,,,,,,,,,,,,,,,,,,,,,,,,,,,,,,,,,,,,,,,,,,,,,,,,,,,,,,,,,,,,,,,,,,,,,,,,,,,,,,,,,,,,,,,,,,,,,,,,,,,,,,,,,,,,,,,,,,,,,,,,,,,,,,,,,,,,,,,,,,,,,,,,,,,,,,,,,,,,,,,,,,,,,,,,,,,,,,,,,,,,,,,,,,,,,,,,,,,,,,,,,,,,,,,,,,,,,,,,,,,,,,,,,,,,,,,,,,,,,,,,,,,,,,,,,,,,,,,,,,,,,,,,,,,,,,,,,,,,,,,,,,,,,,,,,,,,,,,,,,,,,,,,,,,,,,,,,,,,,,,,,,,,,,,,,,,,,,,,,,,,,,,,,,,,,,,,,,,,,,,,,,,,,,,,,,,,,,,,,,,,,,,,,,,,,,,,,,,,,,,,,,,,,,,,,,,,,,,,,,,,,,,,,,,,,,,,,,,,,,,,,,,,,,,,,,,,,,,,,,,,,,,,,,,,,,,,,,,,
Surat Prep Kitchen,376017,134700801,Normal,,2610,5103,2026-07-06,2538.5,0,Active,Unpaid,,2538.5,0,0,0,0.00,0,0,0,0,2026-07-11 10:58:10,2026-07-11 10:58:10,892196,Supplier,,Surat,Surat Prep Kitchen,Gujarat,,"Gujarat Hira Bourse , Ichchapore",9016168269,,,,,Nature Fresh Exotic Vegetables,Supplier,,Gujarat,,,9825135103,0,,,,,1,,,0,,"[{""prev_price"":""0.000000"",""item_id"":""46282883"",""itemname"":""Fresh Babycorn"",""qty"":1.05,""price"":195,""amount"":204.75,""discount"":""0.000"",""lbl_unit"":""Kg"",""unit"":""4907667"",""description"":"""",""hsn_code"":"""",""weighted_price"":195,""invoice_date"":""2026-07-06"",""sap_code"":"""",""purchase_doc_number"":"""",""purchase_invoice_number"":"""",""tax1"":0,""tax2"":0,""tax3"":0,""tax1_amount"":0,""tax2_amount"":0,""tax3_amount"":0,""expiry_date"":"""",""manufacturing_date"":"""",""sap_group_master_id"":0,""category"":""Food"",""rmconv_qty"":""1000"",""rmconv_qty_total"":1050,""rmconv_unit_id"":""4907673"",""rmconv_unit"":""GM"",""yield_qty"":""0"",""discount_application"":""B"",""container_weight"":0,""net_weight"":""1.05"",""gross_weight"":0,""tax_type"":0,""excise_duty"":0,""tax1_label"":""CGST"",""tax2_label"":""SGST"",""tax3_label"":""IGST""},{""prev_price"":""0.000000"",""item_id"":""46283359"",""itemname"":""Leek"",""qty"":2.15,""price"":165,""amount"":354.75,""discount"":""0.000"",""lbl_unit"":""Qty"",""unit"":""4907684"",""description"":"""",""hsn_code"":"""",""weighted_price"":165,""invoice_date"":""2026-07-06"",""sap_code"":"""",""purchase_doc_number"":"""",""purchase_invoice_number"":"""",""tax1"":0,""tax2"":0,""tax3"":0,""tax1_amount"":0,""tax2_amount"":0,""tax3_amount"":0,""expiry_date"":"""",""manufacturing_date"":"""",""sap_group_master_id"":0,""category"":""Food"",""yield_qty"":""0"",""discount_application"":""B"",""container_weight"":0,""net_weight"":""2.15"",""gross_weight"":0,""tax_type"":0,""excise_duty"":0,""tax1_label"":""CGST"",""tax2_label"":""SGST"",""tax3_label"":""IGST""},{""prev_price"":""0.000000"",""item_id"":""46283213"",""itemname"":""Iceburg Lettuce"",""qty"":1,""price"":185,""amount"":185,""discount"":""0.000"",""lbl_unit"":""Kg"",""unit"":""4907667"",""description"":"""",""hsn_code"":"""",""weighted_price"":185,""invoice_date"":""2026-07-06"",""sap_code"":"""",""purchase_doc_number"":"""",""purchase_invoice_number"":"""",""tax1"":0,""tax2"":0,""tax3"":0,""tax1_amount"":0,""tax2_amount"":0,""tax3_amount"":0,""expiry_date"":"""",""manufacturing_date"":"""",""sap_group_master_id"":0,""category"":""Food"",""rmconv_qty"":""1000"",""rmconv_qty_total"":1000,""rmconv_unit_id"":""4907673"",""rmconv_unit"":""GM"",""yield_qty"":""0"",""discount_application"":""B"",""container_weight"":0,""net_weight"":""1"",""gross_weight"":0,""tax_type"":0,""excise_duty"":0,""tax1_label"":""CGST"",""tax2_label"":""SGST"",""tax3_label"":""IGST""},{""prev_price"":""0.000000"",""item_id"":""46283109"",""itemname"":""Romaine"",""qty"":0.4,""price"":195,""amount"":78,""discount"":""0.000"",""lbl_unit"":""Kg"",""unit"":""4907667"",""description"":"""",""hsn_code"":"""",""weighted_price"":195,""invoice_date"":""2026-07-06"",""sap_code"":"""",""purchase_doc_number"":"""",""purchase_invoice_number"":"""",""tax1"":0,""tax2"":0,""tax3"":0,""tax1_amount"":0,""tax2_amount"":0,""tax3_amount"":0,""expiry_date"":"""",""manufacturing_date"":"""",""sap_group_master_id"":0,""category"":""Food"",""rmconv_qty"":""1000"",""rmconv_qty_total"":400,""rmconv_unit_id"":""4907673"",""rmconv_unit"":""GM"",""yield_qty"":""0"",""discount_application"":""B"",""container_weight"":0,""net_weight"":""0.4"",""gross_weight"":0,""tax_type"":0,""excise_duty"":0,""tax1_label"":""CGST"",""tax2_label"":""SGST"",""tax3_label"":""IGST""},{""prev_price"":""0.000000"",""item_id"":""46283112"",""itemname"":""Lollo Rosso"",""qty"":1.05,""price"":370,""amount"":388.5,""discount"":""0.000"",""lbl_unit"":""Kg"",""unit"":""4907667"",""description"":"""",""hsn_code"":"""",""weighted_price"":370,""invoice_date"":""2026-07-06"",""sap_code"":"""",""purchase_doc_number"":"""",""purchase_invoice_number"":"""",""tax1"":0,""tax2"":0,""tax3"":0,""tax1_amount"":0,""tax2_amount"":0,""tax3_amount"":0,""expiry_date"":"""",""manufacturing_date"":"""",""sap_group_master_id"":0,""category"":""Food"",""rmconv_qty"":""1000"",""rmconv_qty_total"":1050,""rmconv_unit_id"":""4907673"",""rmconv_unit"":""GM"",""yield_qty"":""0"",""discount_application"":""B"",""container_weight"":0,""net_weight"":""1.05"",""gross_weight"":0,""tax_type"":0,""excise_duty"":0,""tax1_label"":""CGST"",""tax2_label"":""SGST"",""tax3_label"":""IGST""},{""prev_price"":""0.000000"",""item_id"":""46282720"",""itemname"":""Button Mushrooms"",""qty"":2,""price"":200,""amount"":400,""discount"":""0.000"",""lbl_unit"":""Kg"",""unit"":""4907667"",""description"":"""",""hsn_code"":"""",""weighted_price"":200,""invoice_date"":""2026-07-06"",""sap_code"":"""",""purchase_doc_number"":"""",""purchase_invoice_number"":"""",""tax1"":0,""tax2"":0,""tax3"":0,""tax1_amount"":0,""tax2_amount"":0,""tax3_amount"":0,""expiry_date"":"""",""manufacturing_date"":"""",""sap_group_master_id"":0,""category"":""Food"",""rmconv_qty"":""1000"",""rmconv_qty_total"":2000,""rmconv_unit_id"":""4907673"",""rmconv_unit"":""GM"",""yield_qty"":""0"",""discount_application"":""B"",""container_weight"":0,""net_weight"":""2"",""gross_weight"":0,""tax_type"":0,""excise_duty"":0,""tax1_label"":""CGST"",""tax2_label"":""SGST"",""tax3_label"":""IGST""},{""prev_price"":""0.000000"",""item_id"":""47134577"",""itemname"":""Roouette Wild"",""qty"":0.25,""price"":670,""amount"":167.5,""discount"":""0.000"",""lbl_unit"":""Kg"",""unit"":""4907667"",""description"":"""",""hsn_code"":"""",""weighted_price"":670,""invoice_date"":""2026-07-06"",""sap_code"":"""",""purchase_doc_number"":"""",""purchase_invoice_number"":"""",""tax1"":0,""tax2"":0,""tax3"":0,""tax1_amount"":0,""tax2_amount"":0,""tax3_amount"":0,""expiry_date"":"""",""manufacturing_date"":"""",""sap_group_master_id"":0,""category"":""Food"",""rmconv_qty"":""1000"",""rmconv_qty_total"":250,""rmconv_unit_id"":""4907673"",""rmconv_unit"":""GM"",""yield_qty"":""0"",""discount_application"":""B"",""container_weight"":0,""net_weight"":""0.25"",""gross_weight"":0,""tax_type"":0,""excise_duty"":0,""tax1_label"":""CGST"",""tax2_label"":""SGST"",""tax3_label"":""IGST""},{""prev_price"":""0.000000"",""item_id"":""46283212"",""itemname"":""Shimeji White"",""qty"":0.8,""price"":950,""amount"":760,""discount"":""0.000"",""lbl_unit"":""Kg"",""unit"":""4907667"",""description"":"""",""hsn_code"":"""",""weighted_price"":950,""invoice_date"":""2026-07-06"",""sap_code"":"""",""purchase_doc_number"":"""",""purchase_invoice_number"":"""",""tax1"":0,""tax2"":0,""tax3"":0,""tax1_amount"":0,""tax2_amount"":0,""tax3_amount"":0,""expiry_date"":"""",""manufacturing_date"":"""",""sap_group_master_id"":0,""category"":""Food"",""rmconv_qty"":""1000"",""rmconv_qty_total"":800,""rmconv_unit_id"":""4907673"",""rmconv_unit"":""GM"",""yield_qty"":""0"",""discount_application"":""B"",""container_weight"":0,""net_weight"":""0.8"",""gross_weight"":0,""tax_type"":0,""excise_duty"":0,""tax1_label"":""CGST"",""tax2_label"":""SGST"",""tax3_label"":""IGST""}]",[],0,0,,,[],[],,,,,,,1,,,,,,,,,,,,,,,,,,,,,,,,,,,,,,,,,,,,,,,,,,,,,,,,,,,,,,,,,,,,,,,,,,,,,,,,,,,,,,,,,,,,,,,,,,,,,,,,,,,,,,,,,,,,,,,,,,,,,,,,,,6a51d38a-ed48-4a0c-a497-43d53c0085a5,60.0.133.165,,,,,,,,,,,,,,,,,,,,,,,,,,,,,,,,,,,,,,,,,,,,,,,,,,,,,,,,,,,,,,,,,,,,,,,,,,,,,,,,,,,,,,,,,,,,,,,,,,,,,,,,,,,,,,,,,,,,,,,,,,,,,,,,,,,,,,,,,,,,,,,,,,,,,,,,,,,,,,,,,,,,,,,,,,,,,,,,,,,,,,,,,,,,,,,,,,,,,,,,,,,,,,,,,,,,,,,,,,,,,,,,,,,,,,,,,,,,,,,,,,,,,,,,,,,,,,,,,,,,,,,,,,,,,,,,,,,,,,,,,,,,,,,,,,,,,,,,,,,,,,,,,,,,,,,,,,,,,,,,,,,,,,,,,,,,,,,,,,,,,,,,,,,,,,,,,,,,,,,,,,,,,,,,,,,,,,,,,,,,,,,,,,,,,,,,,,,,,,,,,,,,,,,,,,,,,,,,,,,,,,,,,,,,,,,,,,,,,,,,,,,,,,,,,,,,,,,,,,,,,,,,,,,,,,,,,,,,,,,,,,,,,,,,,,,,,,,,,,,,,,,,,,,,,,,,,,,,,,,,,,,,,,,,,,,,,,,,,,,,,,,,,,,,,,,,,,,,,,,,,,,,,,,,,,,,,,,,,,,,,,,,,,,,,,,,,,,,,,,,,,,,,,,,,,,,,,,,,,,
Surat Prep Kitchen,376017,134700380,Normal,,2609,F3862,2026-07-04,7100,0,Active,Unpaid,,7100,0,0,0,0.00,0,0,0,0,2026-07-11 10:54:17,2026-07-11 10:54:17,1014167,Supplier,,Surat,Surat Prep Kitchen,Gujarat,,"Gujarat Hira Bourse , Ichchapore",9016168269,,,,,Fresh N Local,Supplier,,Gujarat,,,9825122870,0,,,,,1,,,0,,"[{""prev_price"":""0.000000"",""item_id"":""46283219"",""itemname"":""Fresh Jalepenos Green"",""qty"":4,""price"":450,""amount"":1800,""discount"":""0.000"",""lbl_unit"":""Kg"",""unit"":""4907667"",""description"":"""",""hsn_code"":"""",""weighted_price"":450,""invoice_date"":""2026-07-04"",""sap_code"":"""",""purchase_doc_number"":"""",""purchase_invoice_number"":"""",""tax1"":0,""tax2"":0,""tax3"":0,""tax1_amount"":0,""tax2_amount"":0,""tax3_amount"":0,""expiry_date"":"""",""manufacturing_date"":"""",""sap_group_master_id"":0,""category"":""Food"",""rmconv_qty"":""1000"",""rmconv_qty_total"":4000,""rmconv_unit_id"":""4907673"",""rmconv_unit"":""GM"",""yield_qty"":""0"",""discount_application"":""B"",""container_weight"":0,""net_weight"":""4"",""gross_weight"":0,""tax_type"":0,""excise_duty"":0,""tax1_label"":""CGST"",""tax2_label"":""SGST"",""tax3_label"":""IGST""},{""prev_price"":""0.000000"",""item_id"":""46282770"",""itemname"":""Green Bell Pepper"",""qty"":3,""price"":320,""amount"":960,""discount"":""0.000"",""lbl_unit"":""Kg"",""unit"":""4907667"",""description"":"""",""hsn_code"":"""",""weighted_price"":320,""invoice_date"":""2026-07-04"",""sap_code"":"""",""purchase_doc_number"":"""",""purchase_invoice_number"":"""",""tax1"":0,""tax2"":0,""tax3"":0,""tax1_amount"":0,""tax2_amount"":0,""tax3_amount"":0,""expiry_date"":"""",""manufacturing_date"":"""",""sap_group_master_id"":0,""category"":""Food"",""rmconv_qty"":""1000"",""rmconv_qty_total"":3000,""rmconv_unit_id"":""4907673"",""rmconv_unit"":""GM"",""yield_qty"":""0"",""discount_application"":""B"",""container_weight"":0,""net_weight"":""3"",""gross_weight"":0,""tax_type"":0,""excise_duty"":0,""tax1_label"":""CGST"",""tax2_label"":""SGST"",""tax3_label"":""IGST""},{""prev_price"":""0.000000"",""item_id"":""46282628"",""itemname"":""Red Cabbage"",""qty"":1,""price"":220,""amount"":220,""discount"":""0.000"",""lbl_unit"":""Kg"",""unit"":""4907667"",""description"":"""",""hsn_code"":"""",""weighted_price"":220,""invoice_date"":""2026-07-04"",""sap_code"":"""",""purchase_doc_number"":"""",""purchase_invoice_number"":"""",""tax1"":0,""tax2"":0,""tax3"":0,""tax1_amount"":0,""tax2_amount"":0,""tax3_amount"":0,""expiry_date"":"""",""manufacturing_date"":"""",""sap_group_master_id"":0,""category"":""Food"",""rmconv_qty"":""1000"",""rmconv_qty_total"":1000,""rmconv_unit_id"":""4907673"",""rmconv_unit"":""GM"",""yield_qty"":""0"",""discount_application"":""B"",""container_weight"":0,""net_weight"":""1"",""gross_weight"":0,""tax_type"":0,""excise_duty"":0,""tax1_label"":""CGST"",""tax2_label"":""SGST"",""tax3_label"":""IGST""},{""prev_price"":""0.000000"",""item_id"":""46282720"",""itemname"":""Button Mushrooms"",""qty"":8,""price"":180,""amount"":1440,""discount"":""0.000"",""lbl_unit"":""Kg"",""unit"":""4907667"",""description"":"""",""hsn_code"":"""",""weighted_price"":180,""invoice_date"":""2026-07-04"",""sap_code"":"""",""purchase_doc_number"":"""",""purchase_invoice_number"":"""",""tax1"":0,""tax2"":0,""tax3"":0,""tax1_amount"":0,""tax2_amount"":0,""tax3_amount"":0,""expiry_date"":"""",""manufacturing_date"":"""",""sap_group_master_id"":0,""category"":""Food"",""rmconv_qty"":""1000"",""rmconv_qty_total"":8000,""rmconv_unit_id"":""4907673"",""rmconv_unit"":""GM"",""yield_qty"":""0"",""discount_application"":""B"",""container_weight"":0,""net_weight"":""8"",""gross_weight"":0,""tax_type"":0,""excise_duty"":0,""tax1_label"":""CGST"",""tax2_label"":""SGST"",""tax3_label"":""IGST""},{""prev_price"":""0.000000"",""item_id"":""46282704"",""itemname"":""Broccoli"",""qty"":2,""price"":320,""amount"":640,""discount"":""0.000"",""lbl_unit"":""Kg"",""unit"":""4907667"",""description"":"""",""hsn_code"":"""",""weighted_price"":320,""invoice_date"":""2026-07-04"",""sap_code"":"""",""purchase_doc_number"":"""",""purchase_invoice_number"":"""",""tax1"":0,""tax2"":0,""tax3"":0,""tax1_amount"":0,""tax2_amount"":0,""tax3_amount"":0,""expiry_date"":"""",""manufacturing_date"":"""",""sap_group_master_id"":0,""category"":""Food"",""rmconv_qty"":""1000"",""rmconv_qty_total"":2000,""rmconv_unit_id"":""4907673"",""rmconv_unit"":""GM"",""yield_qty"":""0"",""discount_application"":""B"",""container_weight"":0,""net_weight"":""2"",""gross_weight"":0,""tax_type"":0,""excise_duty"":0,""tax1_label"":""CGST"",""tax2_label"":""SGST"",""tax3_label"":""IGST""},{""prev_price"":""0.000000"",""item_id"":""46282607"",""itemname"":""Alphonso Mango"",""qty"":2,""price"":800,""amount"":1600,""discount"":""0.000"",""lbl_unit"":""dozen"",""unit"":""5165361"",""description"":"""",""hsn_code"":"""",""weighted_price"":800,""invoice_date"":""2026-07-04"",""sap_code"":"""",""purchase_doc_number"":"""",""purchase_invoice_number"":"""",""tax1"":0,""tax2"":0,""tax3"":0,""tax1_amount"":0,""tax2_amount"":0,""tax3_amount"":0,""expiry_date"":"""",""manufacturing_date"":"""",""sap_group_master_id"":0,""category"":""Food"",""yield_qty"":""0"",""discount_application"":""B"",""container_weight"":0,""net_weight"":""2"",""gross_weight"":0,""tax_type"":0,""excise_duty"":0,""tax1_label"":""CGST"",""tax2_label"":""SGST"",""tax3_label"":""IGST""},{""prev_price"":""0.000000"",""item_id"":""46283073"",""itemname"":""Radish Red"",""qty"":2.2,""price"":200,""amount"":440,""discount"":""0.000"",""lbl_unit"":""Kg"",""unit"":""4907667"",""description"":"""",""hsn_code"":"""",""weighted_price"":200,""invoice_date"":""2026-07-04"",""sap_code"":"""",""purchase_doc_number"":"""",""purchase_invoice_number"":"""",""tax1"":0,""tax2"":0,""tax3"":0,""tax1_amount"":0,""tax2_amount"":0,""tax3_amount"":0,""expiry_date"":"""",""manufacturing_date"":"""",""sap_group_master_id"":0,""category"":""Food"",""rmconv_qty"":""1000"",""rmconv_qty_total"":2200,""rmconv_unit_id"":""4907673"",""rmconv_unit"":""GM"",""yield_qty"":""0"",""discount_application"":""B"",""container_weight"":0,""net_weight"":""2.2"",""gross_weight"":0,""tax_type"":0,""excise_duty"":0,""tax1_label"":""CGST"",""tax2_label"":""SGST"",""tax3_label"":""IGST""}]",[],0,0,,,[],[],,,,,,,1,,,,,,,,,,,,,,,,,,,,,,,,,,,,,,,,,,,,,,,,,,,,,,,,,,,,,,,,,,,,,,,,,,,,,,,,,,,,,,,,,,,,,,,,,,,,,,,,,,,,,,,,,,,,,,,,,,,,,,,,,,,,6a51d1e0-2640-442c-9c28-4d523c009e87,60.0.158.135,,,,,,,,,,,,,,,,,,,,,,,,,,,,,,,,,,,,,,,,,,,,,,,,,,,,,,,,,,,,,,,,,,,,,,,,,,,,,,,,,,,,,,,,,,,,,,,,,,,,,,,,,,,,,,,,,,,,,,,,,,,,,,,,,,,,,,,,,,,,,,,,,,,,,,,,,,,,,,,,,,,,,,,,,,,,,,,,,,,,,,,,,,,,,,,,,,,,,,,,,,,,,,,,,,,,,,,,,,,,,,,,,,,,,,,,,,,,,,,,,,,,,,,,,,,,,,,,,,,,,,,,,,,,,,,,,,,,,,,,,,,,,,,,,,,,,,,,,,,,,,,,,,,,,,,,,,,,,,,,,,,,,,,,,,,,,,,,,,,,,,,,,,,,,,,,,,,,,,,,,,,,,,,,,,,,,,,,,,,,,,,,,,,,,,,,,,,,,,,,,,,,,,,,,,,,,,,,,,,,,,,,,,,,,,,,,,,,,,,,,,,,,,,,,,,,,,,,,,,,,,,,,,,,,,,,,,,,,,,,,,,,,,,,,,,,,,,,,,,,,,,,,,,,,,,,,,,,,,,,,,,,,,,,,,,,,,,,,,,,,,,,,,,,,,,,,,,,,,,,,,,,,,,,,,,,,,,,,,,,,,,,,,,,,,,,,,,,,,,,,,,,,,,,,,,,,,,,,
Surat Prep Kitchen,376017,134699533,Normal,,2608,INV-26y0704-0029,2026-07-04,11422,0,Active,Unpaid,,11422,0,0,0,0.00,0,0,0,0,2026-07-11 10:46:49,2026-07-11 10:46:49,891257,Supplier,,Surat,Surat Prep Kitchen,Gujarat,,"Gujarat Hira Bourse , Ichchapore",9016168269,,,,,Vr Agro,Supplier,rajmewara004@gmail.com,Gujarat,,"56 basement NSTM sardar ,market puna kumbahraiya road, surat -395010",7096748177,0,,,,,1,,,0,,"[{""prev_price"":""0.000000"",""item_id"":""46282700"",""itemname"":""Mint"",""qty"":2,""price"":25,""amount"":50,""discount"":""0.000"",""lbl_unit"":""pcs"",""unit"":""5165360"",""description"":"""",""hsn_code"":"""",""weighted_price"":25,""invoice_date"":""2026-07-04"",""sap_code"":"""",""purchase_doc_number"":"""",""purchase_invoice_number"":"""",""tax1"":0,""tax2"":0,""tax3"":0,""tax1_amount"":0,""tax2_amount"":0,""tax3_amount"":0,""expiry_date"":"""",""manufacturing_date"":"""",""sap_group_master_id"":0,""category"":""Food"",""yield_qty"":""0"",""discount_application"":""B"",""container_weight"":0,""net_weight"":""2"",""gross_weight"":0,""tax_type"":0,""excise_duty"":0,""tax1_label"":""CGST"",""tax2_label"":""SGST"",""tax3_label"":""IGST""},{""prev_price"":""0.000000"",""item_id"":""46283203"",""itemname"":""Green Chilli Small"",""qty"":1,""price"":100,""amount"":100,""discount"":""0.000"",""lbl_unit"":""Kg"",""unit"":""4907667"",""description"":"""",""hsn_code"":"""",""weighted_price"":100,""invoice_date"":""2026-07-04"",""sap_code"":"""",""purchase_doc_number"":"""",""purchase_invoice_number"":"""",""tax1"":0,""tax2"":0,""tax3"":0,""tax1_amount"":0,""tax2_amount"":0,""tax3_amount"":0,""expiry_date"":"""",""manufacturing_date"":"""",""sap_group_master_id"":0,""category"":""Food"",""rmconv_qty"":""1000"",""rmconv_qty_total"":1000,""rmconv_unit_id"":""4907673"",""rmconv_unit"":""GM"",""yield_qty"":""0"",""discount_application"":""B"",""container_weight"":0,""net_weight"":""1"",""gross_weight"":0,""tax_type"":0,""excise_duty"":0,""tax1_label"":""CGST"",""tax2_label"":""SGST"",""tax3_label"":""IGST""},{""prev_price"":""0.000000"",""item_id"":""46282599"",""itemname"":""Watermelon"",""qty"":3,""price"":35,""amount"":105,""discount"":""0.000"",""lbl_unit"":""Kg"",""unit"":""4907667"",""description"":"""",""hsn_code"":"""",""weighted_price"":35,""invoice_date"":""2026-07-04"",""sap_code"":"""",""purchase_doc_number"":"""",""purchase_invoice_number"":"""",""tax1"":0,""tax2"":0,""tax3"":0,""tax1_amount"":0,""tax2_amount"":0,""tax3_amount"":0,""expiry_date"":"""",""manufacturing_date"":"""",""sap_group_master_id"":0,""category"":""Food"",""rmconv_qty"":""1000"",""rmconv_qty_total"":3000,""rmconv_unit_id"":""4907673"",""rmconv_unit"":""GM"",""yield_qty"":""0"",""discount_application"":""B"",""container_weight"":0,""net_weight"":""3"",""gross_weight"":0,""tax_type"":0,""excise_duty"":0,""tax1_label"":""CGST"",""tax2_label"":""SGST"",""tax3_label"":""IGST""},{""prev_price"":""0.000000"",""item_id"":""46282807"",""itemname"":""Green Apple"",""qty"":1,""price"":330,""amount"":330,""discount"":""0.000"",""lbl_unit"":""Kg"",""unit"":""4907667"",""description"":"""",""hsn_code"":"""",""weighted_price"":330,""invoice_date"":""2026-07-04"",""sap_code"":"""",""purchase_doc_number"":"""",""purchase_invoice_number"":"""",""tax1"":0,""tax2"":0,""tax3"":0,""tax1_amount"":0,""tax2_amount"":0,""tax3_amount"":0,""expiry_date"":"""",""manufacturing_date"":"""",""sap_group_master_id"":0,""category"":""Food"",""rmconv_qty"":""1000"",""rmconv_qty_total"":1000,""rmconv_unit_id"":""4907673"",""rmconv_unit"":""GM"",""yield_qty"":""0"",""discount_application"":""B"",""container_weight"":0,""net_weight"":""1"",""gross_weight"":0,""tax_type"":0,""excise_duty"":0,""tax1_label"":""CGST"",""tax2_label"":""SGST"",""tax3_label"":""IGST""},{""prev_price"":""0.000000"",""item_id"":""46282722"",""itemname"":""Onion"",""qty"":1,""price"":20,""amount"":20,""discount"":""0.000"",""lbl_unit"":""Kg"",""unit"":""4907667"",""description"":"""",""hsn_code"":"""",""weighted_price"":20,""invoice_date"":""2026-07-04"",""sap_code"":"""",""purchase_doc_number"":"""",""purchase_invoice_number"":"""",""tax1"":0,""tax2"":0,""tax3"":0,""tax1_amount"":0,""tax2_amount"":0,""tax3_amount"":0,""expiry_date"":"""",""manufacturing_date"":"""",""sap_group_master_id"":0,""category"":""Food"",""rmconv_qty"":""1000"",""rmconv_qty_total"":1000,""rmconv_unit_id"":""4907673"",""rmconv_unit"":""GM"",""yield_qty"":""0"",""discount_application"":""B"",""container_weight"":0,""net_weight"":""1"",""gross_weight"":0,""tax_type"":0,""excise_duty"":0,""tax1_label"":""CGST"",""tax2_label"":""SGST"",""tax3_label"":""IGST""},{""prev_price"":""0.000000"",""item_id"":""46283343"",""itemname"":""Pineapple Peeled"",""qty"":20,""price"":130,""amount"":2600,""discount"":""0.000"",""lbl_unit"":""Piece"",""unit"":""4907666"",""description"":"""",""hsn_code"":"""",""weighted_price"":130,""invoice_date"":""2026-07-04"",""sap_code"":"""",""purchase_doc_number"":"""",""purchase_invoice_number"":"""",""tax1"":0,""tax2"":0,""tax3"":0,""tax1_amount"":0,""tax2_amount"":0,""tax3_amount"":0,""expiry_date"":"""",""manufacturing_date"":"""",""sap_group_master_id"":0,""category"":""Food"",""yield_qty"":""0"",""discount_application"":""B"",""container_weight"":0,""net_weight"":""20"",""gross_weight"":0,""tax_type"":0,""excise_duty"":0,""tax1_label"":""CGST"",""tax2_label"":""SGST"",""tax3_label"":""IGST""},{""prev_price"":""0.000000"",""item_id"":""46282718"",""itemname"":""Lemon"",""qty"":5,""price"":90,""amount"":450,""discount"":""0.000"",""lbl_unit"":""Kg"",""unit"":""4907667"",""description"":"""",""hsn_code"":"""",""weighted_price"":90,""invoice_date"":""2026-07-04"",""sap_code"":"""",""purchase_doc_number"":"""",""purchase_invoice_number"":"""",""tax1"":0,""tax2"":0,""tax3"":0,""tax1_amount"":0,""tax2_amount"":0,""tax3_amount"":0,""expiry_date"":"""",""manufacturing_date"":"""",""sap_group_master_id"":0,""category"":""Food"",""yield_qty"":""0"",""discount_application"":""B"",""container_weight"":0,""net_weight"":""4"",""gross_weight"":0,""tax_type"":0,""excise_duty"":0,""tax1_label"":""CGST"",""tax2_label"":""SGST"",""tax3_label"":""IGST""},{""prev_price"":""0.000000"",""item_id"":""46282817"",""itemname"":""Spring Onion ."",""qty"":10,""price"":110,""amount"":1100,""discount"":""0.000"",""lbl_unit"":""Kg"",""unit"":""4907667"",""description"":"""",""hsn_code"":"""",""weighted_price"":110,""invoice_date"":""2026-07-04"",""sap_code"":"""",""purchase_doc_number"":"""",""purchase_invoice_number"":"""",""tax1"":0,""tax2"":0,""tax3"":0,""tax1_amount"":0,""tax2_amount"":0,""tax3_amount"":0,""expiry_date"":"""",""manufacturing_date"":"""",""sap_group_master_id"":0,""category"":""Food"",""rmconv_qty"":""1000"",""rmconv_qty_total"":10000,""rmconv_unit_id"":""4907673"",""rmconv_unit"":""GM"",""yield_qty"":""0"",""discount_application"":""B"",""container_weight"":0,""net_weight"":""10"",""gross_weight"":0,""tax_type"":0,""excise_duty"":0,""tax1_label"":""CGST"",""tax2_label"":""SGST"",""tax3_label"":""IGST""},{""prev_price"":""0.000000"",""item_id"":""46282806"",""itemname"":""Fansi- Beans"",""qty"":0.5,""price"":150,""amount"":75,""discount"":""0.000"",""lbl_unit"":""Kg"",""unit"":""4907667"",""description"":"""",""hsn_code"":"""",""weighted_price"":150,""invoice_date"":""2026-07-04"",""sap_code"":"""",""purchase_doc_number"":"""",""purchase_invoice_number"":"""",""tax1"":0,""tax2"":0,""tax3"":0,""tax1_amount"":0,""tax2_amount"":0,""tax3_amount"":0,""expiry_date"":"""",""manufacturing_date"":"""",""sap_group_master_id"":0,""category"":""Food"",""rmconv_qty"":""1000"",""rmconv_qty_total"":500,""rmconv_unit_id"":""4907673"",""rmconv_unit"":""GM"",""yield_qty"":""0"",""discount_application"":""B"",""container_weight"":0,""net_weight"":""0.5"",""gross_weight"":0,""tax_type"":0,""excise_duty"":0,""tax1_label"":""CGST"",""tax2_label"":""SGST"",""tax3_label"":""IGST""},{""prev_price"":""0.000000"",""item_id"":""46283199"",""itemname"":""Lotus Roots"",""qty"":2,""price"":180,""amount"":360,""discount"":""0.000"",""lbl_unit"":""Kg"",""unit"":""4907667"",""description"":"""",""hsn_code"":"""",""weighted_price"":180,""invoice_date"":""2026-07-04"",""sap_code"":"""",""purchase_doc_number"":"""",""purchase_invoice_number"":"""",""tax1"":0,""tax2"":0,""tax3"":0,""tax1_amount"":0,""tax2_amount"":0,""tax3_amount"":0,""expiry_date"":"""",""manufacturing_date"":"""",""sap_group_master_id"":0,""category"":""Food"",""rmconv_qty"":""1000"",""rmconv_qty_total"":2000,""rmconv_unit_id"":""4907673"",""rmconv_unit"":""GM"",""yield_qty"":""0"",""discount_application"":""B"",""container_weight"":0,""net_weight"":""2"",""gross_weight"":0,""tax_type"":0,""excise_duty"":0,""tax1_label"":""CGST"",""tax2_label"":""SGST"",""tax3_label"":""IGST""},{""prev_price"":""0.000000"",""item_id"":""46283204"",""itemname"":""Green Bhavnagri"",""qty"":2,""price"":80,""amount"":160,""discount"":""0.000"",""lbl_unit"":""Kg"",""unit"":""4907667"",""description"":"""",""hsn_code"":"""",""weighted_price"":80,""invoice_date"":""2026-07-04"",""sap_code"":"""",""purchase_doc_number"":"""",""purchase_invoice_number"":"""",""tax1"":0,""tax2"":0,""tax3"":0,""tax1_amount"":0,""tax2_amount"":0,""tax3_amount"":0,""expiry_date"":"""",""manufacturing_date"":"""",""sap_group_master_id"":0,""category"":""Food"",""rmconv_qty"":""1000"",""rmconv_qty_total"":2000,""rmconv_unit_id"":""4907673"",""rmconv_unit"":""GM"",""yield_qty"":""0"",""discount_application"":""B"",""container_weight"":0,""net_weight"":""2"",""gross_weight"":0,""tax_type"":0,""excise_duty"":0,""tax1_label"":""CGST"",""tax2_label"":""SGST"",""tax3_label"":""IGST""},{""prev_price"":""0.000000"",""item_id"":""46282770"",""itemname"":""Green Bell Pepper"",""qty"":10,""price"":90,""amount"":900,""discount"":""0.000"",""lbl_unit"":""Kg"",""unit"":""4907667"",""description"":"""",""hsn_code"":"""",""weighted_price"":90,""invoice_date"":""2026-07-04"",""sap_code"":"""",""purchase_doc_number"":"""",""purchase_invoice_number"":"""",""tax1"":0,""tax2"":0,""tax3"":0,""tax1_amount"":0,""tax2_amount"":0,""tax3_amount"":0,""expiry_date"":"""",""manufacturing_date"":"""",""sap_group_master_id"":0,""category"":""Food"",""rmconv_qty"":""1000"",""rmconv_qty_total"":10000,""rmconv_unit_id"":""4907673"",""rmconv_unit"":""GM"",""yield_qty"":""0"",""discount_application"":""B"",""container_weight"":0,""net_weight"":""10"",""gross_weight"":0,""tax_type"":0,""excise_duty"":0,""tax1_label"":""CGST"",""tax2_label"":""SGST"",""tax3_label"":""IGST""},{""prev_price"":""0.000000"",""item_id"":""46282709"",""itemname"":""Green Garlic"",""qty"":5,""price"":200,""amount"":1000,""discount"":""0.000"",""lbl_unit"":""Kg"",""unit"":""4907667"",""description"":"""",""hsn_code"":"""",""weighted_price"":200,""invoice_date"":""2026-07-04"",""sap_code"":"""",""purchase_doc_number"":"""",""purchase_invoice_number"":"""",""tax1"":0,""tax2"":0,""tax3"":0,""tax1_amount"":0,""tax2_amount"":0,""tax3_amount"":0,""expiry_date"":"""",""manufacturing_date"":"""",""sap_group_master_id"":0,""category"":""Food"",""rmconv_qty"":""1000"",""rmconv_qty_total"":5000,""rmconv_unit_id"":""4907673"",""rmconv_unit"":""GM"",""yield_qty"":""0"",""discount_application"":""B"",""container_weight"":0,""net_weight"":""5"",""gross_weight"":0,""tax_type"":0,""excise_duty"":0,""tax1_label"":""CGST"",""tax2_label"":""SGST"",""tax3_label"":""IGST""},{""prev_price"":""0.000000"",""item_id"":""46282735"",""itemname"":""Beetroot"",""qty"":1,""price"":50,""amount"":50,""discount"":""0.000"",""lbl_unit"":""Kg"",""unit"":""4907667"",""description"":"""",""hsn_code"":"""",""weighted_price"":50,""invoice_date"":""2026-07-04"",""sap_code"":"""",""purchase_doc_number"":"""",""purchase_invoice_number"":"""",""tax1"":0,""tax2"":0,""tax3"":0,""tax1_amount"":0,""tax2_amount"":0,""tax3_amount"":0,""expiry_date"":"""",""manufacturing_date"":"""",""sap_group_master_id"":0,""category"":""Food"",""rmconv_qty"":""1000"",""rmconv_qty_total"":1000,""rmconv_unit_id"":""4907673"",""rmconv_unit"":""GM"",""yield_qty"":""0"",""discount_application"":""B"",""container_weight"":0,""net_weight"":""1"",""gross_weight"":0,""tax_type"":0,""excise_duty"":0,""tax1_label"":""CGST"",""tax2_label"":""SGST"",""tax3_label"":""IGST""},{""prev_price"":""0.000000"",""item_id"":""46282704"",""itemname"":""Broccoli"",""qty"":10,""price"":215,""amount"":2150,""discount"":""0.000"",""lbl_unit"":""Kg"",""unit"":""4907667"",""description"":"""",""hsn_code"":"""",""weighted_price"":215,""invoice_date"":""2026-07-04"",""sap_code"":"""",""purchase_doc_number"":"""",""purchase_invoice_number"":"""",""tax1"":0,""tax2"":0,""tax3"":0,""tax1_amount"":0,""tax2_amount"":0,""tax3_amount"":0,""expiry_date"":"""",""manufacturing_date"":"""",""sap_group_master_id"":0,""category"":""Food"",""rmconv_qty"":""1000"",""rmconv_qty_total"":10000,""rmconv_unit_id"":""4907673"",""rmconv_unit"":""GM"",""yield_qty"":""0"",""discount_application"":""B"",""container_weight"":0,""net_weight"":""10"",""gross_weight"":0,""tax_type"":0,""excise_duty"":0,""tax1_label"":""CGST"",""tax2_label"":""SGST"",""tax3_label"":""IGST""},{""prev_price"":""0.000000"",""item_id"":""46282483"",""itemname"":""Curry Leaves"",""qty"":1,""price"":25,""amount"":25,""discount"":""0.000"",""lbl_unit"":""Kg"",""unit"":""4907667"",""description"":"""",""hsn_code"":"""",""weighted_price"":25,""invoice_date"":""2026-07-04"",""sap_code"":"""",""purchase_doc_number"":"""",""purchase_invoice_number"":"""",""tax1"":0,""tax2"":0,""tax3"":0,""tax1_amount"":0,""tax2_amount"":0,""tax3_amount"":0,""expiry_date"":"""",""manufacturing_date"":"""",""sap_group_master_id"":0,""category"":""Food"",""rmconv_qty"":""1000"",""rmconv_qty_total"":1000,""rmconv_unit_id"":""4907673"",""rmconv_unit"":""GM"",""yield_qty"":""0"",""discount_application"":""B"",""container_weight"":0,""net_weight"":""1"",""gross_weight"":0,""tax_type"":0,""excise_duty"":0,""tax1_label"":""CGST"",""tax2_label"":""SGST"",""tax3_label"":""IGST""},{""prev_price"":""0.000000"",""item_id"":""46283365"",""itemname"":""Coriander"",""qty"":3,""price"":135,""amount"":405,""discount"":""0.000"",""lbl_unit"":""Kg"",""unit"":""4907667"",""description"":"""",""hsn_code"":"""",""weighted_price"":135,""invoice_date"":""2026-07-04"",""sap_code"":"""",""purchase_doc_number"":"""",""purchase_invoice_number"":"""",""tax1"":0,""tax2"":0,""tax3"":0,""tax1_amount"":0,""tax2_amount"":0,""tax3_amount"":0,""expiry_date"":"""",""manufacturing_date"":"""",""sap_group_master_id"":0,""category"":""Food"",""rmconv_qty"":""1000"",""rmconv_qty_total"":3000,""rmconv_unit_id"":""4907673"",""rmconv_unit"":""GM"",""yield_qty"":""0"",""discount_application"":""B"",""container_weight"":0,""net_weight"":""3"",""gross_weight"":0,""tax_type"":0,""excise_duty"":0,""tax1_label"":""CGST"",""tax2_label"":""SGST"",""tax3_label"":""IGST""},{""prev_price"":""0.000000"",""item_id"":""46282724"",""itemname"":""Parsley"",""qty"":1,""price"":300,""amount"":300,""discount"":""0.000"",""lbl_unit"":""Kg"",""unit"":""4907667"",""description"":"""",""hsn_code"":"""",""weighted_price"":300,""invoice_date"":""2026-07-04"",""sap_code"":"""",""purchase_doc_number"":"""",""purchase_invoice_number"":"""",""tax1"":0,""tax2"":0,""tax3"":0,""tax1_amount"":0,""tax2_amount"":0,""tax3_amount"":0,""expiry_date"":"""",""manufacturing_date"":"""",""sap_group_master_id"":0,""category"":""Food"",""rmconv_qty"":""1000"",""rmconv_qty_total"":1000,""rmconv_unit_id"":""4907673"",""rmconv_unit"":""GM"",""yield_qty"":""0"",""discount_application"":""B"",""container_weight"":0,""net_weight"":""1"",""gross_weight"":0,""tax_type"":0,""excise_duty"":0,""tax1_label"":""CGST"",""tax2_label"":""SGST"",""tax3_label"":""IGST""},{""prev_price"":""0.000000"",""item_id"":""46282723"",""itemname"":""Spinach Palak"",""qty"":1,""price"":70,""amount"":70,""discount"":""0.000"",""lbl_unit"":""Kg"",""unit"":""4907667"",""description"":"""",""hsn_code"":"""",""weighted_price"":70,""invoice_date"":""2026-07-04"",""sap_code"":"""",""purchase_doc_number"":"""",""purchase_invoice_number"":"""",""tax1"":0,""tax2"":0,""tax3"":0,""tax1_amount"":0,""tax2_amount"":0,""tax3_amount"":0,""expiry_date"":"""",""manufacturing_date"":"""",""sap_group_master_id"":0,""category"":""Food"",""rmconv_qty"":""1000"",""rmconv_qty_total"":1000,""rmconv_unit_id"":""4907673"",""rmconv_unit"":""GM"",""yield_qty"":""0"",""discount_application"":""B"",""container_weight"":0,""net_weight"":""1"",""gross_weight"":0,""tax_type"":0,""excise_duty"":0,""tax1_label"":""CGST"",""tax2_label"":""SGST"",""tax3_label"":""IGST""},{""prev_price"":""0.000000"",""item_id"":""46282722"",""itemname"":""Onion"",""qty"":15,""price"":32,""amount"":480,""discount"":""0.000"",""lbl_unit"":""Kg"",""unit"":""4907667"",""description"":"""",""hsn_code"":"""",""weighted_price"":32,""invoice_date"":""2026-07-04"",""sap_code"":"""",""purchase_doc_number"":"""",""purchase_invoice_number"":"""",""tax1"":0,""tax2"":0,""tax3"":0,""tax1_amount"":0,""tax2_amount"":0,""tax3_amount"":0,""expiry_date"":"""",""manufacturing_date"":"""",""sap_group_master_id"":0,""category"":""Food"",""rmconv_qty"":""1000"",""rmconv_qty_total"":15000,""rmconv_unit_id"":""4907673"",""rmconv_unit"":""GM"",""yield_qty"":""0"",""discount_application"":""B"",""container_weight"":0,""net_weight"":""15"",""gross_weight"":0,""tax_type"":0,""excise_duty"":0,""tax1_label"":""CGST"",""tax2_label"":""SGST"",""tax3_label"":""IGST""},{""prev_price"":""0.000000"",""item_id"":""46282818"",""itemname"":""Tomato"",""qty"":2,""price"":40,""amount"":80,""discount"":""0.000"",""lbl_unit"":""Kg"",""unit"":""4907667"",""description"":"""",""hsn_code"":"""",""weighted_price"":40,""invoice_date"":""2026-07-04"",""sap_code"":"""",""purchase_doc_number"":"""",""purchase_invoice_number"":"""",""tax1"":0,""tax2"":0,""tax3"":0,""tax1_amount"":0,""tax2_amount"":0,""tax3_amount"":0,""expiry_date"":"""",""manufacturing_date"":"""",""sap_group_master_id"":0,""category"":""Food"",""rmconv_qty"":""1000"",""rmconv_qty_total"":2000,""rmconv_unit_id"":""4907673"",""rmconv_unit"":""GM"",""yield_qty"":""0"",""discount_application"":""B"",""container_weight"":0,""net_weight"":""2"",""gross_weight"":0,""tax_type"":0,""excise_duty"":0,""tax1_label"":""CGST"",""tax2_label"":""SGST"",""tax3_label"":""IGST""},{""prev_price"":""0.000000"",""item_id"":""46283340"",""itemname"":""Cabbage"",""qty"":2,""price"":36,""amount"":72,""discount"":""0.000"",""lbl_unit"":""Kg"",""unit"":""4907667"",""description"":"""",""hsn_code"":"""",""weighted_price"":36,""invoice_date"":""2026-07-04"",""sap_code"":"""",""purchase_doc_number"":"""",""purchase_invoice_number"":"""",""tax1"":0,""tax2"":0,""tax3"":0,""tax1_amount"":0,""tax2_amount"":0,""tax3_amount"":0,""expiry_date"":"""",""manufacturing_date"":"""",""sap_group_master_id"":0,""category"":""Food"",""yield_qty"":""0"",""discount_application"":""B"",""container_weight"":0,""net_weight"":""2"",""gross_weight"":0,""tax_type"":0,""excise_duty"":0,""tax1_label"":""CGST"",""tax2_label"":""SGST"",""tax3_label"":""IGST""},{""prev_price"":""0.000000"",""item_id"":""46283370"",""itemname"":""Peeled Garlic."",""qty"":3,""price"":180,""amount"":540,""discount"":""0.000"",""lbl_unit"":""Kg"",""unit"":""4907667"",""description"":"""",""hsn_code"":"""",""weighted_price"":180,""invoice_date"":""2026-07-04"",""sap_code"":"""",""purchase_doc_number"":"""",""purchase_invoice_number"":"""",""tax1"":0,""tax2"":0,""tax3"":0,""tax1_amount"":0,""tax2_amount"":0,""tax3_amount"":0,""expiry_date"":"""",""manufacturing_date"":"""",""sap_group_master_id"":0,""category"":""Food"",""rmconv_qty"":""1000"",""rmconv_qty_total"":3000,""rmconv_unit_id"":""4907673"",""rmconv_unit"":""GM"",""yield_qty"":""0"",""discount_application"":""B"",""container_weight"":0,""net_weight"":""3"",""gross_weight"":0,""tax_type"":0,""excise_duty"":0,""tax1_label"":""CGST"",""tax2_label"":""SGST"",""tax3_label"":""IGST""}]",[],0,0,,,[],[],,,,,,,1,,,,,,,,,,,,,,,,,,,,,,,,,,,,,,,,,,,,,,,,,,,,,,,,,,,,,,,,,,,,,,,,,,,,,,,,,,,,,,,,,,,,,,,,,,,,,,,,,,,,,,,,,,,,,,,,,,,,,,,,,,,,,,6a51d0fb-d954-4508-8147-09613c0091fe,60.0.158.135,,,,,,,,,,,,,,,,,,,,,,,,,,,,,,,,,,,,,,,,,,,,,,,,,,,,,,,,,,,,,,,,,,,,,,,,,,,,,,,,,,,,,,,,,,,,,,,,,,,,,,,,,,,,,,,,,,,,,,,,,,,,,,,,,,,,,,,,,,,,,,,,,,,,,,,,,,,,,,,,,,,,,,,,,,,,,,,,,,,,,,,,,,,,,,,,,,,,,,,,,,,,,,,,,,,,,,,,,,,,,,,,,,,,,,,,,,,,,,,,,,,,,,,,,,,,,,,,,,,,,,,,,,,,,,,,,,,,,,,,,,,,,,,,,,,,,,,,,,,,,,,,,,,,,,,,,,,,,,,,,,,,,,,,,,,,,,,,,,,,,,,,,,,,,,,,,,,,,,,,,,,,,,,,,,,,,,,,,,,,,,,,,,,,,,,,,,,,,,,,,,,,,,,,,,,,,,,,,,,,,,,,,,,,,,,,,,,,,,,,,,,,,,,,,,,,,,,,,,,,,,,,,,,,,,,,,,,,,,,,,,,,,,,,,,,,,,,,,,,,,,,,,,,,,,,,,,,,,,,,,,,,,,,,,,,,,,,,,,,,,,,,,,,,,,,,,,,,,,,,,,,,,,,,,,,,,,,,,,,,,,,,,,,,,,,,,,,,,,,,,,,,,,,,,,,,,,,
Surat Prep Kitchen,376017,134699163,Normal,,2607,INV-26y0704-0058,2026-07-04,1000,0,Active,Unpaid,,1000,0,0,0,0.00,0,0,0,0,2026-07-11 10:43:23,2026-07-11 10:43:23,891257,Supplier,,Surat,Surat Prep Kitchen,Gujarat,,"Gujarat Hira Bourse , Ichchapore",9016168269,,,,,Vr Agro,Supplier,rajmewara004@gmail.com,Gujarat,,"56 basement NSTM sardar ,market puna kumbahraiya road, surat -395010",7096748177,0,,,,,1,,,0,,"[{""prev_price"":""0.000000"",""item_id"":""46282721"",""itemname"":""Rocket /arugula Leaves"",""qty"":1,""price"":1000,""amount"":1000,""discount"":""0.000"",""lbl_unit"":""Kg"",""unit"":""4907667"",""description"":"""",""hsn_code"":"""",""weighted_price"":1000,""invoice_date"":""2026-07-04"",""sap_code"":"""",""purchase_doc_number"":"""",""purchase_invoice_number"":"""",""tax1"":0,""tax2"":0,""tax3"":0,""tax1_amount"":0,""tax2_amount"":0,""tax3_amount"":0,""expiry_date"":"""",""manufacturing_date"":"""",""sap_group_master_id"":0,""category"":""Food"",""rmconv_qty"":""1000"",""rmconv_qty_total"":1000,""rmconv_unit_id"":""4907673"",""rmconv_unit"":""GM"",""yield_qty"":""0"",""discount_application"":""B"",""container_weight"":0,""net_weight"":""1"",""gross_weight"":0,""tax_type"":0,""excise_duty"":0,""tax1_label"":""CGST"",""tax2_label"":""SGST"",""tax3_label"":""IGST""}]",[],0,0,,,[],[],,,,,,,1,,,,,,,,,,,,,,,,,,,,,,,,,,,,,,,,,,,,,,,,,,,,,,,,,,,,,,,,,,,,,,,,,,,,,,,,,,,,,,,,,,,,,,,,,,,,,,,,,,,,,,,,,,,,,,,,,,,,,,,,,,,,,,,,6a51d0be-ee74-4b17-864f-09563c0091fe,60.0.158.135,,,,,,,,,,,,,,,,,,,,,,,,,,,,,,,,,,,,,,,,,,,,,,,,,,,,,,,,,,,,,,,,,,,,,,,,,,,,,,,,,,,,,,,,,,,,,,,,,,,,,,,,,,,,,,,,,,,,,,,,,,,,,,,,,,,,,,,,,,,,,,,,,,,,,,,,,,,,,,,,,,,,,,,,,,,,,,,,,,,,,,,,,,,,,,,,,,,,,,,,,,,,,,,,,,,,,,,,,,,,,,,,,,,,,,,,,,,,,,,,,,,,,,,,,,,,,,,,,,,,,,,,,,,,,,,,,,,,,,,,,,,,,,,,,,,,,,,,,,,,,,,,,,,,,,,,,,,,,,,,,,,,,,,,,,,,,,,,,,,,,,,,,,,,,,,,,,,,,,,,,,,,,,,,,,,,,,,,,,,,,,,,,,,,,,,,,,,,,,,,,,,,,,,,,,,,,,,,,,,,,,,,,,,,,,,,,,,,,,,,,,,,,,,,,,,,,,,,,,,,,,,,,,,,,,,,,,,,,,,,,,,,,,,,,,,,,,,,,,,,,,,,,,,,,,,,,,,,,,,,,,,,,,,,,,,,,,,,,,,,,,,,,,,,,,,,,,,,,,,,,,,,,,,,,,,,,,,,,,,,,,,,,,,,,,,,,,,,,,,,,,,,,,,,,,,,,
Surat Prep Kitchen,376017,134699049,Normal,,2606,INV-26y0704-0059,2026-07-04,5380,0,Active,Unpaid,,5380,0,0,0,0.00,0,0,0,0,2026-07-11 10:42:23,2026-07-11 10:42:23,891257,Supplier,,Surat,Surat Prep Kitchen,Gujarat,,"Gujarat Hira Bourse , Ichchapore",9016168269,,,,,Vr Agro,Supplier,rajmewara004@gmail.com,Gujarat,,"56 basement NSTM sardar ,market puna kumbahraiya road, surat -395010",7096748177,0,,,,,1,,,0,,"[{""prev_price"":""0.000000"",""item_id"":""46283077"",""itemname"":""Bean Sprouts"",""qty"":2,""price"":160,""amount"":320,""discount"":""0.000"",""lbl_unit"":""Kg"",""unit"":""4907667"",""description"":"""",""hsn_code"":"""",""weighted_price"":160,""invoice_date"":""2026-07-04"",""sap_code"":"""",""purchase_doc_number"":"""",""purchase_invoice_number"":"""",""tax1"":0,""tax2"":0,""tax3"":0,""tax1_amount"":0,""tax2_amount"":0,""tax3_amount"":0,""expiry_date"":"""",""manufacturing_date"":"""",""sap_group_master_id"":0,""category"":""Food"",""rmconv_qty"":""1000"",""rmconv_qty_total"":2000,""rmconv_unit_id"":""4907673"",""rmconv_unit"":""GM"",""yield_qty"":""0"",""discount_application"":""B"",""container_weight"":0,""net_weight"":""2"",""gross_weight"":0,""tax_type"":0,""excise_duty"":0,""tax1_label"":""CGST"",""tax2_label"":""SGST"",""tax3_label"":""IGST""},{""prev_price"":""0.000000"",""item_id"":""46283219"",""itemname"":""Fresh Jalepenos Green"",""qty"":2,""price"":480,""amount"":960,""discount"":""0.000"",""lbl_unit"":""Kg"",""unit"":""4907667"",""description"":"""",""hsn_code"":"""",""weighted_price"":480,""invoice_date"":""2026-07-04"",""sap_code"":"""",""purchase_doc_number"":"""",""purchase_invoice_number"":"""",""tax1"":0,""tax2"":0,""tax3"":0,""tax1_amount"":0,""tax2_amount"":0,""tax3_amount"":0,""expiry_date"":"""",""manufacturing_date"":"""",""sap_group_master_id"":0,""category"":""Food"",""rmconv_qty"":""1000"",""rmconv_qty_total"":2000,""rmconv_unit_id"":""4907673"",""rmconv_unit"":""GM"",""yield_qty"":""0"",""discount_application"":""B"",""container_weight"":0,""net_weight"":""2"",""gross_weight"":0,""tax_type"":0,""excise_duty"":0,""tax1_label"":""CGST"",""tax2_label"":""SGST"",""tax3_label"":""IGST""},{""prev_price"":""0.000000"",""item_id"":""46282799"",""itemname"":""Brussels Sprouts."",""qty"":2,""price"":900,""amount"":1800,""discount"":""0.000"",""lbl_unit"":""Kg"",""unit"":""4907667"",""description"":"""",""hsn_code"":"""",""weighted_price"":900,""invoice_date"":""2026-07-04"",""sap_code"":"""",""purchase_doc_number"":"""",""purchase_invoice_number"":"""",""tax1"":0,""tax2"":0,""tax3"":0,""tax1_amount"":0,""tax2_amount"":0,""tax3_amount"":0,""expiry_date"":"""",""manufacturing_date"":"""",""sap_group_master_id"":0,""category"":""Food"",""rmconv_qty"":""1000"",""rmconv_qty_total"":2000,""rmconv_unit_id"":""4907673"",""rmconv_unit"":""GM"",""yield_qty"":""0"",""discount_application"":""B"",""container_weight"":0,""net_weight"":""2"",""gross_weight"":0,""tax_type"":0,""excise_duty"":0,""tax1_label"":""CGST"",""tax2_label"":""SGST"",""tax3_label"":""IGST""},{""prev_price"":""0.000000"",""item_id"":""46282721"",""itemname"":""Rocket /arugula Leaves"",""qty"":1,""price"":1000,""amount"":1000,""discount"":""0.000"",""lbl_unit"":""Kg"",""unit"":""4907667"",""description"":"""",""hsn_code"":"""",""weighted_price"":1000,""invoice_date"":""2026-07-04"",""sap_code"":"""",""purchase_doc_number"":"""",""purchase_invoice_number"":"""",""tax1"":0,""tax2"":0,""tax3"":0,""tax1_amount"":0,""tax2_amount"":0,""tax3_amount"":0,""expiry_date"":"""",""manufacturing_date"":"""",""sap_group_master_id"":0,""category"":""Food"",""rmconv_qty"":""1000"",""rmconv_qty_total"":1000,""rmconv_unit_id"":""4907673"",""rmconv_unit"":""GM"",""yield_qty"":""0"",""discount_application"":""B"",""container_weight"":0,""net_weight"":""1"",""gross_weight"":0,""tax_type"":0,""excise_duty"":0,""tax1_label"":""CGST"",""tax2_label"":""SGST"",""tax3_label"":""IGST""},{""prev_price"":""0.000000"",""item_id"":""46282816"",""itemname"":""Shimeji Mushroom 125"",""qty"":5,""price"":160,""amount"":800,""discount"":""0.000"",""lbl_unit"":""Pkts"",""unit"":""4907674"",""description"":"""",""hsn_code"":"""",""weighted_price"":160,""invoice_date"":""2026-07-04"",""sap_code"":"""",""purchase_doc_number"":"""",""purchase_invoice_number"":"""",""tax1"":0,""tax2"":0,""tax3"":0,""tax1_amount"":0,""tax2_amount"":0,""tax3_amount"":0,""expiry_date"":"""",""manufacturing_date"":"""",""sap_group_master_id"":0,""category"":""Food"",""rmconv_qty"":""1"",""rmconv_qty_total"":5,""rmconv_unit_id"":""5165362"",""rmconv_unit"":""Pkt"",""yield_qty"":""0"",""discount_application"":""B"",""container_weight"":0,""net_weight"":""5"",""gross_weight"":0,""tax_type"":0,""excise_duty"":0,""tax1_label"":""CGST"",""tax2_label"":""SGST"",""tax3_label"":""IGST""},{""prev_price"":""0.000000"",""item_id"":""46283073"",""itemname"":""Radish Red"",""qty"":2,""price"":250,""amount"":500,""discount"":""0.000"",""lbl_unit"":""Kg"",""unit"":""4907667"",""description"":"""",""hsn_code"":"""",""weighted_price"":250,""invoice_date"":""2026-07-04"",""sap_code"":"""",""purchase_doc_number"":"""",""purchase_invoice_number"":"""",""tax1"":0,""tax2"":0,""tax3"":0,""tax1_amount"":0,""tax2_amount"":0,""tax3_amount"":0,""expiry_date"":"""",""manufacturing_date"":"""",""sap_group_master_id"":0,""category"":""Food"",""rmconv_qty"":""1000"",""rmconv_qty_total"":2000,""rmconv_unit_id"":""4907673"",""rmconv_unit"":""GM"",""yield_qty"":""0"",""discount_application"":""B"",""container_weight"":0,""net_weight"":""2"",""gross_weight"":0,""tax_type"":0,""excise_duty"":0,""tax1_label"":""CGST"",""tax2_label"":""SGST"",""tax3_label"":""IGST""}]",[],0,0,,,[],[],,,,,,,1,,,,,,,,,,,,,,,,,,,,,,,,,,,,,,,,,,,,,,,,,,,,,,,,,,,,,,,,,,,,,,,,,,,,,,,,,,,,,,,,,,,,,,,,,,,,,,,,,,,,,,,,,,,,,,,,,,,,,,,,,,,,,,,,,,6a51d057-a3e0-425d-bcc1-106f3c008a93,60.0.133.165,,,,,,,,,,,,,,,,,,,,,,,,,,,,,,,,,,,,,,,,,,,,,,,,,,,,,,,,,,,,,,,,,,,,,,,,,,,,,,,,,,,,,,,,,,,,,,,,,,,,,,,,,,,,,,,,,,,,,,,,,,,,,,,,,,,,,,,,,,,,,,,,,,,,,,,,,,,,,,,,,,,,,,,,,,,,,,,,,,,,,,,,,,,,,,,,,,,,,,,,,,,,,,,,,,,,,,,,,,,,,,,,,,,,,,,,,,,,,,,,,,,,,,,,,,,,,,,,,,,,,,,,,,,,,,,,,,,,,,,,,,,,,,,,,,,,,,,,,,,,,,,,,,,,,,,,,,,,,,,,,,,,,,,,,,,,,,,,,,,,,,,,,,,,,,,,,,,,,,,,,,,,,,,,,,,,,,,,,,,,,,,,,,,,,,,,,,,,,,,,,,,,,,,,,,,,,,,,,,,,,,,,,,,,,,,,,,,,,,,,,,,,,,,,,,,,,,,,,,,,,,,,,,,,,,,,,,,,,,,,,,,,,,,,,,,,,,,,,,,,,,,,,,,,,,,,,,,,,,,,,,,,,,,,,,,,,,,,,,,,,,,,,,,,,,,,,,,,,,,,,,,,,,,,,,,,,,,,,,,,,,,,,,,,,,,,,,,,,,,,,,,,,,,,,,,
Surat Prep Kitchen,376017,134475155,From Sales,118075794,118,,2026-07-07,19142.483,0,Active,Unpaid,,19142.483,0,0,0,0.00,0,0,0,0,2026-07-09 07:36:19,2026-07-09 07:36:19,117185,Kitchen,,Surat,Surat Prep Kitchen,Gujarat,,"Gujarat Hira Bourse , Ichchapore",9016168269,,,,Surat,Surat Store,Kitchen,,Gujarat,,"1st Floor, Samanvay, Near Chandni Chowk, Gymkhana Rd, Piplod, Surat",9825184377,0,,1,PO0081105736,PO0081105736,1,,0,0,0,"[{""prev_price"":""544.170000"",""item_id"":""46281935"",""itemname"":""Mozzarella Cheese 1kg"",""qty"":5,""price"":544.17,""amount"":2720.85,""discount"":""0.000"",""lbl_unit"":""Qty"",""unit"":""4907684"",""description"":"""",""hsn_code"":"""",""weighted_price"":544.17,""invoice_date"":""2026-07-07"",""sap_code"":"""",""purchase_doc_number"":"""",""purchase_invoice_number"":"""",""tax1"":0,""tax2"":0,""tax3"":0,""tax1_amount"":0,""tax2_amount"":0,""tax3_amount"":0,""expiry_date"":"""",""manufacturing_date"":"""",""actual_qty"":""5.000"",""actual_unit_id"":""2418165"",""actual_unit_name"":""Qty"",""sap_group_master_id"":0,""category"":""Food"",""yield_qty"":""0"",""discount_application"":""B"",""pricing_method"":""0"",""container_weight"":0,""net_weight"":""5"",""gross_weight"":0,""tax_type"":0,""excise_duty"":0,""tax1_label"":""CGST"",""tax2_label"":""SGST"",""tax3_label"":""IGST""},{""prev_price"":""612.381000"",""item_id"":""46281192"",""itemname"":""Cheddar Cheese 1kg"",""qty"":3,""price"":612.381,""amount"":1837.143,""discount"":""0.000"",""lbl_unit"":""Qty"",""unit"":""4907684"",""description"":"""",""hsn_code"":"""",""weighted_price"":612.381,""invoice_date"":""2026-07-07"",""sap_code"":"""",""purchase_doc_number"":"""",""purchase_invoice_number"":"""",""tax1"":0,""tax2"":0,""tax3"":0,""tax1_amount"":0,""tax2_amount"":0,""tax3_amount"":0,""expiry_date"":"""",""manufacturing_date"":"""",""actual_qty"":""3.000"",""actual_unit_id"":""2418165"",""actual_unit_name"":""Qty"",""sap_group_master_id"":0,""category"":""Food"",""yield_qty"":""0"",""discount_application"":""B"",""container_weight"":0,""net_weight"":""3"",""gross_weight"":0,""tax_type"":0,""excise_duty"":0,""tax1_label"":""CGST"",""tax2_label"":""SGST"",""tax3_label"":""IGST""},{""prev_price"":""652.380000"",""item_id"":""46282743"",""itemname"":""Df Cream Cheese 1kg"",""qty"":2,""price"":652.38,""amount"":1304.76,""discount"":""0.000"",""lbl_unit"":""Qty"",""unit"":""4907684"",""description"":"""",""hsn_code"":"""",""weighted_price"":652.38,""invoice_date"":""2026-07-07"",""sap_code"":"""",""purchase_doc_number"":"""",""purchase_invoice_number"":"""",""tax1"":0,""tax2"":0,""tax3"":0,""tax1_amount"":0,""tax2_amount"":0,""tax3_amount"":0,""expiry_date"":"""",""manufacturing_date"":"""",""actual_qty"":""2.000"",""actual_unit_id"":""2418165"",""actual_unit_name"":""Qty"",""sap_group_master_id"":0,""category"":""Food"",""yield_qty"":""0"",""discount_application"":""B"",""container_weight"":0,""net_weight"":""2"",""gross_weight"":0,""tax_type"":0,""excise_duty"":0,""tax1_label"":""CGST"",""tax2_label"":""SGST"",""tax3_label"":""IGST""},{""prev_price"":""215.000000"",""item_id"":""46282196"",""itemname"":""M Size Hand Gloves Nitrile"",""qty"":2,""price"":215,""amount"":430,""discount"":""0.000"",""lbl_unit"":""Qty"",""unit"":""4907684"",""description"":"""",""hsn_code"":"""",""weighted_price"":215,""invoice_date"":""2026-07-07"",""sap_code"":"""",""purchase_doc_number"":"""",""purchase_invoice_number"":"""",""tax1"":0,""tax2"":0,""tax3"":0,""tax1_amount"":0,""tax2_amount"":0,""tax3_amount"":0,""expiry_date"":"""",""manufacturing_date"":"""",""actual_qty"":""2.000"",""actual_unit_id"":""2418165"",""actual_unit_name"":""Qty"",""sap_group_master_id"":0,""category"":""Housekeeping Hygiene"",""yield_qty"":""0"",""discount_application"":""B"",""container_weight"":0,""net_weight"":""2"",""gross_weight"":0,""tax_type"":0,""excise_duty"":0,""tax1_label"":""CGST"",""tax2_label"":""SGST"",""tax3_label"":""IGST""},{""prev_price"":""0.000000"",""item_id"":""46281915"",""itemname"":""Gd Ajinomoto 500gm"",""qty"":2,""price"":85,""amount"":170,""discount"":""0.000"",""lbl_unit"":""Qty"",""unit"":""4907684"",""description"":"""",""hsn_code"":"""",""weighted_price"":85,""invoice_date"":""2026-07-07"",""sap_code"":"""",""purchase_doc_number"":"""",""purchase_invoice_number"":"""",""tax1"":0,""tax2"":0,""tax3"":0,""tax1_amount"":0,""tax2_amount"":0,""tax3_amount"":0,""expiry_date"":"""",""manufacturing_date"":"""",""actual_qty"":""2.000"",""actual_unit_id"":""2418165"",""actual_unit_name"":""Qty"",""sap_group_master_id"":0,""category"":""Food"",""yield_qty"":""0"",""discount_application"":""B"",""container_weight"":0,""net_weight"":""2"",""gross_weight"":0,""tax_type"":0,""excise_duty"":0,""tax1_label"":""CGST"",""tax2_label"":""SGST"",""tax3_label"":""IGST""},{""prev_price"":""271.430000"",""item_id"":""46282630"",""itemname"":""Amul Butter - 500gm"",""qty"":1,""price"":271.43,""amount"":271.43,""discount"":""0.000"",""lbl_unit"":""Qty"",""unit"":""4907684"",""description"":"""",""hsn_code"":"""",""weighted_price"":271.43,""invoice_date"":""2026-07-07"",""sap_code"":"""",""purchase_doc_number"":"""",""purchase_invoice_number"":"""",""tax1"":0,""tax2"":0,""tax3"":0,""tax1_amount"":0,""tax2_amount"":0,""tax3_amount"":0,""expiry_date"":"""",""manufacturing_date"":"""",""actual_qty"":""10.000"",""actual_unit_id"":""2418165"",""actual_unit_name"":""Qty"",""sap_group_master_id"":0,""category"":""Food"",""yield_qty"":""0"",""discount_application"":""B"",""pricing_method"":""0"",""container_weight"":0,""net_weight"":""1"",""gross_weight"":0,""tax_type"":0,""excise_duty"":0,""tax1_label"":""CGST"",""tax2_label"":""SGST"",""tax3_label"":""IGST""},{""prev_price"":""1825.000000"",""item_id"":""46282674"",""itemname"":""Nescafe Coffee Powder 500gm"",""qty"":1,""price"":1825,""amount"":1825,""discount"":""0.000"",""lbl_unit"":""Qty"",""unit"":""4907684"",""description"":"""",""hsn_code"":"""",""weighted_price"":1825,""invoice_date"":""2026-07-07"",""sap_code"":"""",""purchase_doc_number"":"""",""purchase_invoice_number"":"""",""tax1"":0,""tax2"":0,""tax3"":0,""tax1_amount"":0,""tax2_amount"":0,""tax3_amount"":0,""expiry_date"":"""",""manufacturing_date"":"""",""actual_qty"":""1.000"",""actual_unit_id"":""2418165"",""actual_unit_name"":""Qty"",""sap_group_master_id"":0,""category"":""Food"",""yield_qty"":""0"",""discount_application"":""B"",""container_weight"":0,""net_weight"":""1"",""gross_weight"":0,""tax_type"":0,""excise_duty"":0,""tax1_label"":""CGST"",""tax2_label"":""SGST"",""tax3_label"":""IGST""},{""prev_price"":""155.000000"",""item_id"":""46282778"",""itemname"":""Shao Xing Cooking Wine Vinegar 650 Ml"",""qty"":1,""price"":155,""amount"":155,""discount"":""0.000"",""lbl_unit"":""Qty"",""unit"":""4907684"",""description"":"""",""hsn_code"":""21039040"",""weighted_price"":155,""invoice_date"":""2026-07-07"",""sap_code"":"""",""purchase_doc_number"":"""",""purchase_invoice_number"":"""",""tax1"":0,""tax2"":0,""tax3"":0,""tax1_amount"":0,""tax2_amount"":0,""tax3_amount"":0,""expiry_date"":"""",""manufacturing_date"":"""",""actual_qty"":""1.000"",""actual_unit_id"":""2418165"",""actual_unit_name"":""Qty"",""sap_group_master_id"":0,""category"":""Food"",""yield_qty"":""0"",""discount_application"":""B"",""container_weight"":0,""net_weight"":""1"",""gross_weight"":0,""tax_type"":0,""excise_duty"":0,""tax1_label"":""CGST"",""tax2_label"":""SGST"",""tax3_label"":""IGST""},{""prev_price"":""2371.430000"",""item_id"":""46281663"",""itemname"":""Sunflower Refined Oil 13kg"",""qty"":2,""price"":2371.43,""amount"":4742.86,""discount"":""0.000"",""lbl_unit"":""Qty"",""unit"":""4907684"",""description"":"""",""hsn_code"":"""",""weighted_price"":2371.43,""invoice_date"":""2026-07-07"",""sap_code"":"""",""purchase_doc_number"":"""",""purchase_invoice_number"":"""",""tax1"":0,""tax2"":0,""tax3"":0,""tax1_amount"":0,""tax2_amount"":0,""tax3_amount"":0,""expiry_date"":"""",""manufacturing_date"":"""",""actual_qty"":""2.000"",""actual_unit_id"":""2418165"",""actual_unit_name"":""Qty"",""sap_group_master_id"":0,""category"":""Food"",""yield_qty"":""0"",""discount_application"":""B"",""container_weight"":0,""net_weight"":""2"",""gross_weight"":0,""tax_type"":0,""excise_duty"":0,""tax1_label"":""CGST"",""tax2_label"":""SGST"",""tax3_label"":""IGST""},{""prev_price"":""4150.000000"",""item_id"":""46282862"",""itemname"":""Extra Virgin Olive Oil 5ltr"",""qty"":1,""price"":4150,""amount"":4150,""discount"":""0.000"",""lbl_unit"":""Qty"",""unit"":""4907684"",""description"":"""",""hsn_code"":"""",""weighted_price"":4150,""invoice_date"":""2026-07-07"",""sap_code"":"""",""purchase_doc_number"":"""",""purchase_invoice_number"":"""",""tax1"":0,""tax2"":0,""tax3"":0,""tax1_amount"":0,""tax2_amount"":0,""tax3_amount"":0,""expiry_date"":"""",""manufacturing_date"":"""",""actual_qty"":""1.000"",""actual_unit_id"":""2418165"",""actual_unit_name"":""Qty"",""sap_group_master_id"":0,""category"":""Food"",""yield_qty"":""0"",""discount_application"":""B"",""container_weight"":0,""net_weight"":""1"",""gross_weight"":0,""tax_type"":0,""excise_duty"":0,""tax1_label"":""CGST"",""tax2_label"":""SGST"",""tax3_label"":""IGST""},{""prev_price"":""223.810000"",""item_id"":""46281779"",""itemname"":""Spaghetti 1kg"",""qty"":4,""price"":223.81,""amount"":895.24,""discount"":""0.000"",""lbl_unit"":""Qty"",""unit"":""4907684"",""description"":"""",""hsn_code"":"""",""weighted_price"":223.81,""invoice_date"":""2026-07-07"",""sap_code"":"""",""purchase_doc_number"":"""",""purchase_invoice_number"":"""",""tax1"":0,""tax2"":0,""tax3"":0,""tax1_amount"":0,""tax2_amount"":0,""tax3_amount"":0,""expiry_date"":"""",""manufacturing_date"":"""",""actual_qty"":""4.000"",""actual_unit_id"":""2418165"",""actual_unit_name"":""Qty"",""sap_group_master_id"":0,""category"":""Food"",""yield_qty"":""0"",""discount_application"":""B"",""pricing_method"":""0"",""container_weight"":0,""net_weight"":""4"",""gross_weight"":0,""tax_type"":0,""excise_duty"":0,""tax1_label"":""CGST"",""tax2_label"":""SGST"",""tax3_label"":""IGST""},{""prev_price"":""49.000000"",""item_id"":""46281823"",""itemname"":""Macaroni Pasta 500gm"",""qty"":3,""price"":49,""amount"":147,""discount"":""0.000"",""lbl_unit"":""Qty"",""unit"":""4907684"",""description"":"""",""hsn_code"":"""",""weighted_price"":49,""invoice_date"":""2026-07-07"",""sap_code"":"""",""purchase_doc_number"":"""",""purchase_invoice_number"":"""",""tax1"":0,""tax2"":0,""tax3"":0,""tax1_amount"":0,""tax2_amount"":0,""tax3_amount"":0,""expiry_date"":"""",""manufacturing_date"":"""",""actual_qty"":""3.000"",""actual_unit_id"":""2418165"",""actual_unit_name"":""Qty"",""sap_group_master_id"":0,""category"":""Food"",""yield_qty"":""0"",""discount_application"":""B"",""container_weight"":0,""net_weight"":""3"",""gross_weight"":0,""tax_type"":0,""excise_duty"":0,""tax1_label"":""CGST"",""tax2_label"":""SGST"",""tax3_label"":""IGST""},{""prev_price"":""150.000000"",""item_id"":""46281609"",""itemname"":""Farfalle Pasta 500gm"",""qty"":2,""price"":150,""amount"":300,""discount"":""0.000"",""lbl_unit"":""Qty"",""unit"":""4907684"",""description"":"""",""hsn_code"":"""",""weighted_price"":150,""invoice_date"":""2026-07-07"",""sap_code"":"""",""purchase_doc_number"":"""",""purchase_invoice_number"":"""",""tax1"":0,""tax2"":0,""tax3"":0,""tax1_amount"":0,""tax2_amount"":0,""tax3_amount"":0,""expiry_date"":"""",""manufacturing_date"":"""",""actual_qty"":""2.000"",""actual_unit_id"":""2418165"",""actual_unit_name"":""Qty"",""sap_group_master_id"":0,""category"":""Food"",""yield_qty"":""0"",""discount_application"":""B"",""pricing_method"":""0"",""container_weight"":0,""net_weight"":""2"",""gross_weight"":0,""tax_type"":0,""excise_duty"":0,""tax1_label"":""CGST"",""tax2_label"":""SGST"",""tax3_label"":""IGST""},{""prev_price"":""16.100000"",""item_id"":""46281929"",""itemname"":""Synthetic Vinegar 650ml"",""qty"":12,""price"":16.1,""amount"":193.2,""discount"":""0.000"",""lbl_unit"":""Qty"",""unit"":""4907684"",""description"":"""",""hsn_code"":"""",""weighted_price"":16.1,""invoice_date"":""2026-07-07"",""sap_code"":"""",""purchase_doc_number"":"""",""purchase_invoice_number"":"""",""tax1"":0,""tax2"":0,""tax3"":0,""tax1_amount"":0,""tax2_amount"":0,""tax3_amount"":0,""expiry_date"":"""",""manufacturing_date"":"""",""actual_qty"":""12.000"",""actual_unit_id"":""2418165"",""actual_unit_name"":""Qty"",""sap_group_master_id"":0,""category"":""Food"",""yield_qty"":""0"",""discount_application"":""B"",""container_weight"":0,""net_weight"":""12"",""gross_weight"":0,""tax_type"":0,""excise_duty"":0,""tax1_label"":""CGST"",""tax2_label"":""SGST"",""tax3_label"":""IGST""}]",[],0,0,,,[],[],,,,,,,,,,,,,,,,,,,,,,,,,,,,,,,,,,,,,,,,,,,,,,,,,,,,,,,,,,,,,,,,,,,,,,,,,,,,,,,,,,,,,,,,,,,,,,,,,,,,,,,,,,,,,,,,,,,,,,,,,,,,,,,,,,,,,,,,,,,6a4f0212-2504-416d-8ff1-57ad3c009e87,60.0.158.135,,,,,,,,,,,,,,,,,,,,,,,,,,,,,,,,,,,,,,,,,,,,,,,,,,,,,,,,,,,,,,,,,,,,,,,,,,,,,,,,,,,,,,,,,,,,,,,,,,,,,,,,,,,,,,,,,,,,,,,,,,,,,,,,,,,,,,,,,,,,,,,,,,,,,,,,,,,,,,,,,,,,,,,,,,,,,,,,,,,,,,,,,,,,,,,,,,,,,,,,,,,,,,,,,,,,,,,,,,,,,,,,,,,,,,,,,,,,,,,,,,,,,,,,,,,,,,,,,,,,,,,,,,,,,,,,,,,,,,,,,,,,,,,,,,,,,,,,,,,,,,,,,,,,,,,,,,,,,,,,,,,,,,,,,,,,,,,,,,,,,,,,,,,,,,,,,,,,,,,,,,,,,,,,,,,,,,,,,,,,,,,,,,,,,,,,,,,,,,,,,,,,,,,,,,,,,,,,,,,,,,,,,,,,,,,,,,,,,,,,,,,,,,,,,,,,,,,,,,,,,,,,,,,,,,,,,,,,,,,,,,,,,,,,,,,,,,,,,,,,,,,,,,,,,,,,,,,,,,,,,,,,,,,,,,,,,,,,,,,,,,,,,,,,,,,,,,,,,,,,,,,,,,,,,,,,,,,,,,,,,,,,,,,,,,,,,,,,,,,,,,,,,,,,,
Surat Prep Kitchen,376017,134388768,Normal,,2595,INV-26y0707-0003,2026-07-07,497.5,0,Active,Unpaid,,497.5,0,0,0,0.00,0,0,0,0,2026-07-08 10:36:44,2026-07-10 16:43:09,891257,Supplier,,Surat,Surat Prep Kitchen,Gujarat,,"Gujarat Hira Bourse , Ichchapore",9016168269,,,,,Vr Agro,Supplier,rajmewara004@gmail.com,Gujarat,,"56 basement NSTM sardar ,market puna kumbahraiya road, surat -395010",7096748177,0,,,,,1,,,0,,"[{""prev_price"":""90.000000"",""item_id"":""46282718"",""itemname"":""Lemon"",""qty"":2.5,""price"":90,""amount"":225,""discount"":""0.000"",""lbl_unit"":""Kg"",""unit"":""4907667"",""description"":"""",""hsn_code"":"""",""weighted_price"":90,""invoice_date"":""2026-07-07"",""sap_code"":"""",""purchase_doc_number"":"""",""purchase_invoice_number"":"""",""tax1"":0,""tax2"":0,""tax3"":0,""tax1_amount"":0,""tax2_amount"":0,""tax3_amount"":0,""expiry_date"":"""",""manufacturing_date"":"""",""sap_group_master_id"":0,""category"":""Food"",""yield_qty"":""0"",""discount_application"":""B"",""container_weight"":0,""net_weight"":""2.5"",""gross_weight"":""2.5"",""tax_type"":0,""excise_duty"":0,""tax1_label"":""CGST"",""tax2_label"":""SGST"",""tax3_label"":""IGST""},{""prev_price"":""25.000000"",""item_id"":""46283211"",""itemname"":""Mint Leaves"",""qty"":1,""price"":25,""amount"":25,""discount"":""0.000"",""lbl_unit"":""Piece"",""unit"":""4907666"",""description"":"""",""hsn_code"":"""",""weighted_price"":25,""invoice_date"":""2026-07-07"",""sap_code"":"""",""purchase_doc_number"":"""",""purchase_invoice_number"":"""",""tax1"":0,""tax2"":0,""tax3"":0,""tax1_amount"":0,""tax2_amount"":0,""tax3_amount"":0,""expiry_date"":"""",""manufacturing_date"":"""",""sap_group_master_id"":0,""category"":""Food"",""yield_qty"":""0"",""discount_application"":""B"",""container_weight"":0,""net_weight"":""1"",""gross_weight"":""1"",""tax_type"":0,""excise_duty"":0,""tax1_label"":""CGST"",""tax2_label"":""SGST"",""tax3_label"":""IGST""},{""prev_price"":""120.000000"",""item_id"":""46283365"",""itemname"":""Coriander"",""qty"":0.5,""price"":120,""amount"":60,""discount"":""0.000"",""lbl_unit"":""Kg"",""unit"":""4907667"",""description"":"""",""hsn_code"":"""",""weighted_price"":120,""invoice_date"":""2026-07-07"",""sap_code"":"""",""purchase_doc_number"":"""",""purchase_invoice_number"":"""",""tax1"":0,""tax2"":0,""tax3"":0,""tax1_amount"":0,""tax2_amount"":0,""tax3_amount"":0,""expiry_date"":"""",""manufacturing_date"":"""",""sap_group_master_id"":0,""category"":""Food"",""rmconv_qty"":""1000"",""rmconv_qty_total"":500,""rmconv_unit_id"":""4907673"",""rmconv_unit"":""GM"",""yield_qty"":""0"",""discount_application"":""B"",""container_weight"":0,""net_weight"":""0.5"",""gross_weight"":""0.5"",""tax_type"":0,""excise_duty"":0,""tax1_label"":""CGST"",""tax2_label"":""SGST"",""tax3_label"":""IGST""},{""prev_price"":""95.000000"",""item_id"":""46282817"",""itemname"":""Spring Onion ."",""qty"":1,""price"":95,""amount"":95,""discount"":""0.000"",""lbl_unit"":""Kg"",""unit"":""4907667"",""description"":"""",""hsn_code"":"""",""weighted_price"":95,""invoice_date"":""2026-07-07"",""sap_code"":"""",""purchase_doc_number"":"""",""purchase_invoice_number"":"""",""tax1"":0,""tax2"":0,""tax3"":0,""tax1_amount"":0,""tax2_amount"":0,""tax3_amount"":0,""expiry_date"":"""",""manufacturing_date"":"""",""sap_group_master_id"":0,""category"":""Food"",""rmconv_qty"":""1000"",""rmconv_qty_total"":1000,""rmconv_unit_id"":""4907673"",""rmconv_unit"":""GM"",""yield_qty"":""0"",""discount_application"":""B"",""container_weight"":0,""net_weight"":""1"",""gross_weight"":""1"",""tax_type"":0,""excise_duty"":0,""tax1_label"":""CGST"",""tax2_label"":""SGST"",""tax3_label"":""IGST""},{""prev_price"":""185.000000"",""item_id"":""46283369"",""itemname"":""Ginger."",""qty"":0.5,""price"":185,""amount"":92.5,""discount"":""0.000"",""lbl_unit"":""Kg"",""unit"":""4907667"",""description"":"""",""hsn_code"":"""",""weighted_price"":185,""invoice_date"":""2026-07-07"",""sap_code"":"""",""purchase_doc_number"":"""",""purchase_invoice_number"":"""",""tax1"":0,""tax2"":0,""tax3"":0,""tax1_amount"":0,""tax2_amount"":0,""tax3_amount"":0,""expiry_date"":"""",""manufacturing_date"":"""",""sap_group_master_id"":0,""category"":""Food"",""rmconv_qty"":""1000"",""rmconv_qty_total"":500,""rmconv_unit_id"":""4907673"",""rmconv_unit"":""GM"",""yield_qty"":""0"",""discount_application"":""B"",""container_weight"":0,""net_weight"":""0.5"",""gross_weight"":""0.5"",""tax_type"":0,""excise_duty"":0,""tax1_label"":""CGST"",""tax2_label"":""SGST"",""tax3_label"":""IGST""}]",[],0,0,,,[],[],,,,,,,1,,,,,,,,,,,,,,,,,,,,,,,,,,,,,,,,,,,,,,,,,,,,,,,,,,,,,,,,,,,,,,,,,,,,,,,,,,,,,,,,,,,,,,,,,,,,,,,,,,,,,,,,,,,,,,,,,,,,,,,,,,,,,,,,,,,,,,6a4ddaa9-8a74-4461-97be-09ff3c008164,6a50d3bc-e170-450b-a557-6dd33c008b9b,60.0.158.135,60.0.158.135,,,,,,,,,,,,,,,,,,,,,,,,,,,,,,,,,,,,,,,,,,,,,,,,,,,,,,,,,,,,,,,,,,,,,,,,,,,,,,,,,,,,,,,,,,,,,,,,,,,,,,,,,,,,,,,,,,,,,,,,,,,,,,,,,,,,,,,,,,,,,,,,,,,,,,,,,,,,,,,,,,,,,,,,,,,,,,,,,,,,,,,,,,,,,,,,,,,,,,,,,,,,,,,,,,,,,,,,,,,,,,,,,,,,,,,,,,,,,,,,,,,,,,,,,,,,,,,,,,,,,,,,,,,,,,,,,,,,,,,,,,,,,,,,,,,,,,,,,,,,,,,,,,,,,,,,,,,,,,,,,,,,,,,,,,,,,,,,,,,,,,,,,,,,,,,,,,,,,,,,,,,,,,,,,,,,,,,,,,,,,,,,,,,,,,,,,,,,,,,,,,,,,,,,,,,,,,,,,,,,,,,,,,,,,,,,,,,,,,,,,,,,,,,,,,,,,,,,,,,,,,,,,,,,,,,,,,,,,,,,,,,,,,,,,,,,,,,,,,,,,,,,,,,,,,,,,,,,,,,,,,,,,,,,,,,,,,,,,,,,,,,,,,,,,,,,,,,,,,,,,,,,,,,,,,,,,,,,,,,,,,,,,,,,,,,,,,,,,,,,,,,,,
Surat Prep Kitchen,376017,134388653,Normal,,2594,INV-26y0707-0004,2026-07-07,497.5,0,Active,Unpaid,,497.5,0,0,0,0.00,0,0,0,0,2026-07-08 10:35:19,2026-07-10 16:42:44,891257,Supplier,,Surat,Surat Prep Kitchen,Gujarat,,"Gujarat Hira Bourse , Ichchapore",9016168269,,,,,Vr Agro,Supplier,rajmewara004@gmail.com,Gujarat,,"56 basement NSTM sardar ,market puna kumbahraiya road, surat -395010",7096748177,0,,,,,1,,,0,,"[{""prev_price"":""25.000000"",""item_id"":""46283211"",""itemname"":""Mint Leaves"",""qty"":1,""price"":25,""amount"":25,""discount"":""0.000"",""lbl_unit"":""Piece"",""unit"":""4907666"",""description"":"""",""hsn_code"":"""",""weighted_price"":25,""invoice_date"":""2026-07-07"",""sap_code"":"""",""purchase_doc_number"":"""",""purchase_invoice_number"":"""",""tax1"":0,""tax2"":0,""tax3"":0,""tax1_amount"":0,""tax2_amount"":0,""tax3_amount"":0,""expiry_date"":"""",""manufacturing_date"":"""",""sap_group_master_id"":0,""category"":""Food"",""yield_qty"":""0"",""discount_application"":""B"",""container_weight"":0,""net_weight"":""1"",""gross_weight"":""1"",""tax_type"":0,""excise_duty"":0,""tax1_label"":""CGST"",""tax2_label"":""SGST"",""tax3_label"":""IGST""},{""prev_price"":""90.000000"",""item_id"":""46282718"",""itemname"":""Lemon"",""qty"":2.5,""price"":90,""amount"":225,""discount"":""0.000"",""lbl_unit"":""Kg"",""unit"":""4907667"",""description"":"""",""hsn_code"":"""",""weighted_price"":90,""invoice_date"":""2026-07-07"",""sap_code"":"""",""purchase_doc_number"":"""",""purchase_invoice_number"":"""",""tax1"":0,""tax2"":0,""tax3"":0,""tax1_amount"":0,""tax2_amount"":0,""tax3_amount"":0,""expiry_date"":"""",""manufacturing_date"":"""",""sap_group_master_id"":0,""category"":""Food"",""yield_qty"":""0"",""discount_application"":""B"",""container_weight"":0,""net_weight"":""2.5"",""gross_weight"":""2.5"",""tax_type"":0,""excise_duty"":0,""tax1_label"":""CGST"",""tax2_label"":""SGST"",""tax3_label"":""IGST""},{""prev_price"":""120.000000"",""item_id"":""46283365"",""itemname"":""Coriander"",""qty"":0.5,""price"":120,""amount"":60,""discount"":""0.000"",""lbl_unit"":""Kg"",""unit"":""4907667"",""description"":"""",""hsn_code"":"""",""weighted_price"":120,""invoice_date"":""2026-07-07"",""sap_code"":"""",""purchase_doc_number"":"""",""purchase_invoice_number"":"""",""tax1"":0,""tax2"":0,""tax3"":0,""tax1_amount"":0,""tax2_amount"":0,""tax3_amount"":0,""expiry_date"":"""",""manufacturing_date"":"""",""sap_group_master_id"":0,""category"":""Food"",""rmconv_qty"":""1000"",""rmconv_qty_total"":500,""rmconv_unit_id"":""4907673"",""rmconv_unit"":""GM"",""yield_qty"":""0"",""discount_application"":""B"",""container_weight"":0,""net_weight"":""0.5"",""gross_weight"":""0.5"",""tax_type"":0,""excise_duty"":0,""tax1_label"":""CGST"",""tax2_label"":""SGST"",""tax3_label"":""IGST""},{""prev_price"":""95.000000"",""item_id"":""46282817"",""itemname"":""Spring Onion ."",""qty"":1,""price"":95,""amount"":95,""discount"":""0.000"",""lbl_unit"":""Kg"",""unit"":""4907667"",""description"":"""",""hsn_code"":"""",""weighted_price"":95,""invoice_date"":""2026-07-07"",""sap_code"":"""",""purchase_doc_number"":"""",""purchase_invoice_number"":"""",""tax1"":0,""tax2"":0,""tax3"":0,""tax1_amount"":0,""tax2_amount"":0,""tax3_amount"":0,""expiry_date"":"""",""manufacturing_date"":"""",""sap_group_master_id"":0,""category"":""Food"",""rmconv_qty"":""1000"",""rmconv_qty_total"":1000,""rmconv_unit_id"":""4907673"",""rmconv_unit"":""GM"",""yield_qty"":""0"",""discount_application"":""B"",""container_weight"":0,""net_weight"":""1"",""gross_weight"":""1"",""tax_type"":0,""excise_duty"":0,""tax1_label"":""CGST"",""tax2_label"":""SGST"",""tax3_label"":""IGST""},{""prev_price"":""185.000000"",""item_id"":""46283369"",""itemname"":""Ginger."",""qty"":0.5,""price"":185,""amount"":92.5,""discount"":""0.000"",""lbl_unit"":""Kg"",""unit"":""4907667"",""description"":"""",""hsn_code"":"""",""weighted_price"":185,""invoice_date"":""2026-07-07"",""sap_code"":"""",""purchase_doc_number"":"""",""purchase_invoice_number"":"""",""tax1"":0,""tax2"":0,""tax3"":0,""tax1_amount"":0,""tax2_amount"":0,""tax3_amount"":0,""expiry_date"":"""",""manufacturing_date"":"""",""sap_group_master_id"":0,""category"":""Food"",""rmconv_qty"":""1000"",""rmconv_qty_total"":500,""rmconv_unit_id"":""4907673"",""rmconv_unit"":""GM"",""yield_qty"":""0"",""discount_application"":""B"",""container_weight"":0,""net_weight"":""0.5"",""gross_weight"":""0.5"",""tax_type"":0,""excise_duty"":0,""tax1_label"":""CGST"",""tax2_label"":""SGST"",""tax3_label"":""IGST""}]",[],0,0,,,[],[],,,,,,,1,,,,,,,,,,,,,,,,,,,,,,,,,,,,,,,,,,,,,,,,,,,,,,,,,,,,,,,,,,,,,,,,,,,,,,,,,,,,,,,,,,,,,,,,,,,,,,,,,,,,,,,,,,,,,,,,,,,,,,,,,,,,,,,,,,,,,,,,,,6a4dda50-2490-46cb-aacb-46a33c008a98,6a50d3a3-99c4-4472-a159-09cd3c009e87,60.0.129.100,60.0.130.163,,,,,,,,,,,,,,,,,,,,,,,,,,,,,,,,,,,,,,,,,,,,,,,,,,,,,,,,,,,,,,,,,,,,,,,,,,,,,,,,,,,,,,,,,,,,,,,,,,,,,,,,,,,,,,,,,,,,,,,,,,,,,,,,,,,,,,,,,,,,,,,,,,,,,,,,,,,,,,,,,,,,,,,,,,,,,,,,,,,,,,,,,,,,,,,,,,,,,,,,,,,,,,,,,,,,,,,,,,,,,,,,,,,,,,,,,,,,,,,,,,,,,,,,,,,,,,,,,,,,,,,,,,,,,,,,,,,,,,,,,,,,,,,,,,,,,,,,,,,,,,,,,,,,,,,,,,,,,,,,,,,,,,,,,,,,,,,,,,,,,,,,,,,,,,,,,,,,,,,,,,,,,,,,,,,,,,,,,,,,,,,,,,,,,,,,,,,,,,,,,,,,,,,,,,,,,,,,,,,,,,,,,,,,,,,,,,,,,,,,,,,,,,,,,,,,,,,,,,,,,,,,,,,,,,,,,,,,,,,,,,,,,,,,,,,,,,,,,,,,,,,,,,,,,,,,,,,,,,,,,,,,,,,,,,,,,,,,,,,,,,,,,,,,,,,,,,,,,,,,,,,,,,,,,,,,,,,,,,,,,,,,,,,,,,,,,,,,,,,,,
Surat Prep Kitchen,376017,134388111,Normal,,2593,INV-26y0707-0005,2026-07-07,1709,0,Active,Unpaid,,1709,0,0,0,0.00,0,0,0,0,2026-07-08 10:30:04,2026-07-10 16:42:15,891257,Supplier,,Surat,Surat Prep Kitchen,Gujarat,,"Gujarat Hira Bourse , Ichchapore",9016168269,,,,,Vr Agro,Supplier,rajmewara004@gmail.com,Gujarat,,"56 basement NSTM sardar ,market puna kumbahraiya road, surat -395010",7096748177,0,,,,,1,,,0,,"[{""prev_price"":""95.000000"",""item_id"":""46282817"",""itemname"":""Spring Onion ."",""qty"":1,""price"":95,""amount"":95,""discount"":""0.000"",""lbl_unit"":""Kg"",""unit"":""4907667"",""description"":"""",""hsn_code"":"""",""weighted_price"":95,""invoice_date"":""2026-07-07"",""sap_code"":"""",""purchase_doc_number"":"""",""purchase_invoice_number"":"""",""tax1"":0,""tax2"":0,""tax3"":0,""tax1_amount"":0,""tax2_amount"":0,""tax3_amount"":0,""expiry_date"":"""",""manufacturing_date"":"""",""sap_group_master_id"":0,""category"":""Food"",""rmconv_qty"":""1000"",""rmconv_qty_total"":1000,""rmconv_unit_id"":""4907673"",""rmconv_unit"":""GM"",""yield_qty"":""0"",""discount_application"":""B"",""container_weight"":0,""net_weight"":""1"",""gross_weight"":""1"",""tax_type"":0,""excise_duty"":0,""tax1_label"":""CGST"",""tax2_label"":""SGST"",""tax3_label"":""IGST""},{""prev_price"":""240.000000"",""item_id"":""46283370"",""itemname"":""Peeled Garlic."",""qty"":5,""price"":240,""amount"":1200,""discount"":""0.000"",""lbl_unit"":""Kg"",""unit"":""4907667"",""description"":"""",""hsn_code"":"""",""weighted_price"":240,""invoice_date"":""2026-07-07"",""sap_code"":"""",""purchase_doc_number"":"""",""purchase_invoice_number"":"""",""tax1"":0,""tax2"":0,""tax3"":0,""tax1_amount"":0,""tax2_amount"":0,""tax3_amount"":0,""expiry_date"":"""",""manufacturing_date"":"""",""sap_group_master_id"":0,""category"":""Food"",""rmconv_qty"":""1000"",""rmconv_qty_total"":5000,""rmconv_unit_id"":""4907673"",""rmconv_unit"":""GM"",""yield_qty"":""0"",""discount_application"":""B"",""container_weight"":0,""net_weight"":""5"",""gross_weight"":""5"",""tax_type"":0,""excise_duty"":0,""tax1_label"":""CGST"",""tax2_label"":""SGST"",""tax3_label"":""IGST""},{""prev_price"":""185.000000"",""item_id"":""46283369"",""itemname"":""Ginger."",""qty"":1,""price"":185,""amount"":185,""discount"":""0.000"",""lbl_unit"":""Kg"",""unit"":""4907667"",""description"":"""",""hsn_code"":"""",""weighted_price"":185,""invoice_date"":""2026-07-07"",""sap_code"":"""",""purchase_doc_number"":"""",""purchase_invoice_number"":"""",""tax1"":0,""tax2"":0,""tax3"":0,""tax1_amount"":0,""tax2_amount"":0,""tax3_amount"":0,""expiry_date"":"""",""manufacturing_date"":"""",""sap_group_master_id"":0,""category"":""Food"",""rmconv_qty"":""1000"",""rmconv_qty_total"":1000,""rmconv_unit_id"":""4907673"",""rmconv_unit"":""GM"",""yield_qty"":""0"",""discount_application"":""B"",""container_weight"":0,""net_weight"":""1"",""gross_weight"":""1"",""tax_type"":0,""excise_duty"":0,""tax1_label"":""CGST"",""tax2_label"":""SGST"",""tax3_label"":""IGST""},{""prev_price"":""57.000000"",""item_id"":""46282818"",""itemname"":""Tomato"",""qty"":2,""price"":57,""amount"":114,""discount"":""0.000"",""lbl_unit"":""Kg"",""unit"":""4907667"",""description"":"""",""hsn_code"":"""",""weighted_price"":57,""invoice_date"":""2026-07-07"",""sap_code"":"""",""purchase_doc_number"":"""",""purchase_invoice_number"":"""",""tax1"":0,""tax2"":0,""tax3"":0,""tax1_amount"":0,""tax2_amount"":0,""tax3_amount"":0,""expiry_date"":"""",""manufacturing_date"":"""",""sap_group_master_id"":0,""category"":""Food"",""rmconv_qty"":""1000"",""rmconv_qty_total"":2000,""rmconv_unit_id"":""4907673"",""rmconv_unit"":""GM"",""yield_qty"":""0"",""discount_application"":""B"",""container_weight"":0,""net_weight"":""2"",""gross_weight"":""2"",""tax_type"":0,""excise_duty"":0,""tax1_label"":""CGST"",""tax2_label"":""SGST"",""tax3_label"":""IGST""},{""prev_price"":""30.000000"",""item_id"":""46283340"",""itemname"":""Cabbage"",""qty"":1,""price"":30,""amount"":30,""discount"":""0.000"",""lbl_unit"":""Kg"",""unit"":""4907667"",""description"":"""",""hsn_code"":"""",""weighted_price"":30,""invoice_date"":""2026-07-07"",""sap_code"":"""",""purchase_doc_number"":"""",""purchase_invoice_number"":"""",""tax1"":0,""tax2"":0,""tax3"":0,""tax1_amount"":0,""tax2_amount"":0,""tax3_amount"":0,""expiry_date"":"""",""manufacturing_date"":"""",""sap_group_master_id"":0,""category"":""Food"",""yield_qty"":""0"",""discount_application"":""B"",""container_weight"":0,""net_weight"":""1"",""gross_weight"":""1"",""tax_type"":0,""excise_duty"":0,""tax1_label"":""CGST"",""tax2_label"":""SGST"",""tax3_label"":""IGST""},{""prev_price"":""25.000000"",""item_id"":""46283211"",""itemname"":""Mint Leaves"",""qty"":1,""price"":25,""amount"":25,""discount"":""0.000"",""lbl_unit"":""Piece"",""unit"":""4907666"",""description"":"""",""hsn_code"":"""",""weighted_price"":25,""invoice_date"":""2026-07-07"",""sap_code"":"""",""purchase_doc_number"":"""",""purchase_invoice_number"":"""",""tax1"":0,""tax2"":0,""tax3"":0,""tax1_amount"":0,""tax2_amount"":0,""tax3_amount"":0,""expiry_date"":"""",""manufacturing_date"":"""",""sap_group_master_id"":0,""category"":""Food"",""yield_qty"":""0"",""discount_application"":""B"",""container_weight"":0,""net_weight"":""1"",""gross_weight"":""1"",""tax_type"":0,""excise_duty"":0,""tax1_label"":""CGST"",""tax2_label"":""SGST"",""tax3_label"":""IGST""},{""prev_price"":""120.000000"",""item_id"":""46283365"",""itemname"":""Coriander"",""qty"":0.5,""price"":120,""amount"":60,""discount"":""0.000"",""lbl_unit"":""Kg"",""unit"":""4907667"",""description"":"""",""hsn_code"":"""",""weighted_price"":120,""invoice_date"":""2026-07-07"",""sap_code"":"""",""purchase_doc_number"":"""",""purchase_invoice_number"":"""",""tax1"":0,""tax2"":0,""tax3"":0,""tax1_amount"":0,""tax2_amount"":0,""tax3_amount"":0,""expiry_date"":"""",""manufacturing_date"":"""",""sap_group_master_id"":0,""category"":""Food"",""rmconv_qty"":""1000"",""rmconv_qty_total"":500,""rmconv_unit_id"":""4907673"",""rmconv_unit"":""GM"",""yield_qty"":""0"",""discount_application"":""B"",""container_weight"":0,""net_weight"":""0.5"",""gross_weight"":""0.5"",""tax_type"":0,""excise_duty"":0,""tax1_label"":""CGST"",""tax2_label"":""SGST"",""tax3_label"":""IGST""}]",[],0,0,,,[],[],,,,,,,1,,,,,,,,,,,,,,,,,,,,,,,,,,,,,,,,,,,,,,,,,,,,,,,,,,,,,,,,,,,,,,,,,,,,,,,,,,,,,,,,,,,,,,,,,,,,,,,,,,,,,,,,,,,,,,,,,,,,,,,,,,,,,,,,,,,,,,,,,,,,,,6a4dd8f4-7190-4037-b78d-09143c008164,6a50d386-82f0-46f5-95ad-0ab63c009e87,60.0.138.152,60.0.158.135,,,,,,,,,,,,,,,,,,,,,,,,,,,,,,,,,,,,,,,,,,,,,,,,,,,,,,,,,,,,,,,,,,,,,,,,,,,,,,,,,,,,,,,,,,,,,,,,,,,,,,,,,,,,,,,,,,,,,,,,,,,,,,,,,,,,,,,,,,,,,,,,,,,,,,,,,,,,,,,,,,,,,,,,,,,,,,,,,,,,,,,,,,,,,,,,,,,,,,,,,,,,,,,,,,,,,,,,,,,,,,,,,,,,,,,,,,,,,,,,,,,,,,,,,,,,,,,,,,,,,,,,,,,,,,,,,,,,,,,,,,,,,,,,,,,,,,,,,,,,,,,,,,,,,,,,,,,,,,,,,,,,,,,,,,,,,,,,,,,,,,,,,,,,,,,,,,,,,,,,,,,,,,,,,,,,,,,,,,,,,,,,,,,,,,,,,,,,,,,,,,,,,,,,,,,,,,,,,,,,,,,,,,,,,,,,,,,,,,,,,,,,,,,,,,,,,,,,,,,,,,,,,,,,,,,,,,,,,,,,,,,,,,,,,,,,,,,,,,,,,,,,,,,,,,,,,,,,,,,,,,,,,,,,,,,,,,,,,,,,,,,,,,,,,,,,,,,,,,,,,,,,,,,,,,,,,,,,,,,,,,,,,,,,,,,,,,,,,
Surat Prep Kitchen,376017,134387797,Normal,,2592,INV-26y0707-0020,2026-07-07,3190,0,Active,Unpaid,,3190,0,0,0,0.00,0,0,0,0,2026-07-08 10:25:20,2026-07-10 16:41:55,891257,Supplier,,Surat,Surat Prep Kitchen,Gujarat,,"Gujarat Hira Bourse , Ichchapore",9016168269,,,,,Vr Agro,Supplier,rajmewara004@gmail.com,Gujarat,,"56 basement NSTM sardar ,market puna kumbahraiya road, surat -395010",7096748177,0,,,,,1,,,0,,"[{""prev_price"":""130.000000"",""item_id"":""46282699"",""itemname"":""Pineapple"",""qty"":20,""price"":130,""amount"":2600,""discount"":""0.000"",""lbl_unit"":""pcs"",""unit"":""5165360"",""description"":"""",""hsn_code"":"""",""weighted_price"":130,""invoice_date"":""2026-07-07"",""sap_code"":"""",""purchase_doc_number"":"""",""purchase_invoice_number"":"""",""tax1"":0,""tax2"":0,""tax3"":0,""tax1_amount"":0,""tax2_amount"":0,""tax3_amount"":0,""expiry_date"":"""",""manufacturing_date"":"""",""sap_group_master_id"":0,""category"":""Food"",""yield_qty"":""0"",""discount_application"":""B"",""container_weight"":0,""net_weight"":""20"",""gross_weight"":""20"",""tax_type"":0,""excise_duty"":0,""tax1_label"":""CGST"",""tax2_label"":""SGST"",""tax3_label"":""IGST""},{""prev_price"":""180.000000"",""item_id"":""46283199"",""itemname"":""Lotus Roots"",""qty"":3,""price"":180,""amount"":540,""discount"":""0.000"",""lbl_unit"":""Kg"",""unit"":""4907667"",""description"":"""",""hsn_code"":"""",""weighted_price"":180,""invoice_date"":""2026-07-07"",""sap_code"":"""",""purchase_doc_number"":"""",""purchase_invoice_number"":"""",""tax1"":0,""tax2"":0,""tax3"":0,""tax1_amount"":0,""tax2_amount"":0,""tax3_amount"":0,""expiry_date"":"""",""manufacturing_date"":"""",""sap_group_master_id"":0,""category"":""Food"",""rmconv_qty"":""1000"",""rmconv_qty_total"":3000,""rmconv_unit_id"":""4907673"",""rmconv_unit"":""GM"",""yield_qty"":""0"",""discount_application"":""B"",""container_weight"":0,""net_weight"":""3"",""gross_weight"":""3"",""tax_type"":0,""excise_duty"":0,""tax1_label"":""CGST"",""tax2_label"":""SGST"",""tax3_label"":""IGST""},{""prev_price"":""25.000000"",""item_id"":""46283211"",""itemname"":""Mint Leaves"",""qty"":2,""price"":25,""amount"":50,""discount"":""0.000"",""lbl_unit"":""Piece"",""unit"":""4907666"",""description"":"""",""hsn_code"":"""",""weighted_price"":25,""invoice_date"":""2026-07-07"",""sap_code"":"""",""purchase_doc_number"":"""",""purchase_invoice_number"":"""",""tax1"":0,""tax2"":0,""tax3"":0,""tax1_amount"":0,""tax2_amount"":0,""tax3_amount"":0,""expiry_date"":"""",""manufacturing_date"":"""",""sap_group_master_id"":0,""category"":""Food"",""yield_qty"":""0"",""discount_application"":""B"",""container_weight"":0,""net_weight"":""2"",""gross_weight"":""2"",""tax_type"":0,""excise_duty"":0,""tax1_label"":""CGST"",""tax2_label"":""SGST"",""tax3_label"":""IGST""}]",[],0,0,,,[],[],,,,,,,1,,,,,,,,,,,,,,,,,,,,,,,,,,,,,,,,,,,,,,,,,,,,,,,,,,,,,,,,,,,,,,,,,,,,,,,,,,,,,,,,,,,,,,,,,,,,,,,,,,,,,,,,,,,,,,,,,,,,,,,,,,,,,,,,,,,,,,,,,,,,,,,,,,6a4dd7e7-b834-4765-a668-11483c009e87,6a50d370-034c-4464-a15a-0bf73c009e87,60.0.138.152,60.0.130.163,,,,,,,,,,,,,,,,,,,,,,,,,,,,,,,,,,,,,,,,,,,,,,,,,,,,,,,,,,,,,,,,,,,,,,,,,,,,,,,,,,,,,,,,,,,,,,,,,,,,,,,,,,,,,,,,,,,,,,,,,,,,,,,,,,,,,,,,,,,,,,,,,,,,,,,,,,,,,,,,,,,,,,,,,,,,,,,,,,,,,,,,,,,,,,,,,,,,,,,,,,,,,,,,,,,,,,,,,,,,,,,,,,,,,,,,,,,,,,,,,,,,,,,,,,,,,,,,,,,,,,,,,,,,,,,,,,,,,,,,,,,,,,,,,,,,,,,,,,,,,,,,,,,,,,,,,,,,,,,,,,,,,,,,,,,,,,,,,,,,,,,,,,,,,,,,,,,,,,,,,,,,,,,,,,,,,,,,,,,,,,,,,,,,,,,,,,,,,,,,,,,,,,,,,,,,,,,,,,,,,,,,,,,,,,,,,,,,,,,,,,,,,,,,,,,,,,,,,,,,,,,,,,,,,,,,,,,,,,,,,,,,,,,,,,,,,,,,,,,,,,,,,,,,,,,,,,,,,,,,,,,,,,,,,,,,,,,,,,,,,,,,,,,,,,,,,,,,,,,,,,,,,,,,,,,,,,,,,,,,,,,,,,,,,,,,,
Surat Prep Kitchen,376017,134387430,Normal,,2591,F3995,2026-07-07,1791,0,Active,Unpaid,,1791,0,0,0,0.00,0,0,0,0,2026-07-08 10:19:29,2026-07-10 16:04:13,1014167,Supplier,,Surat,Surat Prep Kitchen,Gujarat,,"Gujarat Hira Bourse , Ichchapore",9016168269,,,,,Fresh N Local,Supplier,,Gujarat,,,9825122870,0,,,,,1,,,0,,"[{""prev_price"":""0.000000"",""item_id"":""46283364"",""itemname"":""Bokchoy"",""qty"":0.8,""price"":120,""amount"":96,""discount"":""0.000"",""lbl_unit"":""Kg"",""unit"":""4907667"",""description"":"""",""hsn_code"":"""",""weighted_price"":120,""invoice_date"":""2026-07-07"",""sap_code"":"""",""purchase_doc_number"":"""",""purchase_invoice_number"":"""",""tax1"":0,""tax2"":0,""tax3"":0,""tax1_amount"":0,""tax2_amount"":0,""tax3_amount"":0,""expiry_date"":"""",""manufacturing_date"":"""",""sap_group_master_id"":0,""category"":""Food"",""rmconv_qty"":""1000"",""rmconv_qty_total"":800,""rmconv_unit_id"":""4907673"",""rmconv_unit"":""GM"",""yield_qty"":""0"",""discount_application"":""B"",""container_weight"":0,""net_weight"":""0.8"",""gross_weight"":0,""tax_type"":0,""excise_duty"":0,""tax1_label"":""CGST"",""tax2_label"":""SGST"",""tax3_label"":""IGST""},{""prev_price"":""120.000000"",""item_id"":""46282888"",""itemname"":""Bhavnagari Red Chilli"",""qty"":1,""price"":120,""amount"":120,""discount"":""0.000"",""lbl_unit"":""Kg"",""unit"":""4907667"",""description"":"""",""hsn_code"":"""",""weighted_price"":120,""invoice_date"":""2026-07-07"",""sap_code"":"""",""purchase_doc_number"":"""",""purchase_invoice_number"":"""",""tax1"":0,""tax2"":0,""tax3"":0,""tax1_amount"":0,""tax2_amount"":0,""tax3_amount"":0,""expiry_date"":"""",""manufacturing_date"":"""",""sap_group_master_id"":0,""category"":""Food"",""rmconv_qty"":""1000"",""rmconv_qty_total"":1000,""rmconv_unit_id"":""4907673"",""rmconv_unit"":""GM"",""yield_qty"":""0"",""discount_application"":""B"",""container_weight"":0,""net_weight"":""1"",""gross_weight"":""1"",""tax_type"":0,""excise_duty"":0,""tax1_label"":""CGST"",""tax2_label"":""SGST"",""tax3_label"":""IGST""},{""prev_price"":""157.142857"",""item_id"":""46283158"",""itemname"":""Chinese Cabbage"",""qty"":1.4,""price"":157.142857,""amount"":220,""discount"":""0.000"",""lbl_unit"":""Kg"",""unit"":""4907667"",""description"":"""",""hsn_code"":"""",""weighted_price"":157.142857,""invoice_date"":""2026-07-07"",""sap_code"":"""",""purchase_doc_number"":"""",""purchase_invoice_number"":"""",""tax1"":0,""tax2"":0,""tax3"":0,""tax1_amount"":0,""tax2_amount"":0,""tax3_amount"":0,""expiry_date"":"""",""manufacturing_date"":"""",""sap_group_master_id"":0,""category"":""Food"",""rmconv_qty"":""1000"",""rmconv_qty_total"":1400,""rmconv_unit_id"":""4907673"",""rmconv_unit"":""GM"",""yield_qty"":""0"",""discount_application"":""B"",""container_weight"":0,""net_weight"":""1.4"",""gross_weight"":""1.4"",""tax_type"":0,""excise_duty"":0,""tax1_label"":""CGST"",""tax2_label"":""SGST"",""tax3_label"":""IGST""},{""prev_price"":""195.000000"",""item_id"":""46282720"",""itemname"":""Button Mushrooms"",""qty"":4,""price"":195,""amount"":780,""discount"":""0.000"",""lbl_unit"":""Kg"",""unit"":""4907667"",""description"":"""",""hsn_code"":"""",""weighted_price"":195,""invoice_date"":""2026-07-07"",""sap_code"":"""",""purchase_doc_number"":"""",""purchase_invoice_number"":"""",""tax1"":0,""tax2"":0,""tax3"":0,""tax1_amount"":0,""tax2_amount"":0,""tax3_amount"":0,""expiry_date"":"""",""manufacturing_date"":"""",""sap_group_master_id"":0,""category"":""Food"",""rmconv_qty"":""1000"",""rmconv_qty_total"":4000,""rmconv_unit_id"":""4907673"",""rmconv_unit"":""GM"",""yield_qty"":""0"",""discount_application"":""B"",""container_weight"":0,""net_weight"":""4"",""gross_weight"":""4"",""tax_type"":0,""excise_duty"":0,""tax1_label"":""CGST"",""tax2_label"":""SGST"",""tax3_label"":""IGST""},{""prev_price"":""450.000000"",""item_id"":""46283219"",""itemname"":""Fresh Jalepenos Green"",""qty"":0.3,""price"":450,""amount"":135,""discount"":""0.000"",""lbl_unit"":""Kg"",""unit"":""4907667"",""description"":"""",""hsn_code"":"""",""weighted_price"":450,""invoice_date"":""2026-07-07"",""sap_code"":"""",""purchase_doc_number"":"""",""purchase_invoice_number"":"""",""tax1"":0,""tax2"":0,""tax3"":0,""tax1_amount"":0,""tax2_amount"":0,""tax3_amount"":0,""expiry_date"":"""",""manufacturing_date"":"""",""sap_group_master_id"":0,""category"":""Food"",""rmconv_qty"":""1000"",""rmconv_qty_total"":300,""rmconv_unit_id"":""4907673"",""rmconv_unit"":""GM"",""yield_qty"":""0"",""discount_application"":""B"",""container_weight"":0,""net_weight"":""0.3"",""gross_weight"":""0.3"",""tax_type"":0,""excise_duty"":0,""tax1_label"":""CGST"",""tax2_label"":""SGST"",""tax3_label"":""IGST""},{""prev_price"":""240.000000"",""item_id"":""46282712"",""itemname"":""Red Bellpepper"",""qty"":1,""price"":240,""amount"":240,""discount"":""0.000"",""lbl_unit"":""Kg"",""unit"":""4907667"",""description"":"""",""hsn_code"":"""",""weighted_price"":240,""invoice_date"":""2026-07-07"",""sap_code"":"""",""purchase_doc_number"":"""",""purchase_invoice_number"":"""",""tax1"":0,""tax2"":0,""tax3"":0,""tax1_amount"":0,""tax2_amount"":0,""tax3_amount"":0,""expiry_date"":"""",""manufacturing_date"":"""",""sap_group_master_id"":0,""category"":""Food"",""rmconv_qty"":""1000"",""rmconv_qty_total"":1000,""rmconv_unit_id"":""4907673"",""rmconv_unit"":""GM"",""yield_qty"":""0"",""discount_application"":""B"",""container_weight"":0,""net_weight"":""1"",""gross_weight"":""1"",""tax_type"":0,""excise_duty"":0,""tax1_label"":""CGST"",""tax2_label"":""SGST"",""tax3_label"":""IGST""},{""prev_price"":""100.000000"",""item_id"":""46282721"",""itemname"":""Rocket /arugula Leaves"",""qty"":2,""price"":100,""amount"":200,""discount"":""0.000"",""lbl_unit"":""Kg"",""unit"":""4907667"",""description"":"""",""hsn_code"":"""",""weighted_price"":100,""invoice_date"":""2026-07-07"",""sap_code"":"""",""purchase_doc_number"":"""",""purchase_invoice_number"":"""",""tax1"":0,""tax2"":0,""tax3"":0,""tax1_amount"":0,""tax2_amount"":0,""tax3_amount"":0,""expiry_date"":"""",""manufacturing_date"":"""",""sap_group_master_id"":0,""category"":""Food"",""rmconv_qty"":""1000"",""rmconv_qty_total"":2000,""rmconv_unit_id"":""4907673"",""rmconv_unit"":""GM"",""yield_qty"":""0"",""discount_application"":""B"",""container_weight"":0,""net_weight"":""2"",""gross_weight"":""2"",""tax_type"":0,""excise_duty"":0,""tax1_label"":""CGST"",""tax2_label"":""SGST"",""tax3_label"":""IGST""}]",[],0,0,,,[],[],,,,,,,1,,,,,,,,,,,,,,,,,,,,,,,,,,,,,,,,,,,,,,,,,,,,,,,,,,,,,,,,,,,,,,,,,,,,,,,,,,,,,,,,,,,,,,,,,,,,,,,,,,,,,,,,,,,,,,,,,,,,,,,,,,,,,,,,,,,,,,,,,,,,,,,,,,,,,,6a4dd54b-79b0-4872-a6f7-40bf3c008a98,6a50ca25-995c-4c9c-9943-5dbc3c008b9b,6a50ca3d-a440-4559-84d5-5f083c008b9b,60.0.158.135,60.0.139.155,60.0.158.135,,,,,,,,,,,,,,,,,,,,,,,,,,,,,,,,,,,,,,,,,,,,,,,,,,,,,,,,,,,,,,,,,,,,,,,,,,,,,,,,,,,,,,,,,,,,,,,,,,,,,,,,,,,,,,,,,,,,,,,,,,,,,,,,,,,,,,,,,,,,,,,,,,,,,,,,,,,,,,,,,,,,,,,,,,,,,,,,,,,,,,,,,,,,,,,,,,,,,,,,,,,,,,,,,,,,,,,,,,,,,,,,,,,,,,,,,,,,,,,,,,,,,,,,,,,,,,,,,,,,,,,,,,,,,,,,,,,,,,,,,,,,,,,,,,,,,,,,,,,,,,,,,,,,,,,,,,,,,,,,,,,,,,,,,,,,,,,,,,,,,,,,,,,,,,,,,,,,,,,,,,,,,,,,,,,,,,,,,,,,,,,,,,,,,,,,,,,,,,,,,,,,,,,,,,,,,,,,,,,,,,,,,,,,,,,,,,,,,,,,,,,,,,,,,,,,,,,,,,,,,,,,,,,,,,,,,,,,,,,,,,,,,,,,,,,,,,,,,,,,,,,,,,,,,,,,,,,,,,,,,,,,,,,,,,,,,,,,,,,,,,,,,,,,,,,,,,,,,,,,,,,,,,,,,,,,,,,,,,,,,,,,,,,
Surat Prep Kitchen,376017,134249316,From Sales,117993786,116,,2026-07-06,483.2,0,Active,Unpaid,,483.2,0,0,0,0.00,0,0,0,0,2026-07-06 20:22:08,2026-07-06 20:22:08,117185,Kitchen,,Surat,Surat Prep Kitchen,Gujarat,,"Gujarat Hira Bourse , Ichchapore",9016168269,,,,Surat,Surat Store,Kitchen,,Gujarat,,"1st Floor, Samanvay, Near Chandni Chowk, Gymkhana Rd, Piplod, Surat",9825184377,0,,1,PO0081078612,PO0081078612,1,,0,0,0,"[{""prev_price"":""29.000000"",""item_id"":""46282592"",""itemname"":""Salt 1kg"",""qty"":10,""price"":29,""amount"":290,""discount"":""0.000"",""lbl_unit"":""Qty"",""unit"":""4907684"",""description"":"""",""hsn_code"":"""",""weighted_price"":29,""invoice_date"":""2026-07-06"",""sap_code"":"""",""purchase_doc_number"":"""",""purchase_invoice_number"":"""",""tax1"":0,""tax2"":0,""tax3"":0,""tax1_amount"":0,""tax2_amount"":0,""tax3_amount"":0,""expiry_date"":"""",""manufacturing_date"":"""",""actual_qty"":""10.000"",""actual_unit_id"":""2418165"",""actual_unit_name"":""Qty"",""sap_group_master_id"":0,""category"":""Food"",""yield_qty"":""0"",""discount_application"":""B"",""container_weight"":0,""net_weight"":""10"",""gross_weight"":0,""tax_type"":0,""excise_duty"":0,""tax1_label"":""CGST"",""tax2_label"":""SGST"",""tax3_label"":""IGST""},{""prev_price"":""16.100000"",""item_id"":""46281929"",""itemname"":""Synthetic Vinegar 650ml"",""qty"":12,""price"":16.1,""amount"":193.2,""discount"":""0.000"",""lbl_unit"":""Qty"",""unit"":""4907684"",""description"":"""",""hsn_code"":"""",""weighted_price"":16.1,""invoice_date"":""2026-07-06"",""sap_code"":"""",""purchase_doc_number"":"""",""purchase_invoice_number"":"""",""tax1"":0,""tax2"":0,""tax3"":0,""tax1_amount"":0,""tax2_amount"":0,""tax3_amount"":0,""expiry_date"":"""",""manufacturing_date"":"""",""actual_qty"":""12.000"",""actual_unit_id"":""2418165"",""actual_unit_name"":""Qty"",""sap_group_master_id"":0,""category"":""Food"",""yield_qty"":""0"",""discount_application"":""B"",""container_weight"":0,""net_weight"":""12"",""gross_weight"":0,""tax_type"":0,""excise_duty"":0,""tax1_label"":""CGST"",""tax2_label"":""SGST"",""tax3_label"":""IGST""}]",[],0,0,,,[],[],,,,,,,,,,,,,,,,,,,,,,,,,,,,,,,,,,,,,,,,,,,,,,,,,,,,,,,,,,,,,,,,,,,,,,,,,,,,,,,,,,,,,,,,,,,,,,,,,,,,,,,,,,,,,,,,,,,,,,,,,,,,,,,,,,,,,,,,,,,,,,,,,,,,,,,,,,,,,,,,,,,6a4bc108-2b40-4e93-a952-3c5c3c008e0a,60.0.158.135,,,,,,,,,,,,,,,,,,,,,,,,,,,,,,,,,,,,,,,,,,,,,,,,,,,,,,,,,,,,,,,,,,,,,,,,,,,,,,,,,,,,,,,,,,,,,,,,,,,,,,,,,,,,,,,,,,,,,,,,,,,,,,,,,,,,,,,,,,,,,,,,,,,,,,,,,,,,,,,,,,,,,,,,,,,,,,,,,,,,,,,,,,,,,,,,,,,,,,,,,,,,,,,,,,,,,,,,,,,,,,,,,,,,,,,,,,,,,,,,,,,,,,,,,,,,,,,,,,,,,,,,,,,,,,,,,,,,,,,,,,,,,,,,,,,,,,,,,,,,,,,,,,,,,,,,,,,,,,,,,,,,,,,,,,,,,,,,,,,,,,,,,,,,,,,,,,,,,,,,,,,,,,,,,,,,,,,,,,,,,,,,,,,,,,,,,,,,,,,,,,,,,,,,,,,,,,,,,,,,,,,,,,,,,,,,,,,,,,,,,,,,,,,,,,,,,,,,,,,,,,,,,,,,,,,,,,,,,,,,,,,,,,,,,,,,,,,,,,,,,,,,,,,,,,,,,,,,,,,,,,,,,,,,,,,,,,,,,,,,,,,,,,,,,,,,,,,,,,,,,,,,,,,,,,,,,,,,,,,,,,,,,
Surat Prep Kitchen,376017,134249255,From Sales,117977376,115,,2026-07-06,28094.011,0,Active,Unpaid,,28094.011,0,0,0,0.00,0,0,0,0,2026-07-06 20:21:48,2026-07-06 20:21:48,117185,Kitchen,,Surat,Surat Prep Kitchen,Gujarat,,"Gujarat Hira Bourse , Ichchapore",9016168269,,,,Surat,Surat Store,Kitchen,,Gujarat,,"1st Floor, Samanvay, Near Chandni Chowk, Gymkhana Rd, Piplod, Surat",9825184377,0,,1,PO0081089013,PO0081089013,1,,0,0,0,"[{""prev_price"":""880.000000"",""item_id"":""46281664"",""itemname"":""Almond 1kg"",""qty"":1,""price"":880,""amount"":880,""discount"":""0.000"",""lbl_unit"":""Kg"",""unit"":""4907667"",""description"":"""",""hsn_code"":"""",""weighted_price"":880,""invoice_date"":""2026-07-06"",""sap_code"":"""",""purchase_doc_number"":"""",""purchase_invoice_number"":"""",""tax1"":0,""tax2"":0,""tax3"":0,""tax1_amount"":0,""tax2_amount"":0,""tax3_amount"":0,""expiry_date"":"""",""manufacturing_date"":"""",""actual_qty"":""1.000"",""actual_unit_id"":""2418148"",""actual_unit_name"":""Kg"",""sap_group_master_id"":0,""category"":""Food"",""yield_qty"":""0"",""discount_application"":""B"",""container_weight"":0,""net_weight"":""1"",""gross_weight"":0,""tax_type"":0,""excise_duty"":0,""tax1_label"":""CGST"",""tax2_label"":""SGST"",""tax3_label"":""IGST""},{""prev_price"":""540.000000"",""item_id"":""46282884"",""itemname"":""Dolce Vita Peeled Tomatoes 3kg"",""qty"":6,""price"":540,""amount"":3240,""discount"":""0.000"",""lbl_unit"":""TIN"",""unit"":""4907676"",""description"":"""",""hsn_code"":"""",""weighted_price"":540,""invoice_date"":""2026-07-06"",""sap_code"":"""",""purchase_doc_number"":"""",""purchase_invoice_number"":"""",""tax1"":0,""tax2"":0,""tax3"":0,""tax1_amount"":0,""tax2_amount"":0,""tax3_amount"":0,""expiry_date"":"""",""manufacturing_date"":"""",""actual_qty"":""6.000"",""actual_unit_id"":""2418157"",""actual_unit_name"":""TIN"",""sap_group_master_id"":0,""category"":""Food"",""yield_qty"":""0"",""discount_application"":""B"",""container_weight"":0,""net_weight"":""6"",""gross_weight"":0,""tax_type"":0,""excise_duty"":0,""tax1_label"":""CGST"",""tax2_label"":""SGST"",""tax3_label"":""IGST""},{""prev_price"":""544.170000"",""item_id"":""46281935"",""itemname"":""Mozzarella Cheese 1kg"",""qty"":16,""price"":544.17,""amount"":8706.72,""discount"":""0.000"",""lbl_unit"":""Qty"",""unit"":""4907684"",""description"":"""",""hsn_code"":"""",""weighted_price"":544.17,""invoice_date"":""2026-07-06"",""sap_code"":"""",""purchase_doc_number"":"""",""purchase_invoice_number"":"""",""tax1"":0,""tax2"":0,""tax3"":0,""tax1_amount"":0,""tax2_amount"":0,""tax3_amount"":0,""expiry_date"":"""",""manufacturing_date"":"""",""actual_qty"":""16.000"",""actual_unit_id"":""2418165"",""actual_unit_name"":""Qty"",""sap_group_master_id"":0,""category"":""Food"",""yield_qty"":""0"",""discount_application"":""B"",""pricing_method"":""0"",""container_weight"":0,""net_weight"":""16"",""gross_weight"":0,""tax_type"":0,""excise_duty"":0,""tax1_label"":""CGST"",""tax2_label"":""SGST"",""tax3_label"":""IGST""},{""prev_price"":""608.190000"",""item_id"":""46282166"",""itemname"":""Smoked Mozzarella Cheese 1kg"",""qty"":1,""price"":608.19,""amount"":608.19,""discount"":""0.000"",""lbl_unit"":""Qty"",""unit"":""4907684"",""description"":"""",""hsn_code"":"""",""weighted_price"":608.19,""invoice_date"":""2026-07-06"",""sap_code"":"""",""purchase_doc_number"":"""",""purchase_invoice_number"":"""",""tax1"":0,""tax2"":0,""tax3"":0,""tax1_amount"":0,""tax2_amount"":0,""tax3_amount"":0,""expiry_date"":"""",""manufacturing_date"":"""",""actual_qty"":""1.000"",""actual_unit_id"":""2418165"",""actual_unit_name"":""Qty"",""sap_group_master_id"":0,""category"":""Food"",""yield_qty"":""0"",""discount_application"":""B"",""container_weight"":0,""net_weight"":""1"",""gross_weight"":0,""tax_type"":0,""excise_duty"":0,""tax1_label"":""CGST"",""tax2_label"":""SGST"",""tax3_label"":""IGST""},{""prev_price"":""612.381000"",""item_id"":""46281192"",""itemname"":""Cheddar Cheese 1kg"",""qty"":1,""price"":612.381,""amount"":612.381,""discount"":""0.000"",""lbl_unit"":""Qty"",""unit"":""4907684"",""description"":"""",""hsn_code"":"""",""weighted_price"":612.381,""invoice_date"":""2026-07-06"",""sap_code"":"""",""purchase_doc_number"":"""",""purchase_invoice_number"":"""",""tax1"":0,""tax2"":0,""tax3"":0,""tax1_amount"":0,""tax2_amount"":0,""tax3_amount"":0,""expiry_date"":"""",""manufacturing_date"":"""",""actual_qty"":""1.000"",""actual_unit_id"":""2418165"",""actual_unit_name"":""Qty"",""sap_group_master_id"":0,""category"":""Food"",""yield_qty"":""0"",""discount_application"":""B"",""container_weight"":0,""net_weight"":""1"",""gross_weight"":0,""tax_type"":0,""excise_duty"":0,""tax1_label"":""CGST"",""tax2_label"":""SGST"",""tax3_label"":""IGST""},{""prev_price"":""652.380000"",""item_id"":""46282743"",""itemname"":""Df Cream Cheese 1kg"",""qty"":3,""price"":652.38,""amount"":1957.14,""discount"":""0.000"",""lbl_unit"":""Qty"",""unit"":""4907684"",""description"":"""",""hsn_code"":"""",""weighted_price"":652.38,""invoice_date"":""2026-07-06"",""sap_code"":"""",""purchase_doc_number"":"""",""purchase_invoice_number"":"""",""tax1"":0,""tax2"":0,""tax3"":0,""tax1_amount"":0,""tax2_amount"":0,""tax3_amount"":0,""expiry_date"":"""",""manufacturing_date"":"""",""actual_qty"":""3.000"",""actual_unit_id"":""2418165"",""actual_unit_name"":""Qty"",""sap_group_master_id"":0,""category"":""Food"",""yield_qty"":""0"",""discount_application"":""B"",""container_weight"":0,""net_weight"":""3"",""gross_weight"":0,""tax_type"":0,""excise_duty"":0,""tax1_label"":""CGST"",""tax2_label"":""SGST"",""tax3_label"":""IGST""},{""prev_price"":""2371.430000"",""item_id"":""46281663"",""itemname"":""Sunflower Refined Oil 13kg"",""qty"":1,""price"":2371.43,""amount"":2371.43,""discount"":""0.000"",""lbl_unit"":""Qty"",""unit"":""4907684"",""description"":"""",""hsn_code"":"""",""weighted_price"":2371.43,""invoice_date"":""2026-07-06"",""sap_code"":"""",""purchase_doc_number"":"""",""purchase_invoice_number"":"""",""tax1"":0,""tax2"":0,""tax3"":0,""tax1_amount"":0,""tax2_amount"":0,""tax3_amount"":0,""expiry_date"":"""",""manufacturing_date"":"""",""actual_qty"":""1.000"",""actual_unit_id"":""2418165"",""actual_unit_name"":""Qty"",""sap_group_master_id"":0,""category"":""Food"",""yield_qty"":""0"",""discount_application"":""B"",""container_weight"":0,""net_weight"":""1"",""gross_weight"":0,""tax_type"":0,""excise_duty"":0,""tax1_label"":""CGST"",""tax2_label"":""SGST"",""tax3_label"":""IGST""},{""prev_price"":""4150.000000"",""item_id"":""46282862"",""itemname"":""Extra Virgin Olive Oil 5ltr"",""qty"":1,""price"":4150,""amount"":4150,""discount"":""0.000"",""lbl_unit"":""Qty"",""unit"":""4907684"",""description"":"""",""hsn_code"":"""",""weighted_price"":4150,""invoice_date"":""2026-07-06"",""sap_code"":"""",""purchase_doc_number"":"""",""purchase_invoice_number"":"""",""tax1"":0,""tax2"":0,""tax3"":0,""tax1_amount"":0,""tax2_amount"":0,""tax3_amount"":0,""expiry_date"":"""",""manufacturing_date"":"""",""actual_qty"":""1.000"",""actual_unit_id"":""2418165"",""actual_unit_name"":""Qty"",""sap_group_master_id"":0,""category"":""Food"",""yield_qty"":""0"",""discount_application"":""B"",""container_weight"":0,""net_weight"":""1"",""gross_weight"":0,""tax_type"":0,""excise_duty"":0,""tax1_label"":""CGST"",""tax2_label"":""SGST"",""tax3_label"":""IGST""},{""prev_price"":""271.430000"",""item_id"":""46282630"",""itemname"":""Amul Butter - 500gm"",""qty"":5,""price"":271.43,""amount"":1357.15,""discount"":""0.000"",""lbl_unit"":""Qty"",""unit"":""4907684"",""description"":"""",""hsn_code"":"""",""weighted_price"":271.43,""invoice_date"":""2026-07-06"",""sap_code"":"""",""purchase_doc_number"":"""",""purchase_invoice_number"":"""",""tax1"":0,""tax2"":0,""tax3"":0,""tax1_amount"":0,""tax2_amount"":0,""tax3_amount"":0,""expiry_date"":"""",""manufacturing_date"":"""",""actual_qty"":""5.000"",""actual_unit_id"":""2418165"",""actual_unit_name"":""Qty"",""sap_group_master_id"":0,""category"":""Food"",""yield_qty"":""0"",""discount_application"":""B"",""pricing_method"":""0"",""container_weight"":0,""net_weight"":""5"",""gross_weight"":0,""tax_type"":0,""excise_duty"":0,""tax1_label"":""CGST"",""tax2_label"":""SGST"",""tax3_label"":""IGST""},{""prev_price"":""85.000000"",""item_id"":""46281931"",""itemname"":""Dry Yeast 500gm"",""qty"":1,""price"":85,""amount"":85,""discount"":""0.000"",""lbl_unit"":""Qty"",""unit"":""4907684"",""description"":"""",""hsn_code"":"""",""weighted_price"":85,""invoice_date"":""2026-07-06"",""sap_code"":"""",""purchase_doc_number"":"""",""purchase_invoice_number"":"""",""tax1"":0,""tax2"":0,""tax3"":0,""tax1_amount"":0,""tax2_amount"":0,""tax3_amount"":0,""expiry_date"":"""",""manufacturing_date"":"""",""actual_qty"":""1.000"",""actual_unit_id"":""2418165"",""actual_unit_name"":""Qty"",""sap_group_master_id"":0,""category"":""Food"",""yield_qty"":""0"",""discount_application"":""B"",""container_weight"":0,""net_weight"":""1"",""gross_weight"":0,""tax_type"":0,""excise_duty"":0,""tax1_label"":""CGST"",""tax2_label"":""SGST"",""tax3_label"":""IGST""},{""prev_price"":""145.000000"",""item_id"":""46281907"",""itemname"":""Water Chestnuts 567 Gm"",""qty"":2,""price"":145,""amount"":290,""discount"":""0.000"",""lbl_unit"":""Qty"",""unit"":""4907684"",""description"":"""",""hsn_code"":"""",""weighted_price"":145,""invoice_date"":""2026-07-06"",""sap_code"":"""",""purchase_doc_number"":"""",""purchase_invoice_number"":"""",""tax1"":0,""tax2"":0,""tax3"":0,""tax1_amount"":0,""tax2_amount"":0,""tax3_amount"":0,""expiry_date"":"""",""manufacturing_date"":"""",""actual_qty"":""2.000"",""actual_unit_id"":""2418165"",""actual_unit_name"":""Qty"",""sap_group_master_id"":0,""category"":""Food"",""yield_qty"":""0"",""discount_application"":""B"",""container_weight"":0,""net_weight"":""2"",""gross_weight"":0,""tax_type"":0,""excise_duty"":0,""tax1_label"":""CGST"",""tax2_label"":""SGST"",""tax3_label"":""IGST""},{""prev_price"":""199.000000"",""item_id"":""46281871"",""itemname"":""Edamame Kernal 500gm"",""qty"":3,""price"":199,""amount"":597,""discount"":""0.000"",""lbl_unit"":""Qty"",""unit"":""4907684"",""description"":"""",""hsn_code"":"""",""weighted_price"":199,""invoice_date"":""2026-07-06"",""sap_code"":"""",""purchase_doc_number"":"""",""purchase_invoice_number"":"""",""tax1"":0,""tax2"":0,""tax3"":0,""tax1_amount"":0,""tax2_amount"":0,""tax3_amount"":0,""expiry_date"":"""",""manufacturing_date"":"""",""actual_qty"":""3.000"",""actual_unit_id"":""2418165"",""actual_unit_name"":""Qty"",""sap_group_master_id"":0,""category"":""Food"",""yield_qty"":""0"",""discount_application"":""B"",""container_weight"":0,""net_weight"":""3"",""gross_weight"":0,""tax_type"":0,""excise_duty"":0,""tax1_label"":""CGST"",""tax2_label"":""SGST"",""tax3_label"":""IGST""},{""prev_price"":""1380.000000"",""item_id"":""46281908"",""itemname"":""Truffle Oil 250ml"",""qty"":1,""price"":1380,""amount"":1380,""discount"":""0.000"",""lbl_unit"":""Qty"",""unit"":""4907684"",""description"":"""",""hsn_code"":"""",""weighted_price"":1380,""invoice_date"":""2026-07-06"",""sap_code"":"""",""purchase_doc_number"":"""",""purchase_invoice_number"":"""",""tax1"":0,""tax2"":0,""tax3"":0,""tax1_amount"":0,""tax2_amount"":0,""tax3_amount"":0,""expiry_date"":"""",""manufacturing_date"":"""",""actual_qty"":""1.000"",""actual_unit_id"":""2418165"",""actual_unit_name"":""Qty"",""sap_group_master_id"":0,""category"":""Food"",""yield_qty"":""0"",""discount_application"":""B"",""container_weight"":0,""net_weight"":""1"",""gross_weight"":0,""tax_type"":0,""excise_duty"":0,""tax1_label"":""CGST"",""tax2_label"":""SGST"",""tax3_label"":""IGST""},{""prev_price"":""1429.000000"",""item_id"":""46281898"",""itemname"":""Black Truffle Pate 90gm"",""qty"":1,""price"":1429,""amount"":1429,""discount"":""0.000"",""lbl_unit"":""Qty"",""unit"":""4907684"",""description"":"""",""hsn_code"":"""",""weighted_price"":1429,""invoice_date"":""2026-07-06"",""sap_code"":"""",""purchase_doc_number"":"""",""purchase_invoice_number"":"""",""tax1"":0,""tax2"":0,""tax3"":0,""tax1_amount"":0,""tax2_amount"":0,""tax3_amount"":0,""expiry_date"":"""",""manufacturing_date"":"""",""actual_qty"":""1.000"",""actual_unit_id"":""2418165"",""actual_unit_name"":""Qty"",""sap_group_master_id"":0,""category"":""Food"",""yield_qty"":""0"",""discount_application"":""B"",""container_weight"":0,""net_weight"":""1"",""gross_weight"":0,""tax_type"":0,""excise_duty"":0,""tax1_label"":""CGST"",""tax2_label"":""SGST"",""tax3_label"":""IGST""},{""prev_price"":""215.000000"",""item_id"":""46282196"",""itemname"":""M Size Hand Gloves Nitrile"",""qty"":2,""price"":215,""amount"":430,""discount"":""0.000"",""lbl_unit"":""Qty"",""unit"":""4907684"",""description"":"""",""hsn_code"":"""",""weighted_price"":215,""invoice_date"":""2026-07-06"",""sap_code"":"""",""purchase_doc_number"":"""",""purchase_invoice_number"":"""",""tax1"":0,""tax2"":0,""tax3"":0,""tax1_amount"":0,""tax2_amount"":0,""tax3_amount"":0,""expiry_date"":"""",""manufacturing_date"":"""",""actual_qty"":""2.000"",""actual_unit_id"":""2418165"",""actual_unit_name"":""Qty"",""sap_group_master_id"":0,""category"":""Housekeeping Hygiene"",""yield_qty"":""0"",""discount_application"":""B"",""container_weight"":0,""net_weight"":""2"",""gross_weight"":0,""tax_type"":0,""excise_duty"":0,""tax1_label"":""CGST"",""tax2_label"":""SGST"",""tax3_label"":""IGST""}]",[],0,0,,,[],[],,,,,,,,,,,,,,,,,,,,,,,,,,,,,,,,,,,,,,,,,,,,,,,,,,,,,,,,,,,,,,,,,,,,,,,,,,,,,,,,,,,,,,,,,,,,,,,,,,,,,,,,,,,,,,,,,,,,,,,,,,,,,,,,,,,,,,,,,,,,,,,,,,,,,,,,,,,,,,,,,,,,,6a4bc0f3-1e1c-4ef0-a20b-2dde3c008e0a,60.0.158.135,,,,,,,,,,,,,,,,,,,,,,,,,,,,,,,,,,,,,,,,,,,,,,,,,,,,,,,,,,,,,,,,,,,,,,,,,,,,,,,,,,,,,,,,,,,,,,,,,,,,,,,,,,,,,,,,,,,,,,,,,,,,,,,,,,,,,,,,,,,,,,,,,,,,,,,,,,,,,,,,,,,,,,,,,,,,,,,,,,,,,,,,,,,,,,,,,,,,,,,,,,,,,,,,,,,,,,,,,,,,,,,,,,,,,,,,,,,,,,,,,,,,,,,,,,,,,,,,,,,,,,,,,,,,,,,,,,,,,,,,,,,,,,,,,,,,,,,,,,,,,,,,,,,,,,,,,,,,,,,,,,,,,,,,,,,,,,,,,,,,,,,,,,,,,,,,,,,,,,,,,,,,,,,,,,,,,,,,,,,,,,,,,,,,,,,,,,,,,,,,,,,,,,,,,,,,,,,,,,,,,,,,,,,,,,,,,,,,,,,,,,,,,,,,,,,,,,,,,,,,,,,,,,,,,,,,,,,,,,,,,,,,,,,,,,,,,,,,,,,,,,,,,,,,,,,,,,,,,,,,,,,,,,,,,,,,,,,,,,,,,,,,,,,,,,,,,,,,,,,,,,,,,,,,,,,,,,,,,,,,,,,
Surat Prep Kitchen,376017,134249206,From Sales,117976112,114,,2026-07-06,7114.29,0,Active,Unpaid,,7114.29,0,0,0,0.00,0,0,0,0,2026-07-06 20:21:27,2026-07-06 20:21:27,117185,Kitchen,,Surat,Surat Prep Kitchen,Gujarat,,"Gujarat Hira Bourse , Ichchapore",9016168269,,,,Surat,Surat Store,Kitchen,,Gujarat,,"1st Floor, Samanvay, Near Chandni Chowk, Gymkhana Rd, Piplod, Surat",9825184377,0,,1,PO0081080812,PO0081080812,1,,0,0,0,"[{""prev_price"":""2371.430000"",""item_id"":""46281663"",""itemname"":""Sunflower Refined Oil 13kg"",""qty"":3,""price"":2371.43,""amount"":7114.29,""discount"":""0.000"",""lbl_unit"":""Qty"",""unit"":""4907684"",""description"":"""",""hsn_code"":"""",""weighted_price"":2371.43,""invoice_date"":""2026-07-06"",""sap_code"":"""",""purchase_doc_number"":"""",""purchase_invoice_number"":"""",""tax1"":0,""tax2"":0,""tax3"":0,""tax1_amount"":0,""tax2_amount"":0,""tax3_amount"":0,""expiry_date"":"""",""manufacturing_date"":"""",""actual_qty"":""3.000"",""actual_unit_id"":""2418165"",""actual_unit_name"":""Qty"",""sap_group_master_id"":0,""category"":""Food"",""yield_qty"":""0"",""discount_application"":""B"",""container_weight"":0,""net_weight"":""3"",""gross_weight"":0,""tax_type"":0,""excise_duty"":0,""tax1_label"":""CGST"",""tax2_label"":""SGST"",""tax3_label"":""IGST""}]",[],0,0,,,[],[],,,,,,,,,,,,,,,,,,,,,,,,,,,,,,,,,,,,,,,,,,,,,,,,,,,,,,,,,,,,,,,,,,,,,,,,,,,,,,,,,,,,,,,,,,,,,,,,,,,,,,,,,,,,,,,,,,,,,,,,,,,,,,,,,,,,,,,,,,,,,,,,,,,,,,,,,,,,,,,,,,,,,,,6a4bc0da-dca8-4543-aa75-2c1e3c008e0a,60.0.158.135,,,,,,,,,,,,,,,,,,,,,,,,,,,,,,,,,,,,,,,,,,,,,,,,,,,,,,,,,,,,,,,,,,,,,,,,,,,,,,,,,,,,,,,,,,,,,,,,,,,,,,,,,,,,,,,,,,,,,,,,,,,,,,,,,,,,,,,,,,,,,,,,,,,,,,,,,,,,,,,,,,,,,,,,,,,,,,,,,,,,,,,,,,,,,,,,,,,,,,,,,,,,,,,,,,,,,,,,,,,,,,,,,,,,,,,,,,,,,,,,,,,,,,,,,,,,,,,,,,,,,,,,,,,,,,,,,,,,,,,,,,,,,,,,,,,,,,,,,,,,,,,,,,,,,,,,,,,,,,,,,,,,,,,,,,,,,,,,,,,,,,,,,,,,,,,,,,,,,,,,,,,,,,,,,,,,,,,,,,,,,,,,,,,,,,,,,,,,,,,,,,,,,,,,,,,,,,,,,,,,,,,,,,,,,,,,,,,,,,,,,,,,,,,,,,,,,,,,,,,,,,,,,,,,,,,,,,,,,,,,,,,,,,,,,,,,,,,,,,,,,,,,,,,,,,,,,,,,,,,,,,,,,,,,,,,,,,,,,,,,,,,,,,,,,,,,,,,,,,,,,,,,,,,,,,,,,,,,,,,,,
Surat Prep Kitchen,376017,134230153,Normal,,2590,F3954,2026-07-06,8070,0,Active,Unpaid,,8070,0,0,0,0.00,0,0,0,0,2026-07-06 17:50:00,2026-07-10 16:05:44,892196,Supplier,,Surat,Surat Prep Kitchen,Gujarat,,"Gujarat Hira Bourse , Ichchapore",9016168269,,,,,Nature Fresh Exotic Vegetables,Supplier,,Gujarat,,,9825135103,0,,,,,1,,,0,,"[{""prev_price"":""60.000000"",""item_id"":""46282506"",""itemname"":""Chinese Cucumber"",""qty"":10,""price"":60,""amount"":600,""discount"":""0.000"",""lbl_unit"":""Kg"",""unit"":""4907667"",""description"":"""",""hsn_code"":"""",""weighted_price"":60,""invoice_date"":""2026-07-06"",""sap_code"":"""",""purchase_doc_number"":"""",""purchase_invoice_number"":"""",""tax1"":0,""tax2"":0,""tax3"":0,""tax1_amount"":0,""tax2_amount"":0,""tax3_amount"":0,""expiry_date"":"""",""manufacturing_date"":"""",""sap_group_master_id"":0,""category"":""Food"",""rmconv_qty"":""1000"",""rmconv_qty_total"":10000,""rmconv_unit_id"":""4907673"",""rmconv_unit"":""GM"",""yield_qty"":""0"",""discount_application"":""B"",""container_weight"":0,""net_weight"":""10"",""gross_weight"":""10"",""tax_type"":0,""excise_duty"":0,""tax1_label"":""CGST"",""tax2_label"":""SGST"",""tax3_label"":""IGST""},{""prev_price"":""220.000000"",""item_id"":""46282628"",""itemname"":""Red Cabbage"",""qty"":1,""price"":220,""amount"":220,""discount"":""0.000"",""lbl_unit"":""Kg"",""unit"":""4907667"",""description"":"""",""hsn_code"":"""",""weighted_price"":220,""invoice_date"":""2026-07-06"",""sap_code"":"""",""purchase_doc_number"":"""",""purchase_invoice_number"":"""",""tax1"":0,""tax2"":0,""tax3"":0,""tax1_amount"":0,""tax2_amount"":0,""tax3_amount"":0,""expiry_date"":"""",""manufacturing_date"":"""",""sap_group_master_id"":0,""category"":""Food"",""rmconv_qty"":""1000"",""rmconv_qty_total"":1000,""rmconv_unit_id"":""4907673"",""rmconv_unit"":""GM"",""yield_qty"":""0"",""discount_application"":""B"",""container_weight"":0,""net_weight"":""1"",""gross_weight"":""1"",""tax_type"":0,""excise_duty"":0,""tax1_label"":""CGST"",""tax2_label"":""SGST"",""tax3_label"":""IGST""},{""prev_price"":""300.000000"",""item_id"":""46282712"",""itemname"":""Red Bellpepper"",""qty"":3,""price"":300,""amount"":900,""discount"":""0.000"",""lbl_unit"":""Kg"",""unit"":""4907667"",""description"":"""",""hsn_code"":"""",""weighted_price"":300,""invoice_date"":""2026-07-06"",""sap_code"":"""",""purchase_doc_number"":"""",""purchase_invoice_number"":"""",""tax1"":0,""tax2"":0,""tax3"":0,""tax1_amount"":0,""tax2_amount"":0,""tax3_amount"":0,""expiry_date"":"""",""manufacturing_date"":"""",""sap_group_master_id"":0,""category"":""Food"",""rmconv_qty"":""1000"",""rmconv_qty_total"":3000,""rmconv_unit_id"":""4907673"",""rmconv_unit"":""GM"",""yield_qty"":""0"",""discount_application"":""B"",""container_weight"":0,""net_weight"":""3"",""gross_weight"":""3"",""tax_type"":0,""excise_duty"":0,""tax1_label"":""CGST"",""tax2_label"":""SGST"",""tax3_label"":""IGST""},{""prev_price"":""180.000000"",""item_id"":""46282720"",""itemname"":""Button Mushrooms"",""qty"":5,""price"":180,""amount"":900,""discount"":""0.000"",""lbl_unit"":""Kg"",""unit"":""4907667"",""description"":"""",""hsn_code"":"""",""weighted_price"":180,""invoice_date"":""2026-07-06"",""sap_code"":"""",""purchase_doc_number"":"""",""purchase_invoice_number"":"""",""tax1"":0,""tax2"":0,""tax3"":0,""tax1_amount"":0,""tax2_amount"":0,""tax3_amount"":0,""expiry_date"":"""",""manufacturing_date"":"""",""sap_group_master_id"":0,""category"":""Food"",""rmconv_qty"":""1000"",""rmconv_qty_total"":5000,""rmconv_unit_id"":""4907673"",""rmconv_unit"":""GM"",""yield_qty"":""0"",""discount_application"":""B"",""container_weight"":0,""net_weight"":""5"",""gross_weight"":""5"",""tax_type"":0,""excise_duty"":0,""tax1_label"":""CGST"",""tax2_label"":""SGST"",""tax3_label"":""IGST""},{""prev_price"":""350.000000"",""item_id"":""46283191"",""itemname"":""Hass Avocado"",""qty"":4,""price"":350,""amount"":1400,""discount"":""0.000"",""lbl_unit"":""Kg"",""unit"":""4907667"",""description"":"""",""hsn_code"":"""",""weighted_price"":350,""invoice_date"":""2026-07-06"",""sap_code"":"""",""purchase_doc_number"":"""",""purchase_invoice_number"":"""",""tax1"":0,""tax2"":0,""tax3"":0,""tax1_amount"":0,""tax2_amount"":0,""tax3_amount"":0,""expiry_date"":"""",""manufacturing_date"":"""",""sap_group_master_id"":0,""category"":""Food"",""rmconv_qty"":""1000"",""rmconv_qty_total"":4000,""rmconv_unit_id"":""4907673"",""rmconv_unit"":""GM"",""yield_qty"":""0"",""discount_application"":""B"",""container_weight"":0,""net_weight"":""4"",""gross_weight"":""4"",""tax_type"":0,""excise_duty"":0,""tax1_label"":""CGST"",""tax2_label"":""SGST"",""tax3_label"":""IGST""},{""prev_price"":""300.000000"",""item_id"":""46282704"",""itemname"":""Broccoli"",""qty"":2,""price"":300,""amount"":600,""discount"":""0.000"",""lbl_unit"":""Kg"",""unit"":""4907667"",""description"":"""",""hsn_code"":"""",""weighted_price"":300,""invoice_date"":""2026-07-06"",""sap_code"":"""",""purchase_doc_number"":"""",""purchase_invoice_number"":"""",""tax1"":0,""tax2"":0,""tax3"":0,""tax1_amount"":0,""tax2_amount"":0,""tax3_amount"":0,""expiry_date"":"""",""manufacturing_date"":"""",""sap_group_master_id"":0,""category"":""Food"",""rmconv_qty"":""1000"",""rmconv_qty_total"":2000,""rmconv_unit_id"":""4907673"",""rmconv_unit"":""GM"",""yield_qty"":""0"",""discount_application"":""B"",""container_weight"":0,""net_weight"":""2"",""gross_weight"":""2"",""tax_type"":0,""excise_duty"":0,""tax1_label"":""CGST"",""tax2_label"":""SGST"",""tax3_label"":""IGST""},{""prev_price"":""450.000000"",""item_id"":""46283219"",""itemname"":""Fresh Jalepenos Green"",""qty"":2,""price"":450,""amount"":900,""discount"":""0.000"",""lbl_unit"":""Kg"",""unit"":""4907667"",""description"":"""",""hsn_code"":"""",""weighted_price"":450,""invoice_date"":""2026-07-06"",""sap_code"":"""",""purchase_doc_number"":"""",""purchase_invoice_number"":"""",""tax1"":0,""tax2"":0,""tax3"":0,""tax1_amount"":0,""tax2_amount"":0,""tax3_amount"":0,""expiry_date"":"""",""manufacturing_date"":"""",""sap_group_master_id"":0,""category"":""Food"",""rmconv_qty"":""1000"",""rmconv_qty_total"":2000,""rmconv_unit_id"":""4907673"",""rmconv_unit"":""GM"",""yield_qty"":""0"",""discount_application"":""B"",""container_weight"":0,""net_weight"":""2"",""gross_weight"":""2"",""tax_type"":0,""excise_duty"":0,""tax1_label"":""CGST"",""tax2_label"":""SGST"",""tax3_label"":""IGST""},{""prev_price"":""800.000000"",""item_id"":""46282607"",""itemname"":""Alphonso Mango"",""qty"":3,""price"":800,""amount"":2400,""discount"":""0.000"",""lbl_unit"":""dozen"",""unit"":""5165361"",""description"":"""",""hsn_code"":"""",""weighted_price"":800,""invoice_date"":""2026-07-06"",""sap_code"":"""",""purchase_doc_number"":"""",""purchase_invoice_number"":"""",""tax1"":0,""tax2"":0,""tax3"":0,""tax1_amount"":0,""tax2_amount"":0,""tax3_amount"":0,""expiry_date"":"""",""manufacturing_date"":"""",""sap_group_master_id"":0,""category"":""Food"",""yield_qty"":""0"",""discount_application"":""B"",""container_weight"":0,""net_weight"":""3"",""gross_weight"":""3"",""tax_type"":0,""excise_duty"":0,""tax1_label"":""CGST"",""tax2_label"":""SGST"",""tax3_label"":""IGST""},{""prev_price"":""150.000000"",""item_id"":""46283354"",""itemname"":""Fresh Blueberry"",""qty"":1,""price"":150,""amount"":150,""discount"":""0.000"",""lbl_unit"":""pcs"",""unit"":""5165360"",""description"":"""",""hsn_code"":"""",""weighted_price"":150,""invoice_date"":""2026-07-06"",""sap_code"":"""",""purchase_doc_number"":"""",""purchase_invoice_number"":"""",""tax1"":0,""tax2"":0,""tax3"":0,""tax1_amount"":0,""tax2_amount"":0,""tax3_amount"":0,""expiry_date"":"""",""manufacturing_date"":"""",""sap_group_master_id"":0,""category"":""Food"",""yield_qty"":""0"",""discount_application"":""B"",""container_weight"":0,""net_weight"":""1"",""gross_weight"":""1"",""tax_type"":0,""excise_duty"":0,""tax1_label"":""CGST"",""tax2_label"":""SGST"",""tax3_label"":""IGST""}]",[],0,0,,,[],[],,,,,,,1,,,,,,,,,,,,,,,,,,,,,,,,,,,,,,,,,,,,,,,,,,,,,,,,,,,,,,,,,,,,,,,,,,,,,,,,,,,,,,,,,,,,,,,,,,,,,,,,,,,,,,,,,,,,,,,,,,,,,,,,,,,,,,,,,,,,,,,,,,,,,,,,,,,,,,,,,,,,,,,,,,6a4b9c61-d3a8-493d-8f55-467f3c008e0a,6a50cab8-f4a4-4c1a-9709-738e3c009fc0,60.0.158.135,60.0.139.155,,,,,,,,,,,,,,,,,,,,,,,,,,,,,,,,,,,,,,,,,,,,,,,,,,,,,,,,,,,,,,,,,,,,,,,,,,,,,,,,,,,,,,,,,,,,,,,,,,,,,,,,,,,,,,,,,,,,,,,,,,,,,,,,,,,,,,,,,,,,,,,,,,,,,,,,,,,,,,,,,,,,,,,,,,,,,,,,,,,,,,,,,,,,,,,,,,,,,,,,,,,,,,,,,,,,,,,,,,,,,,,,,,,,,,,,,,,,,,,,,,,,,,,,,,,,,,,,,,,,,,,,,,,,,,,,,,,,,,,,,,,,,,,,,,,,,,,,,,,,,,,,,,,,,,,,,,,,,,,,,,,,,,,,,,,,,,,,,,,,,,,,,,,,,,,,,,,,,,,,,,,,,,,,,,,,,,,,,,,,,,,,,,,,,,,,,,,,,,,,,,,,,,,,,,,,,,,,,,,,,,,,,,,,,,,,,,,,,,,,,,,,,,,,,,,,,,,,,,,,,,,,,,,,,,,,,,,,,,,,,,,,,,,,,,,,,,,,,,,,,,,,,,,,,,,,,,,,,,,,,,,,,,,,,,,,,,,,,,,,,,,,,,,,,,,,,,,,,,,,,,,,,,,,,,,,,,,,,
Surat Prep Kitchen,376017,134222238,Normal,,2589,INV-26y0706-0012,2026-07-06,705,0,Active,Unpaid,,705,0,0,0,0.00,0,0,0,0,2026-07-06 16:54:55,2026-07-10 16:41:34,891257,Supplier,,Surat,Surat Prep Kitchen,Gujarat,,"Gujarat Hira Bourse , Ichchapore",9016168269,,,,,Vr Agro,Supplier,rajmewara004@gmail.com,Gujarat,,"56 basement NSTM sardar ,market puna kumbahraiya road, surat -395010",7096748177,0,,,,,1,,,0,,"[{""prev_price"":""120.000000"",""item_id"":""46282699"",""itemname"":""Pineapple"",""qty"":1,""price"":120,""amount"":120,""discount"":""0.000"",""lbl_unit"":""pcs"",""unit"":""5165360"",""description"":"""",""hsn_code"":"""",""weighted_price"":120,""invoice_date"":""2026-07-06"",""sap_code"":"""",""purchase_doc_number"":"""",""purchase_invoice_number"":"""",""tax1"":0,""tax2"":0,""tax3"":0,""tax1_amount"":0,""tax2_amount"":0,""tax3_amount"":0,""expiry_date"":"""",""manufacturing_date"":"""",""sap_group_master_id"":0,""category"":""Food"",""yield_qty"":""0"",""discount_application"":""B"",""container_weight"":0,""net_weight"":""1"",""gross_weight"":""1"",""tax_type"":0,""excise_duty"":0,""tax1_label"":""CGST"",""tax2_label"":""SGST"",""tax3_label"":""IGST""},{""prev_price"":""25.000000"",""item_id"":""46283211"",""itemname"":""Mint Leaves"",""qty"":2,""price"":25,""amount"":50,""discount"":""0.000"",""lbl_unit"":""Piece"",""unit"":""4907666"",""description"":"""",""hsn_code"":"""",""weighted_price"":25,""invoice_date"":""2026-07-06"",""sap_code"":"""",""purchase_doc_number"":"""",""purchase_invoice_number"":"""",""tax1"":0,""tax2"":0,""tax3"":0,""tax1_amount"":0,""tax2_amount"":0,""tax3_amount"":0,""expiry_date"":"""",""manufacturing_date"":"""",""sap_group_master_id"":0,""category"":""Food"",""yield_qty"":""0"",""discount_application"":""B"",""container_weight"":0,""net_weight"":""2"",""gross_weight"":""2"",""tax_type"":0,""excise_duty"":0,""tax1_label"":""CGST"",""tax2_label"":""SGST"",""tax3_label"":""IGST""},{""prev_price"":""55.000000"",""item_id"":""46282723"",""itemname"":""Spinach Palak"",""qty"":1,""price"":55,""amount"":55,""discount"":""0.000"",""lbl_unit"":""Kg"",""unit"":""4907667"",""description"":"""",""hsn_code"":"""",""weighted_price"":55,""invoice_date"":""2026-07-06"",""sap_code"":"""",""purchase_doc_number"":"""",""purchase_invoice_number"":"""",""tax1"":0,""tax2"":0,""tax3"":0,""tax1_amount"":0,""tax2_amount"":0,""tax3_amount"":0,""expiry_date"":"""",""manufacturing_date"":"""",""sap_group_master_id"":0,""category"":""Food"",""rmconv_qty"":""1000"",""rmconv_qty_total"":1000,""rmconv_unit_id"":""4907673"",""rmconv_unit"":""GM"",""yield_qty"":""0"",""discount_application"":""B"",""container_weight"":0,""net_weight"":""1"",""gross_weight"":""1"",""tax_type"":0,""excise_duty"":0,""tax1_label"":""CGST"",""tax2_label"":""SGST"",""tax3_label"":""IGST""},{""prev_price"":""120.000000"",""item_id"":""46282721"",""itemname"":""Rocket /arugula Leaves"",""qty"":4,""price"":120,""amount"":480,""discount"":""0.000"",""lbl_unit"":""Kg"",""unit"":""4907667"",""description"":"""",""hsn_code"":"""",""weighted_price"":120,""invoice_date"":""2026-07-06"",""sap_code"":"""",""purchase_doc_number"":"""",""purchase_invoice_number"":"""",""tax1"":0,""tax2"":0,""tax3"":0,""tax1_amount"":0,""tax2_amount"":0,""tax3_amount"":0,""expiry_date"":"""",""manufacturing_date"":"""",""sap_group_master_id"":0,""category"":""Food"",""rmconv_qty"":""1000"",""rmconv_qty_total"":4000,""rmconv_unit_id"":""4907673"",""rmconv_unit"":""GM"",""yield_qty"":""0"",""discount_application"":""B"",""container_weight"":0,""net_weight"":""4"",""gross_weight"":""4"",""tax_type"":0,""excise_duty"":0,""tax1_label"":""CGST"",""tax2_label"":""SGST"",""tax3_label"":""IGST""}]",[],0,0,,,[],[],,,,,,,1,,,,,,,,,,,,,,,,,,,,,,,,,,,,,,,,,,,,,,,,,,,,,,,,,,,,,,,,,,,,,,,,,,,,,,,,,,,,,,,,,,,,,,,,,,,,,,,,,,,,,,,,,,,,,,,,,,,,,,,,,,,,,,,,,,,,,,,,,,,,,,,,,,,,,,,,,,,,,,,,,,,,,,6a4b8f33-cefc-48d6-9936-50ce3c009e87,6a50d35f-49e4-4b02-9647-09cd3c009e87,60.0.158.135,60.0.158.135,,,,,,,,,,,,,,,,,,,,,,,,,,,,,,,,,,,,,,,,,,,,,,,,,,,,,,,,,,,,,,,,,,,,,,,,,,,,,,,,,,,,,,,,,,,,,,,,,,,,,,,,,,,,,,,,,,,,,,,,,,,,,,,,,,,,,,,,,,,,,,,,,,,,,,,,,,,,,,,,,,,,,,,,,,,,,,,,,,,,,,,,,,,,,,,,,,,,,,,,,,,,,,,,,,,,,,,,,,,,,,,,,,,,,,,,,,,,,,,,,,,,,,,,,,,,,,,,,,,,,,,,,,,,,,,,,,,,,,,,,,,,,,,,,,,,,,,,,,,,,,,,,,,,,,,,,,,,,,,,,,,,,,,,,,,,,,,,,,,,,,,,,,,,,,,,,,,,,,,,,,,,,,,,,,,,,,,,,,,,,,,,,,,,,,,,,,,,,,,,,,,,,,,,,,,,,,,,,,,,,,,,,,,,,,,,,,,,,,,,,,,,,,,,,,,,,,,,,,,,,,,,,,,,,,,,,,,,,,,,,,,,,,,,,,,,,,,,,,,,,,,,,,,,,,,,,,,,,,,,,,,,,,,,,,,,,,,,,,,,,,,,,,,,,,,,,,,,,,,,,,,,,,,,,,,,,
Surat Prep Kitchen,376017,134221455,Normal,,2588,INV-26y0706-0009,2026-07-06,2440,0,Active,Unpaid,,2440,0,0,0,0.00,0,0,0,0,2026-07-06 16:48:58,2026-07-10 16:41:15,891257,Supplier,,Surat,Surat Prep Kitchen,Gujarat,,"Gujarat Hira Bourse , Ichchapore",9016168269,,,,,Vr Agro,Supplier,rajmewara004@gmail.com,Gujarat,,"56 basement NSTM sardar ,market puna kumbahraiya road, surat -395010",7096748177,0,,,,,1,,,0,,"[{""prev_price"":""140.000000"",""item_id"":""46283365"",""itemname"":""Coriander"",""qty"":0.5,""price"":140,""amount"":70,""discount"":""0.000"",""lbl_unit"":""Kg"",""unit"":""4907667"",""description"":"""",""hsn_code"":"""",""weighted_price"":140,""invoice_date"":""2026-07-06"",""sap_code"":"""",""purchase_doc_number"":"""",""purchase_invoice_number"":"""",""tax1"":0,""tax2"":0,""tax3"":0,""tax1_amount"":0,""tax2_amount"":0,""tax3_amount"":0,""expiry_date"":"""",""manufacturing_date"":"""",""sap_group_master_id"":0,""category"":""Food"",""rmconv_qty"":""1000"",""rmconv_qty_total"":500,""rmconv_unit_id"":""4907673"",""rmconv_unit"":""GM"",""yield_qty"":""0"",""discount_application"":""B"",""container_weight"":0,""net_weight"":""0.5"",""gross_weight"":""0.5"",""tax_type"":0,""excise_duty"":0,""tax1_label"":""CGST"",""tax2_label"":""SGST"",""tax3_label"":""IGST""},{""prev_price"":""100.000000"",""item_id"":""46282817"",""itemname"":""Spring Onion ."",""qty"":1,""price"":100,""amount"":100,""discount"":""0.000"",""lbl_unit"":""Kg"",""unit"":""4907667"",""description"":"""",""hsn_code"":"""",""weighted_price"":100,""invoice_date"":""2026-07-06"",""sap_code"":"""",""purchase_doc_number"":"""",""purchase_invoice_number"":"""",""tax1"":0,""tax2"":0,""tax3"":0,""tax1_amount"":0,""tax2_amount"":0,""tax3_amount"":0,""expiry_date"":"""",""manufacturing_date"":"""",""sap_group_master_id"":0,""category"":""Food"",""rmconv_qty"":""1000"",""rmconv_qty_total"":1000,""rmconv_unit_id"":""4907673"",""rmconv_unit"":""GM"",""yield_qty"":""0"",""discount_application"":""B"",""container_weight"":0,""net_weight"":""1"",""gross_weight"":""1"",""tax_type"":0,""excise_duty"":0,""tax1_label"":""CGST"",""tax2_label"":""SGST"",""tax3_label"":""IGST""},{""prev_price"":""295.000000"",""item_id"":""46282704"",""itemname"":""Broccoli"",""qty"":3,""price"":295,""amount"":885,""discount"":""0.000"",""lbl_unit"":""Kg"",""unit"":""4907667"",""description"":"""",""hsn_code"":"""",""weighted_price"":295,""invoice_date"":""2026-07-06"",""sap_code"":"""",""purchase_doc_number"":"""",""purchase_invoice_number"":"""",""tax1"":0,""tax2"":0,""tax3"":0,""tax1_amount"":0,""tax2_amount"":0,""tax3_amount"":0,""expiry_date"":"""",""manufacturing_date"":"""",""sap_group_master_id"":0,""category"":""Food"",""rmconv_qty"":""1000"",""rmconv_qty_total"":3000,""rmconv_unit_id"":""4907673"",""rmconv_unit"":""GM"",""yield_qty"":""0"",""discount_application"":""B"",""container_weight"":0,""net_weight"":""3"",""gross_weight"":""3"",""tax_type"":0,""excise_duty"":0,""tax1_label"":""CGST"",""tax2_label"":""SGST"",""tax3_label"":""IGST""},{""prev_price"":""90.000000"",""item_id"":""46282718"",""itemname"":""Lemon"",""qty"":3,""price"":90,""amount"":270,""discount"":""0.000"",""lbl_unit"":""Kg"",""unit"":""4907667"",""description"":"""",""hsn_code"":"""",""weighted_price"":90,""invoice_date"":""2026-07-06"",""sap_code"":"""",""purchase_doc_number"":"""",""purchase_invoice_number"":"""",""tax1"":0,""tax2"":0,""tax3"":0,""tax1_amount"":0,""tax2_amount"":0,""tax3_amount"":0,""expiry_date"":"""",""manufacturing_date"":"""",""sap_group_master_id"":0,""category"":""Food"",""yield_qty"":""0"",""discount_application"":""B"",""container_weight"":0,""net_weight"":""3"",""gross_weight"":""3"",""tax_type"":0,""excise_duty"":0,""tax1_label"":""CGST"",""tax2_label"":""SGST"",""tax3_label"":""IGST""},{""prev_price"":""240.000000"",""item_id"":""46283370"",""itemname"":""Peeled Garlic."",""qty"":2,""price"":240,""amount"":480,""discount"":""0.000"",""lbl_unit"":""Kg"",""unit"":""4907667"",""description"":"""",""hsn_code"":"""",""weighted_price"":240,""invoice_date"":""2026-07-06"",""sap_code"":"""",""purchase_doc_number"":"""",""purchase_invoice_number"":"""",""tax1"":0,""tax2"":0,""tax3"":0,""tax1_amount"":0,""tax2_amount"":0,""tax3_amount"":0,""expiry_date"":"""",""manufacturing_date"":"""",""sap_group_master_id"":0,""category"":""Food"",""rmconv_qty"":""1000"",""rmconv_qty_total"":2000,""rmconv_unit_id"":""4907673"",""rmconv_unit"":""GM"",""yield_qty"":""0"",""discount_application"":""B"",""container_weight"":0,""net_weight"":""2"",""gross_weight"":""2"",""tax_type"":0,""excise_duty"":0,""tax1_label"":""CGST"",""tax2_label"":""SGST"",""tax3_label"":""IGST""},{""prev_price"":""25.000000"",""item_id"":""46283211"",""itemname"":""Mint Leaves"",""qty"":1,""price"":25,""amount"":25,""discount"":""0.000"",""lbl_unit"":""Piece"",""unit"":""4907666"",""description"":"""",""hsn_code"":"""",""weighted_price"":25,""invoice_date"":""2026-07-06"",""sap_code"":"""",""purchase_doc_number"":"""",""purchase_invoice_number"":"""",""tax1"":0,""tax2"":0,""tax3"":0,""tax1_amount"":0,""tax2_amount"":0,""tax3_amount"":0,""expiry_date"":"""",""manufacturing_date"":"""",""sap_group_master_id"":0,""category"":""Food"",""yield_qty"":""0"",""discount_application"":""B"",""container_weight"":0,""net_weight"":""1"",""gross_weight"":""1"",""tax_type"":0,""excise_duty"":0,""tax1_label"":""CGST"",""tax2_label"":""SGST"",""tax3_label"":""IGST""},{""prev_price"":""200.000000"",""item_id"":""46282709"",""itemname"":""Green Garlic"",""qty"":2,""price"":200,""amount"":400,""discount"":""0.000"",""lbl_unit"":""Kg"",""unit"":""4907667"",""description"":"""",""hsn_code"":"""",""weighted_price"":200,""invoice_date"":""2026-07-06"",""sap_code"":"""",""purchase_doc_number"":"""",""purchase_invoice_number"":"""",""tax1"":0,""tax2"":0,""tax3"":0,""tax1_amount"":0,""tax2_amount"":0,""tax3_amount"":0,""expiry_date"":"""",""manufacturing_date"":"""",""sap_group_master_id"":0,""category"":""Food"",""rmconv_qty"":""1000"",""rmconv_qty_total"":2000,""rmconv_unit_id"":""4907673"",""rmconv_unit"":""GM"",""yield_qty"":""0"",""discount_application"":""B"",""container_weight"":0,""net_weight"":""2"",""gross_weight"":""2"",""tax_type"":0,""excise_duty"":0,""tax1_label"":""CGST"",""tax2_label"":""SGST"",""tax3_label"":""IGST""},{""prev_price"":""70.000000"",""item_id"":""46282770"",""itemname"":""Green Bell Pepper"",""qty"":3,""price"":70,""amount"":210,""discount"":""0.000"",""lbl_unit"":""Kg"",""unit"":""4907667"",""description"":"""",""hsn_code"":"""",""weighted_price"":70,""invoice_date"":""2026-07-06"",""sap_code"":"""",""purchase_doc_number"":"""",""purchase_invoice_number"":"""",""tax1"":0,""tax2"":0,""tax3"":0,""tax1_amount"":0,""tax2_amount"":0,""tax3_amount"":0,""expiry_date"":"""",""manufacturing_date"":"""",""sap_group_master_id"":0,""category"":""Food"",""rmconv_qty"":""1000"",""rmconv_qty_total"":3000,""rmconv_unit_id"":""4907673"",""rmconv_unit"":""GM"",""yield_qty"":""0"",""discount_application"":""B"",""container_weight"":0,""net_weight"":""3"",""gross_weight"":""3"",""tax_type"":0,""excise_duty"":0,""tax1_label"":""CGST"",""tax2_label"":""SGST"",""tax3_label"":""IGST""}]",[],0,0,,,[],[],,,,,,,1,,,,,,,,,,,,,,,,,,,,,,,,,,,,,,,,,,,,,,,,,,,,,,,,,,,,,,,,,,,,,,,,,,,,,,,,,,,,,,,,,,,,,,,,,,,,,,,,,,,,,,,,,,,,,,,,,,,,,,,,,,,,,,,,,,,,,,,,,,,,,,,,,,,,,,,,,,,,,,,,,,,,,,,,,,6a4b8b3e-55b4-4583-8e29-4be53c009e87,6a50d34a-8ec8-40d3-8482-0a623c009e87,60.0.158.135,60.0.130.163,,,,,,,,,,,,,,,,,,,,,,,,,,,,,,,,,,,,,,,,,,,,,,,,,,,,,,,,,,,,,,,,,,,,,,,,,,,,,,,,,,,,,,,,,,,,,,,,,,,,,,,,,,,,,,,,,,,,,,,,,,,,,,,,,,,,,,,,,,,,,,,,,,,,,,,,,,,,,,,,,,,,,,,,,,,,,,,,,,,,,,,,,,,,,,,,,,,,,,,,,,,,,,,,,,,,,,,,,,,,,,,,,,,,,,,,,,,,,,,,,,,,,,,,,,,,,,,,,,,,,,,,,,,,,,,,,,,,,,,,,,,,,,,,,,,,,,,,,,,,,,,,,,,,,,,,,,,,,,,,,,,,,,,,,,,,,,,,,,,,,,,,,,,,,,,,,,,,,,,,,,,,,,,,,,,,,,,,,,,,,,,,,,,,,,,,,,,,,,,,,,,,,,,,,,,,,,,,,,,,,,,,,,,,,,,,,,,,,,,,,,,,,,,,,,,,,,,,,,,,,,,,,,,,,,,,,,,,,,,,,,,,,,,,,,,,,,,,,,,,,,,,,,,,,,,,,,,,,,,,,,,,,,,,,,,,,,,,,,,,,,,,,,,,,,,,,,,,,,,,,,,,,,,,,
Surat Prep Kitchen,376017,134217313,Normal,,2587,INV-26y0706-0010,2026-07-06,2440,0,Active,Unpaid,,2440,0,0,0,0.00,0,0,0,0,2026-07-06 16:19:25,2026-07-10 16:40:55,891257,Supplier,,Surat,Surat Prep Kitchen,Gujarat,,"Gujarat Hira Bourse , Ichchapore",9016168269,,,,,Vr Agro,Supplier,rajmewara004@gmail.com,Gujarat,,"56 basement NSTM sardar ,market puna kumbahraiya road, surat -395010",7096748177,0,,,,,1,,,0,,"[{""prev_price"":""200.000000"",""item_id"":""46282709"",""itemname"":""Green Garlic"",""qty"":2,""price"":200,""amount"":400,""discount"":""0.000"",""lbl_unit"":""Kg"",""unit"":""4907667"",""description"":"""",""hsn_code"":"""",""weighted_price"":200,""invoice_date"":""2026-07-06"",""sap_code"":"""",""purchase_doc_number"":"""",""purchase_invoice_number"":"""",""tax1"":0,""tax2"":0,""tax3"":0,""tax1_amount"":0,""tax2_amount"":0,""tax3_amount"":0,""expiry_date"":"""",""manufacturing_date"":"""",""sap_group_master_id"":0,""category"":""Food"",""rmconv_qty"":""1000"",""rmconv_qty_total"":2000,""rmconv_unit_id"":""4907673"",""rmconv_unit"":""GM"",""yield_qty"":""0"",""discount_application"":""B"",""container_weight"":0,""net_weight"":""2"",""gross_weight"":""2"",""tax_type"":0,""excise_duty"":0,""tax1_label"":""CGST"",""tax2_label"":""SGST"",""tax3_label"":""IGST""},{""prev_price"":""295.000000"",""item_id"":""46282704"",""itemname"":""Broccoli"",""qty"":3,""price"":295,""amount"":885,""discount"":""0.000"",""lbl_unit"":""Kg"",""unit"":""4907667"",""description"":"""",""hsn_code"":"""",""weighted_price"":295,""invoice_date"":""2026-07-06"",""sap_code"":"""",""purchase_doc_number"":"""",""purchase_invoice_number"":"""",""tax1"":0,""tax2"":0,""tax3"":0,""tax1_amount"":0,""tax2_amount"":0,""tax3_amount"":0,""expiry_date"":"""",""manufacturing_date"":"""",""sap_group_master_id"":0,""category"":""Food"",""rmconv_qty"":""1000"",""rmconv_qty_total"":3000,""rmconv_unit_id"":""4907673"",""rmconv_unit"":""GM"",""yield_qty"":""0"",""discount_application"":""B"",""container_weight"":0,""net_weight"":""3"",""gross_weight"":""3"",""tax_type"":0,""excise_duty"":0,""tax1_label"":""CGST"",""tax2_label"":""SGST"",""tax3_label"":""IGST""},{""prev_price"":""70.000000"",""item_id"":""46282770"",""itemname"":""Green Bell Pepper"",""qty"":3,""price"":70,""amount"":210,""discount"":""0.000"",""lbl_unit"":""Kg"",""unit"":""4907667"",""description"":"""",""hsn_code"":"""",""weighted_price"":70,""invoice_date"":""2026-07-06"",""sap_code"":"""",""purchase_doc_number"":"""",""purchase_invoice_number"":"""",""tax1"":0,""tax2"":0,""tax3"":0,""tax1_amount"":0,""tax2_amount"":0,""tax3_amount"":0,""expiry_date"":"""",""manufacturing_date"":"""",""sap_group_master_id"":0,""category"":""Food"",""rmconv_qty"":""1000"",""rmconv_qty_total"":3000,""rmconv_unit_id"":""4907673"",""rmconv_unit"":""GM"",""yield_qty"":""0"",""discount_application"":""B"",""container_weight"":0,""net_weight"":""3"",""gross_weight"":""3"",""tax_type"":0,""excise_duty"":0,""tax1_label"":""CGST"",""tax2_label"":""SGST"",""tax3_label"":""IGST""},{""prev_price"":""140.000000"",""item_id"":""46283365"",""itemname"":""Coriander"",""qty"":0.5,""price"":140,""amount"":70,""discount"":""0.000"",""lbl_unit"":""Kg"",""unit"":""4907667"",""description"":"""",""hsn_code"":"""",""weighted_price"":140,""invoice_date"":""2026-07-06"",""sap_code"":"""",""purchase_doc_number"":"""",""purchase_invoice_number"":"""",""tax1"":0,""tax2"":0,""tax3"":0,""tax1_amount"":0,""tax2_amount"":0,""tax3_amount"":0,""expiry_date"":"""",""manufacturing_date"":"""",""sap_group_master_id"":0,""category"":""Food"",""rmconv_qty"":""1000"",""rmconv_qty_total"":500,""rmconv_unit_id"":""4907673"",""rmconv_unit"":""GM"",""yield_qty"":""0"",""discount_application"":""B"",""container_weight"":0,""net_weight"":""0.5"",""gross_weight"":""0.5"",""tax_type"":0,""excise_duty"":0,""tax1_label"":""CGST"",""tax2_label"":""SGST"",""tax3_label"":""IGST""},{""prev_price"":""240.000000"",""item_id"":""46283370"",""itemname"":""Peeled Garlic."",""qty"":2,""price"":240,""amount"":480,""discount"":""0.000"",""lbl_unit"":""Kg"",""unit"":""4907667"",""description"":"""",""hsn_code"":"""",""weighted_price"":240,""invoice_date"":""2026-07-06"",""sap_code"":"""",""purchase_doc_number"":"""",""purchase_invoice_number"":"""",""tax1"":0,""tax2"":0,""tax3"":0,""tax1_amount"":0,""tax2_amount"":0,""tax3_amount"":0,""expiry_date"":"""",""manufacturing_date"":"""",""sap_group_master_id"":0,""category"":""Food"",""rmconv_qty"":""1000"",""rmconv_qty_total"":2000,""rmconv_unit_id"":""4907673"",""rmconv_unit"":""GM"",""yield_qty"":""0"",""discount_application"":""B"",""container_weight"":0,""net_weight"":""2"",""gross_weight"":""2"",""tax_type"":0,""excise_duty"":0,""tax1_label"":""CGST"",""tax2_label"":""SGST"",""tax3_label"":""IGST""},{""prev_price"":""25.000000"",""item_id"":""46283211"",""itemname"":""Mint Leaves"",""qty"":1,""price"":25,""amount"":25,""discount"":""0.000"",""lbl_unit"":""Piece"",""unit"":""4907666"",""description"":"""",""hsn_code"":"""",""weighted_price"":25,""invoice_date"":""2026-07-06"",""sap_code"":"""",""purchase_doc_number"":"""",""purchase_invoice_number"":"""",""tax1"":0,""tax2"":0,""tax3"":0,""tax1_amount"":0,""tax2_amount"":0,""tax3_amount"":0,""expiry_date"":"""",""manufacturing_date"":"""",""sap_group_master_id"":0,""category"":""Food"",""yield_qty"":""0"",""discount_application"":""B"",""container_weight"":0,""net_weight"":""1"",""gross_weight"":""1"",""tax_type"":0,""excise_duty"":0,""tax1_label"":""CGST"",""tax2_label"":""SGST"",""tax3_label"":""IGST""},{""prev_price"":""90.000000"",""item_id"":""46282718"",""itemname"":""Lemon"",""qty"":3,""price"":90,""amount"":270,""discount"":""0.000"",""lbl_unit"":""Kg"",""unit"":""4907667"",""description"":"""",""hsn_code"":"""",""weighted_price"":90,""invoice_date"":""2026-07-06"",""sap_code"":"""",""purchase_doc_number"":"""",""purchase_invoice_number"":"""",""tax1"":0,""tax2"":0,""tax3"":0,""tax1_amount"":0,""tax2_amount"":0,""tax3_amount"":0,""expiry_date"":"""",""manufacturing_date"":"""",""sap_group_master_id"":0,""category"":""Food"",""yield_qty"":""0"",""discount_application"":""B"",""container_weight"":0,""net_weight"":""3"",""gross_weight"":""3"",""tax_type"":0,""excise_duty"":0,""tax1_label"":""CGST"",""tax2_label"":""SGST"",""tax3_label"":""IGST""},{""prev_price"":""100.000000"",""item_id"":""46282817"",""itemname"":""Spring Onion ."",""qty"":1,""price"":100,""amount"":100,""discount"":""0.000"",""lbl_unit"":""Kg"",""unit"":""4907667"",""description"":"""",""hsn_code"":"""",""weighted_price"":100,""invoice_date"":""2026-07-06"",""sap_code"":"""",""purchase_doc_number"":"""",""purchase_invoice_number"":"""",""tax1"":0,""tax2"":0,""tax3"":0,""tax1_amount"":0,""tax2_amount"":0,""tax3_amount"":0,""expiry_date"":"""",""manufacturing_date"":"""",""sap_group_master_id"":0,""category"":""Food"",""rmconv_qty"":""1000"",""rmconv_qty_total"":1000,""rmconv_unit_id"":""4907673"",""rmconv_unit"":""GM"",""yield_qty"":""0"",""discount_application"":""B"",""container_weight"":0,""net_weight"":""1"",""gross_weight"":""1"",""tax_type"":0,""excise_duty"":0,""tax1_label"":""CGST"",""tax2_label"":""SGST"",""tax3_label"":""IGST""}]",[],0,0,,,[],[],,,,,,,1,,,,,,,,,,,,,,,,,,,,,,,,,,,,,,,,,,,,,,,,,,,,,,,,,,,,,,,,,,,,,,,,,,,,,,,,,,,,,,,,,,,,,,,,,,,,,,,,,,,,,,,,,,,,,,,,,,,,,,,,,,,,,,,,,,,,,,,,,,,,,,,,,,,,,,,,,,,,,,,,,,,,,,,,,,,,,,6a4b87c7-a224-4641-9b4d-36bb3c009e87,6a50d336-9920-49a2-a177-68933c008b9b,60.0.157.239,60.0.130.163,,,,,,,,,,,,,,,,,,,,,,,,,,,,,,,,,,,,,,,,,,,,,,,,,,,,,,,,,,,,,,,,,,,,,,,,,,,,,,,,,,,,,,,,,,,,,,,,,,,,,,,,,,,,,,,,,,,,,,,,,,,,,,,,,,,,,,,,,,,,,,,,,,,,,,,,,,,,,,,,,,,,,,,,,,,,,,,,,,,,,,,,,,,,,,,,,,,,,,,,,,,,,,,,,,,,,,,,,,,,,,,,,,,,,,,,,,,,,,,,,,,,,,,,,,,,,,,,,,,,,,,,,,,,,,,,,,,,,,,,,,,,,,,,,,,,,,,,,,,,,,,,,,,,,,,,,,,,,,,,,,,,,,,,,,,,,,,,,,,,,,,,,,,,,,,,,,,,,,,,,,,,,,,,,,,,,,,,,,,,,,,,,,,,,,,,,,,,,,,,,,,,,,,,,,,,,,,,,,,,,,,,,,,,,,,,,,,,,,,,,,,,,,,,,,,,,,,,,,,,,,,,,,,,,,,,,,,,,,,,,,,,,,,,,,,,,,,,,,,,,,,,,,,,,,,,,,,,,,,,,,,,,,,,,,,,,,,,,,,,,,,,,,,,,,,,,,,,,,,,,,,,,
Surat Prep Kitchen,376017,134216953,Normal,,2586,INV-26y0706-0008,2026-07-06,2360,0,Active,Unpaid,,2360,0,0,0,0.00,0,0,0,0,2026-07-06 16:16:56,2026-07-10 16:40:32,891257,Supplier,,Surat,Surat Prep Kitchen,Gujarat,,"Gujarat Hira Bourse , Ichchapore",9016168269,,,,,Vr Agro,Supplier,rajmewara004@gmail.com,Gujarat,,"56 basement NSTM sardar ,market puna kumbahraiya road, surat -395010",7096748177,0,,,,,1,,,0,,"[{""prev_price"":""295.000000"",""item_id"":""46282704"",""itemname"":""Broccoli"",""qty"":3,""price"":295,""amount"":885,""discount"":""0.000"",""lbl_unit"":""Kg"",""unit"":""4907667"",""description"":"""",""hsn_code"":"""",""weighted_price"":295,""invoice_date"":""2026-07-06"",""sap_code"":"""",""purchase_doc_number"":"""",""purchase_invoice_number"":"""",""tax1"":0,""tax2"":0,""tax3"":0,""tax1_amount"":0,""tax2_amount"":0,""tax3_amount"":0,""expiry_date"":"""",""manufacturing_date"":"""",""sap_group_master_id"":0,""category"":""Food"",""rmconv_qty"":""1000"",""rmconv_qty_total"":3000,""rmconv_unit_id"":""4907673"",""rmconv_unit"":""GM"",""yield_qty"":""0"",""discount_application"":""B"",""container_weight"":0,""net_weight"":""3"",""gross_weight"":""3"",""tax_type"":0,""excise_duty"":0,""tax1_label"":""CGST"",""tax2_label"":""SGST"",""tax3_label"":""IGST""},{""prev_price"":""25.000000"",""item_id"":""46283211"",""itemname"":""Mint Leaves"",""qty"":1,""price"":25,""amount"":25,""discount"":""0.000"",""lbl_unit"":""Piece"",""unit"":""4907666"",""description"":"""",""hsn_code"":"""",""weighted_price"":25,""invoice_date"":""2026-07-06"",""sap_code"":"""",""purchase_doc_number"":"""",""purchase_invoice_number"":"""",""tax1"":0,""tax2"":0,""tax3"":0,""tax1_amount"":0,""tax2_amount"":0,""tax3_amount"":0,""expiry_date"":"""",""manufacturing_date"":"""",""sap_group_master_id"":0,""category"":""Food"",""yield_qty"":""0"",""discount_application"":""B"",""container_weight"":0,""net_weight"":""1"",""gross_weight"":""1"",""tax_type"":0,""excise_duty"":0,""tax1_label"":""CGST"",""tax2_label"":""SGST"",""tax3_label"":""IGST""},{""prev_price"":""140.000000"",""item_id"":""46283365"",""itemname"":""Coriander"",""qty"":0.5,""price"":140,""amount"":70,""discount"":""0.000"",""lbl_unit"":""Kg"",""unit"":""4907667"",""description"":"""",""hsn_code"":"""",""weighted_price"":140,""invoice_date"":""2026-07-06"",""sap_code"":"""",""purchase_doc_number"":"""",""purchase_invoice_number"":"""",""tax1"":0,""tax2"":0,""tax3"":0,""tax1_amount"":0,""tax2_amount"":0,""tax3_amount"":0,""expiry_date"":"""",""manufacturing_date"":"""",""sap_group_master_id"":0,""category"":""Food"",""rmconv_qty"":""1000"",""rmconv_qty_total"":500,""rmconv_unit_id"":""4907673"",""rmconv_unit"":""GM"",""yield_qty"":""0"",""discount_application"":""B"",""container_weight"":0,""net_weight"":""0.5"",""gross_weight"":""0.5"",""tax_type"":0,""excise_duty"":0,""tax1_label"":""CGST"",""tax2_label"":""SGST"",""tax3_label"":""IGST""},{""prev_price"":""55.000000"",""item_id"":""46282723"",""itemname"":""Spinach Palak"",""qty"":2,""price"":55,""amount"":110,""discount"":""0.000"",""lbl_unit"":""Kg"",""unit"":""4907667"",""description"":"""",""hsn_code"":"""",""weighted_price"":55,""invoice_date"":""2026-07-06"",""sap_code"":"""",""purchase_doc_number"":"""",""purchase_invoice_number"":"""",""tax1"":0,""tax2"":0,""tax3"":0,""tax1_amount"":0,""tax2_amount"":0,""tax3_amount"":0,""expiry_date"":"""",""manufacturing_date"":"""",""sap_group_master_id"":0,""category"":""Food"",""rmconv_qty"":""1000"",""rmconv_qty_total"":2000,""rmconv_unit_id"":""4907673"",""rmconv_unit"":""GM"",""yield_qty"":""0"",""discount_application"":""B"",""container_weight"":0,""net_weight"":""2"",""gross_weight"":""2"",""tax_type"":0,""excise_duty"":0,""tax1_label"":""CGST"",""tax2_label"":""SGST"",""tax3_label"":""IGST""},{""prev_price"":""100.000000"",""item_id"":""46282817"",""itemname"":""Spring Onion ."",""qty"":4,""price"":100,""amount"":400,""discount"":""0.000"",""lbl_unit"":""Kg"",""unit"":""4907667"",""description"":"""",""hsn_code"":"""",""weighted_price"":100,""invoice_date"":""2026-07-06"",""sap_code"":"""",""purchase_doc_number"":"""",""purchase_invoice_number"":"""",""tax1"":0,""tax2"":0,""tax3"":0,""tax1_amount"":0,""tax2_amount"":0,""tax3_amount"":0,""expiry_date"":"""",""manufacturing_date"":"""",""sap_group_master_id"":0,""category"":""Food"",""rmconv_qty"":""1000"",""rmconv_qty_total"":4000,""rmconv_unit_id"":""4907673"",""rmconv_unit"":""GM"",""yield_qty"":""0"",""discount_application"":""B"",""container_weight"":0,""net_weight"":""4"",""gross_weight"":""4"",""tax_type"":0,""excise_duty"":0,""tax1_label"":""CGST"",""tax2_label"":""SGST"",""tax3_label"":""IGST""},{""prev_price"":""30.000000"",""item_id"":""46283340"",""itemname"":""Cabbage"",""qty"":1,""price"":30,""amount"":30,""discount"":""0.000"",""lbl_unit"":""Kg"",""unit"":""4907667"",""description"":"""",""hsn_code"":"""",""weighted_price"":30,""invoice_date"":""2026-07-06"",""sap_code"":"""",""purchase_doc_number"":"""",""purchase_invoice_number"":"""",""tax1"":0,""tax2"":0,""tax3"":0,""tax1_amount"":0,""tax2_amount"":0,""tax3_amount"":0,""expiry_date"":"""",""manufacturing_date"":"""",""sap_group_master_id"":0,""category"":""Food"",""yield_qty"":""0"",""discount_application"":""B"",""container_weight"":0,""net_weight"":""1"",""gross_weight"":""1"",""tax_type"":0,""excise_duty"":0,""tax1_label"":""CGST"",""tax2_label"":""SGST"",""tax3_label"":""IGST""},{""prev_price"":""240.000000"",""item_id"":""46283370"",""itemname"":""Peeled Garlic."",""qty"":2,""price"":240,""amount"":480,""discount"":""0.000"",""lbl_unit"":""Kg"",""unit"":""4907667"",""description"":"""",""hsn_code"":"""",""weighted_price"":240,""invoice_date"":""2026-07-06"",""sap_code"":"""",""purchase_doc_number"":"""",""purchase_invoice_number"":"""",""tax1"":0,""tax2"":0,""tax3"":0,""tax1_amount"":0,""tax2_amount"":0,""tax3_amount"":0,""expiry_date"":"""",""manufacturing_date"":"""",""sap_group_master_id"":0,""category"":""Food"",""rmconv_qty"":""1000"",""rmconv_qty_total"":2000,""rmconv_unit_id"":""4907673"",""rmconv_unit"":""GM"",""yield_qty"":""0"",""discount_application"":""B"",""container_weight"":0,""net_weight"":""2"",""gross_weight"":""2"",""tax_type"":0,""excise_duty"":0,""tax1_label"":""CGST"",""tax2_label"":""SGST"",""tax3_label"":""IGST""},{""prev_price"":""90.000000"",""item_id"":""46282718"",""itemname"":""Lemon"",""qty"":4,""price"":90,""amount"":360,""discount"":""0.000"",""lbl_unit"":""Kg"",""unit"":""4907667"",""description"":"""",""hsn_code"":"""",""weighted_price"":90,""invoice_date"":""2026-07-06"",""sap_code"":"""",""purchase_doc_number"":"""",""purchase_invoice_number"":"""",""tax1"":0,""tax2"":0,""tax3"":0,""tax1_amount"":0,""tax2_amount"":0,""tax3_amount"":0,""expiry_date"":"""",""manufacturing_date"":"""",""sap_group_master_id"":0,""category"":""Food"",""yield_qty"":""0"",""discount_application"":""B"",""container_weight"":0,""net_weight"":""4"",""gross_weight"":""4"",""tax_type"":0,""excise_duty"":0,""tax1_label"":""CGST"",""tax2_label"":""SGST"",""tax3_label"":""IGST""}]",[],0,0,,,[],[],,,,,,,1,,,,,,,,,,,,,,,,,,,,,,,,,,,,,,,,,,,,,,,,,,,,,,,,,,,,,,,,,,,,,,,,,,,,,,,,,,,,,,,,,,,,,,,,,,,,,,,,,,,,,,,,,,,,,,,,,,,,,,,,,,,,,,,,,,,,,,,,,,,,,,,,,,,,,,,,,,,,,,,,,,,,,,,,,,,,,,,,,,6a4b8679-bf18-438c-9dd5-768f3c008e0a,6a50d31d-0604-48a5-9722-46b73c008ca8,60.0.158.135,60.0.139.155,,,,,,,,,,,,,,,,,,,,,,,,,,,,,,,,,,,,,,,,,,,,,,,,,,,,,,,,,,,,,,,,,,,,,,,,,,,,,,,,,,,,,,,,,,,,,,,,,,,,,,,,,,,,,,,,,,,,,,,,,,,,,,,,,,,,,,,,,,,,,,,,,,,,,,,,,,,,,,,,,,,,,,,,,,,,,,,,,,,,,,,,,,,,,,,,,,,,,,,,,,,,,,,,,,,,,,,,,,,,,,,,,,,,,,,,,,,,,,,,,,,,,,,,,,,,,,,,,,,,,,,,,,,,,,,,,,,,,,,,,,,,,,,,,,,,,,,,,,,,,,,,,,,,,,,,,,,,,,,,,,,,,,,,,,,,,,,,,,,,,,,,,,,,,,,,,,,,,,,,,,,,,,,,,,,,,,,,,,,,,,,,,,,,,,,,,,,,,,,,,,,,,,,,,,,,,,,,,,,,,,,,,,,,,,,,,,,,,,,,,,,,,,,,,,,,,,,,,,,,,,,,,,,,,,,,,,,,,,,,,,,,,,,,,,,,,,,,,,,,,,,,,,,,,,,,,,,,,,,,,,,,,,,,,,,,,,,,,,,,,,,,,,,,,,,,,,,,,,,,,
Surat Prep Kitchen,376017,134213110,Normal,,2585,INV-26y07050018,2026-07-05,3627.5,0,Active,Unpaid,,3627.5,0,0,0,0.00,0,0,0,0,2026-07-06 15:51:09,2026-07-10 16:40:01,891257,Supplier,,Surat,Surat Prep Kitchen,Gujarat,,"Gujarat Hira Bourse , Ichchapore",9016168269,,,,,Vr Agro,Supplier,rajmewara004@gmail.com,Gujarat,,"56 basement NSTM sardar ,market puna kumbahraiya road, surat -395010",7096748177,0,,,,,1,,,0,,"[{""prev_price"":""215.000000"",""item_id"":""46282704"",""itemname"":""Broccoli"",""qty"":2,""price"":215,""amount"":430,""discount"":""0.000"",""lbl_unit"":""Kg"",""unit"":""4907667"",""description"":"""",""hsn_code"":"""",""weighted_price"":215,""invoice_date"":""2026-07-05"",""sap_code"":"""",""purchase_doc_number"":"""",""purchase_invoice_number"":"""",""tax1"":0,""tax2"":0,""tax3"":0,""tax1_amount"":0,""tax2_amount"":0,""tax3_amount"":0,""expiry_date"":"""",""manufacturing_date"":"""",""sap_group_master_id"":0,""category"":""Food"",""rmconv_qty"":""1000"",""rmconv_qty_total"":2000,""rmconv_unit_id"":""4907673"",""rmconv_unit"":""GM"",""yield_qty"":""0"",""discount_application"":""B"",""container_weight"":0,""net_weight"":""2"",""gross_weight"":""2"",""tax_type"":0,""excise_duty"":0,""tax1_label"":""CGST"",""tax2_label"":""SGST"",""tax3_label"":""IGST""},{""prev_price"":""130.000000"",""item_id"":""46282699"",""itemname"":""Pineapple"",""qty"":3,""price"":130,""amount"":390,""discount"":""0.000"",""lbl_unit"":""pcs"",""unit"":""5165360"",""description"":"""",""hsn_code"":"""",""weighted_price"":130,""invoice_date"":""2026-07-05"",""sap_code"":"""",""purchase_doc_number"":"""",""purchase_invoice_number"":"""",""tax1"":0,""tax2"":0,""tax3"":0,""tax1_amount"":0,""tax2_amount"":0,""tax3_amount"":0,""expiry_date"":"""",""manufacturing_date"":"""",""sap_group_master_id"":0,""category"":""Food"",""yield_qty"":""0"",""discount_application"":""B"",""container_weight"":0,""net_weight"":""3"",""gross_weight"":""3"",""tax_type"":0,""excise_duty"":0,""tax1_label"":""CGST"",""tax2_label"":""SGST"",""tax3_label"":""IGST""},{""prev_price"":""55.000000"",""item_id"":""46282800"",""itemname"":""Carrot"",""qty"":2,""price"":55,""amount"":110,""discount"":""0.000"",""lbl_unit"":""Kg"",""unit"":""4907667"",""description"":"""",""hsn_code"":"""",""weighted_price"":55,""invoice_date"":""2026-07-05"",""sap_code"":"""",""purchase_doc_number"":"""",""purchase_invoice_number"":"""",""tax1"":0,""tax2"":0,""tax3"":0,""tax1_amount"":0,""tax2_amount"":0,""tax3_amount"":0,""expiry_date"":"""",""manufacturing_date"":"""",""sap_group_master_id"":0,""category"":""Food"",""rmconv_qty"":""1000"",""rmconv_qty_total"":2000,""rmconv_unit_id"":""4907673"",""rmconv_unit"":""GM"",""yield_qty"":""0"",""discount_application"":""B"",""container_weight"":0,""net_weight"":""2"",""gross_weight"":""2"",""tax_type"":0,""excise_duty"":0,""tax1_label"":""CGST"",""tax2_label"":""SGST"",""tax3_label"":""IGST""},{""prev_price"":""200.000000"",""item_id"":""46282709"",""itemname"":""Green Garlic"",""qty"":2,""price"":200,""amount"":400,""discount"":""0.000"",""lbl_unit"":""Kg"",""unit"":""4907667"",""description"":"""",""hsn_code"":"""",""weighted_price"":200,""invoice_date"":""2026-07-05"",""sap_code"":"""",""purchase_doc_number"":"""",""purchase_invoice_number"":"""",""tax1"":0,""tax2"":0,""tax3"":0,""tax1_amount"":0,""tax2_amount"":0,""tax3_amount"":0,""expiry_date"":"""",""manufacturing_date"":"""",""sap_group_master_id"":0,""category"":""Food"",""rmconv_qty"":""1000"",""rmconv_qty_total"":2000,""rmconv_unit_id"":""4907673"",""rmconv_unit"":""GM"",""yield_qty"":""0"",""discount_application"":""B"",""container_weight"":0,""net_weight"":""2"",""gross_weight"":""2"",""tax_type"":0,""excise_duty"":0,""tax1_label"":""CGST"",""tax2_label"":""SGST"",""tax3_label"":""IGST""},{""prev_price"":""230.000000"",""item_id"":""46283370"",""itemname"":""Peeled Garlic."",""qty"":5,""price"":230,""amount"":1150,""discount"":""0.000"",""lbl_unit"":""Kg"",""unit"":""4907667"",""description"":"""",""hsn_code"":"""",""weighted_price"":230,""invoice_date"":""2026-07-05"",""sap_code"":"""",""purchase_doc_number"":"""",""purchase_invoice_number"":"""",""tax1"":0,""tax2"":0,""tax3"":0,""tax1_amount"":0,""tax2_amount"":0,""tax3_amount"":0,""expiry_date"":"""",""manufacturing_date"":"""",""sap_group_master_id"":0,""category"":""Food"",""rmconv_qty"":""1000"",""rmconv_qty_total"":5000,""rmconv_unit_id"":""4907673"",""rmconv_unit"":""GM"",""yield_qty"":""0"",""discount_application"":""B"",""container_weight"":0,""net_weight"":""5"",""gross_weight"":""5"",""tax_type"":0,""excise_duty"":0,""tax1_label"":""CGST"",""tax2_label"":""SGST"",""tax3_label"":""IGST""},{""prev_price"":""25.000000"",""item_id"":""46283211"",""itemname"":""Mint Leaves"",""qty"":2,""price"":25,""amount"":50,""discount"":""0.000"",""lbl_unit"":""Piece"",""unit"":""4907666"",""description"":"""",""hsn_code"":"""",""weighted_price"":25,""invoice_date"":""2026-07-05"",""sap_code"":"""",""purchase_doc_number"":"""",""purchase_invoice_number"":"""",""tax1"":0,""tax2"":0,""tax3"":0,""tax1_amount"":0,""tax2_amount"":0,""tax3_amount"":0,""expiry_date"":"""",""manufacturing_date"":"""",""sap_group_master_id"":0,""category"":""Food"",""yield_qty"":""0"",""discount_application"":""B"",""container_weight"":0,""net_weight"":""2"",""gross_weight"":""2"",""tax_type"":0,""excise_duty"":0,""tax1_label"":""CGST"",""tax2_label"":""SGST"",""tax3_label"":""IGST""},{""prev_price"":""55.000000"",""item_id"":""46282723"",""itemname"":""Spinach Palak"",""qty"":0.5,""price"":55,""amount"":27.5,""discount"":""0.000"",""lbl_unit"":""Kg"",""unit"":""4907667"",""description"":"""",""hsn_code"":"""",""weighted_price"":55,""invoice_date"":""2026-07-05"",""sap_code"":"""",""purchase_doc_number"":"""",""purchase_invoice_number"":"""",""tax1"":0,""tax2"":0,""tax3"":0,""tax1_amount"":0,""tax2_amount"":0,""tax3_amount"":0,""expiry_date"":"""",""manufacturing_date"":"""",""sap_group_master_id"":0,""category"":""Food"",""rmconv_qty"":""1000"",""rmconv_qty_total"":500,""rmconv_unit_id"":""4907673"",""rmconv_unit"":""GM"",""yield_qty"":""0"",""discount_application"":""B"",""container_weight"":0,""net_weight"":""0.5"",""gross_weight"":""0.5"",""tax_type"":0,""excise_duty"":0,""tax1_label"":""CGST"",""tax2_label"":""SGST"",""tax3_label"":""IGST""},{""prev_price"":""100.000000"",""item_id"":""46282817"",""itemname"":""Spring Onion ."",""qty"":2,""price"":100,""amount"":200,""discount"":""0.000"",""lbl_unit"":""Kg"",""unit"":""4907667"",""description"":"""",""hsn_code"":"""",""weighted_price"":100,""invoice_date"":""2026-07-05"",""sap_code"":"""",""purchase_doc_number"":"""",""purchase_invoice_number"":"""",""tax1"":0,""tax2"":0,""tax3"":0,""tax1_amount"":0,""tax2_amount"":0,""tax3_amount"":0,""expiry_date"":"""",""manufacturing_date"":"""",""sap_group_master_id"":0,""category"":""Food"",""rmconv_qty"":""1000"",""rmconv_qty_total"":2000,""rmconv_unit_id"":""4907673"",""rmconv_unit"":""GM"",""yield_qty"":""0"",""discount_application"":""B"",""container_weight"":0,""net_weight"":""2"",""gross_weight"":""2"",""tax_type"":0,""excise_duty"":0,""tax1_label"":""CGST"",""tax2_label"":""SGST"",""tax3_label"":""IGST""},{""prev_price"":""32.000000"",""item_id"":""46282722"",""itemname"":""Onion"",""qty"":5,""price"":32,""amount"":160,""discount"":""0.000"",""lbl_unit"":""Kg"",""unit"":""4907667"",""description"":"""",""hsn_code"":"""",""weighted_price"":32,""invoice_date"":""2026-07-05"",""sap_code"":"""",""purchase_doc_number"":"""",""purchase_invoice_number"":"""",""tax1"":0,""tax2"":0,""tax3"":0,""tax1_amount"":0,""tax2_amount"":0,""tax3_amount"":0,""expiry_date"":"""",""manufacturing_date"":"""",""sap_group_master_id"":0,""category"":""Food"",""rmconv_qty"":""1000"",""rmconv_qty_total"":5000,""rmconv_unit_id"":""4907673"",""rmconv_unit"":""GM"",""yield_qty"":""0"",""discount_application"":""B"",""container_weight"":0,""net_weight"":""5"",""gross_weight"":""5"",""tax_type"":0,""excise_duty"":0,""tax1_label"":""CGST"",""tax2_label"":""SGST"",""tax3_label"":""IGST""},{""prev_price"":""130.000000"",""item_id"":""46283365"",""itemname"":""Coriander"",""qty"":0.5,""price"":130,""amount"":65,""discount"":""0.000"",""lbl_unit"":""Kg"",""unit"":""4907667"",""description"":"""",""hsn_code"":"""",""weighted_price"":130,""invoice_date"":""2026-07-05"",""sap_code"":"""",""purchase_doc_number"":"""",""purchase_invoice_number"":"""",""tax1"":0,""tax2"":0,""tax3"":0,""tax1_amount"":0,""tax2_amount"":0,""tax3_amount"":0,""expiry_date"":"""",""manufacturing_date"":"""",""sap_group_master_id"":0,""category"":""Food"",""rmconv_qty"":""1000"",""rmconv_qty_total"":500,""rmconv_unit_id"":""4907673"",""rmconv_unit"":""GM"",""yield_qty"":""0"",""discount_application"":""B"",""container_weight"":0,""net_weight"":""0.5"",""gross_weight"":""0.5"",""tax_type"":0,""excise_duty"":0,""tax1_label"":""CGST"",""tax2_label"":""SGST"",""tax3_label"":""IGST""},{""prev_price"":""70.000000"",""item_id"":""46282770"",""itemname"":""Green Bell Pepper"",""qty"":4,""price"":70,""amount"":280,""discount"":""0.000"",""lbl_unit"":""Kg"",""unit"":""4907667"",""description"":"""",""hsn_code"":"""",""weighted_price"":70,""invoice_date"":""2026-07-05"",""sap_code"":"""",""purchase_doc_number"":"""",""purchase_invoice_number"":"""",""tax1"":0,""tax2"":0,""tax3"":0,""tax1_amount"":0,""tax2_amount"":0,""tax3_amount"":0,""expiry_date"":"""",""manufacturing_date"":"""",""sap_group_master_id"":0,""category"":""Food"",""rmconv_qty"":""1000"",""rmconv_qty_total"":4000,""rmconv_unit_id"":""4907673"",""rmconv_unit"":""GM"",""yield_qty"":""0"",""discount_application"":""B"",""container_weight"":0,""net_weight"":""4"",""gross_weight"":""4"",""tax_type"":0,""excise_duty"":0,""tax1_label"":""CGST"",""tax2_label"":""SGST"",""tax3_label"":""IGST""},{""prev_price"":""95.000000"",""item_id"":""46283203"",""itemname"":""Green Chilli Small"",""qty"":1,""price"":95,""amount"":95,""discount"":""0.000"",""lbl_unit"":""Kg"",""unit"":""4907667"",""description"":"""",""hsn_code"":"""",""weighted_price"":95,""invoice_date"":""2026-07-05"",""sap_code"":"""",""purchase_doc_number"":"""",""purchase_invoice_number"":"""",""tax1"":0,""tax2"":0,""tax3"":0,""tax1_amount"":0,""tax2_amount"":0,""tax3_amount"":0,""expiry_date"":"""",""manufacturing_date"":"""",""sap_group_master_id"":0,""category"":""Food"",""rmconv_qty"":""1000"",""rmconv_qty_total"":1000,""rmconv_unit_id"":""4907673"",""rmconv_unit"":""GM"",""yield_qty"":""0"",""discount_application"":""B"",""container_weight"":0,""net_weight"":""1"",""gross_weight"":""1"",""tax_type"":0,""excise_duty"":0,""tax1_label"":""CGST"",""tax2_label"":""SGST"",""tax3_label"":""IGST""},{""prev_price"":""90.000000"",""item_id"":""46283208"",""itemname"":""Sweet Corn Frozen Pkt"",""qty"":3,""price"":90,""amount"":270,""discount"":""0.000"",""lbl_unit"":""Kg"",""unit"":""4907667"",""description"":"""",""hsn_code"":"""",""weighted_price"":90,""invoice_date"":""2026-07-05"",""sap_code"":"""",""purchase_doc_number"":"""",""purchase_invoice_number"":"""",""tax1"":0,""tax2"":0,""tax3"":0,""tax1_amount"":0,""tax2_amount"":0,""tax3_amount"":0,""expiry_date"":"""",""manufacturing_date"":"""",""sap_group_master_id"":0,""category"":""Food"",""rmconv_qty"":""1000"",""rmconv_qty_total"":3000,""rmconv_unit_id"":""4907673"",""rmconv_unit"":""GM"",""yield_qty"":""0"",""discount_application"":""B"",""container_weight"":0,""net_weight"":""3"",""gross_weight"":""3"",""tax_type"":0,""excise_duty"":0,""tax1_label"":""CGST"",""tax2_label"":""SGST"",""tax3_label"":""IGST""}]",[],0,0,,,[],[],,,,,,,1,,,,,,,,,,,,,,,,,,,,,,,,,,,,,,,,,,,,,,,,,,,,,,,,,,,,,,,,,,,,,,,,,,,,,,,,,,,,,,,,,,,,,,,,,,,,,,,,,,,,,,,,,,,,,,,,,,,,,,,,,,,,,,,,,,,,,,,,,,,,,,,,,,,,,,,,,,,,,,,,,,,,,,,,,,,,,,,,,,,,,,6a4b80ca-ed28-4d54-b048-61793c008e0a,6a50d2fd-69fc-4f24-b0d6-46903c008ca8,60.0.131.39,60.0.158.135,,,,,,,,,,,,,,,,,,,,,,,,,,,,,,,,,,,,,,,,,,,,,,,,,,,,,,,,,,,,,,,,,,,,,,,,,,,,,,,,,,,,,,,,,,,,,,,,,,,,,,,,,,,,,,,,,,,,,,,,,,,,,,,,,,,,,,,,,,,,,,,,,,,,,,,,,,,,,,,,,,,,,,,,,,,,,,,,,,,,,,,,,,,,,,,,,,,,,,,,,,,,,,,,,,,,,,,,,,,,,,,,,,,,,,,,,,,,,,,,,,,,,,,,,,,,,,,,,,,,,,,,,,,,,,,,,,,,,,,,,,,,,,,,,,,,,,,,,,,,,,,,,,,,,,,,,,,,,,,,,,,,,,,,,,,,,,,,,,,,,,,,,,,,,,,,,,,,,,,,,,,,,,,,,,,,,,,,,,,,,,,,,,,,,,,,,,,,,,,,,,,,,,,,,,,,,,,,,,,,,,,,,,,,,,,,,,,,,,,,,,,,,,,,,,,,,,,,,,,,,,,,,,,,,,,,,,,,,,,,,,,,,,,,,,,,,,,,,,,,,,,,,,,,,,,,,,,,,,,,,,,,,,,,,,,,,,,,,,,,,,,,,,,,,,,,,,,,,
Surat Prep Kitchen,376017,134211745,Normal,,2584,INV-26y0705-0020,2026-07-05,1490.5,0,Active,Unpaid,,1490.5,0,0,0,0.00,0,0,0,0,2026-07-06 15:41:30,2026-07-10 16:39:37,891257,Supplier,,Surat,Surat Prep Kitchen,Gujarat,,"Gujarat Hira Bourse , Ichchapore",9016168269,,,,,Vr Agro,Supplier,rajmewara004@gmail.com,Gujarat,,"56 basement NSTM sardar ,market puna kumbahraiya road, surat -395010",7096748177,0,,,,,1,,,0,,"[{""prev_price"":""40.000000"",""item_id"":""46282818"",""itemname"":""Tomato"",""qty"":2,""price"":40,""amount"":80,""discount"":""0.000"",""lbl_unit"":""Kg"",""unit"":""4907667"",""description"":"""",""hsn_code"":"""",""weighted_price"":40,""invoice_date"":""2026-07-05"",""sap_code"":"""",""purchase_doc_number"":"""",""purchase_invoice_number"":"""",""tax1"":0,""tax2"":0,""tax3"":0,""tax1_amount"":0,""tax2_amount"":0,""tax3_amount"":0,""expiry_date"":"""",""manufacturing_date"":"""",""sap_group_master_id"":0,""category"":""Food"",""rmconv_qty"":""1000"",""rmconv_qty_total"":2000,""rmconv_unit_id"":""4907673"",""rmconv_unit"":""GM"",""yield_qty"":""0"",""discount_application"":""B"",""container_weight"":0,""net_weight"":""2"",""gross_weight"":""2"",""tax_type"":0,""excise_duty"":0,""tax1_label"":""CGST"",""tax2_label"":""SGST"",""tax3_label"":""IGST""},{""prev_price"":""230.000000"",""item_id"":""46283370"",""itemname"":""Peeled Garlic."",""qty"":2,""price"":230,""amount"":460,""discount"":""0.000"",""lbl_unit"":""Kg"",""unit"":""4907667"",""description"":"""",""hsn_code"":"""",""weighted_price"":230,""invoice_date"":""2026-07-05"",""sap_code"":"""",""purchase_doc_number"":"""",""purchase_invoice_number"":"""",""tax1"":0,""tax2"":0,""tax3"":0,""tax1_amount"":0,""tax2_amount"":0,""tax3_amount"":0,""expiry_date"":"""",""manufacturing_date"":"""",""sap_group_master_id"":0,""category"":""Food"",""rmconv_qty"":""1000"",""rmconv_qty_total"":2000,""rmconv_unit_id"":""4907673"",""rmconv_unit"":""GM"",""yield_qty"":""0"",""discount_application"":""B"",""container_weight"":0,""net_weight"":""2"",""gross_weight"":""2"",""tax_type"":0,""excise_duty"":0,""tax1_label"":""CGST"",""tax2_label"":""SGST"",""tax3_label"":""IGST""},{""prev_price"":""55.000000"",""item_id"":""46282723"",""itemname"":""Spinach Palak"",""qty"":0.5,""price"":55,""amount"":27.5,""discount"":""0.000"",""lbl_unit"":""Kg"",""unit"":""4907667"",""description"":"""",""hsn_code"":"""",""weighted_price"":55,""invoice_date"":""2026-07-05"",""sap_code"":"""",""purchase_doc_number"":"""",""purchase_invoice_number"":"""",""tax1"":0,""tax2"":0,""tax3"":0,""tax1_amount"":0,""tax2_amount"":0,""tax3_amount"":0,""expiry_date"":"""",""manufacturing_date"":"""",""sap_group_master_id"":0,""category"":""Food"",""rmconv_qty"":""1000"",""rmconv_qty_total"":500,""rmconv_unit_id"":""4907673"",""rmconv_unit"":""GM"",""yield_qty"":""0"",""discount_application"":""B"",""container_weight"":0,""net_weight"":""0.5"",""gross_weight"":""0.5"",""tax_type"":0,""excise_duty"":0,""tax1_label"":""CGST"",""tax2_label"":""SGST"",""tax3_label"":""IGST""},{""prev_price"":""25.000000"",""item_id"":""46283211"",""itemname"":""Mint Leaves"",""qty"":2,""price"":25,""amount"":50,""discount"":""0.000"",""lbl_unit"":""Piece"",""unit"":""4907666"",""description"":"""",""hsn_code"":"""",""weighted_price"":25,""invoice_date"":""2026-07-05"",""sap_code"":"""",""purchase_doc_number"":"""",""purchase_invoice_number"":"""",""tax1"":0,""tax2"":0,""tax3"":0,""tax1_amount"":0,""tax2_amount"":0,""tax3_amount"":0,""expiry_date"":"""",""manufacturing_date"":"""",""sap_group_master_id"":0,""category"":""Food"",""yield_qty"":""0"",""discount_application"":""B"",""container_weight"":0,""net_weight"":""2"",""gross_weight"":""2"",""tax_type"":0,""excise_duty"":0,""tax1_label"":""CGST"",""tax2_label"":""SGST"",""tax3_label"":""IGST""},{""prev_price"":""32.000000"",""item_id"":""46282722"",""itemname"":""Onion"",""qty"":5,""price"":32,""amount"":160,""discount"":""0.000"",""lbl_unit"":""Kg"",""unit"":""4907667"",""description"":"""",""hsn_code"":"""",""weighted_price"":32,""invoice_date"":""2026-07-05"",""sap_code"":"""",""purchase_doc_number"":"""",""purchase_invoice_number"":"""",""tax1"":0,""tax2"":0,""tax3"":0,""tax1_amount"":0,""tax2_amount"":0,""tax3_amount"":0,""expiry_date"":"""",""manufacturing_date"":"""",""sap_group_master_id"":0,""category"":""Food"",""rmconv_qty"":""1000"",""rmconv_qty_total"":5000,""rmconv_unit_id"":""4907673"",""rmconv_unit"":""GM"",""yield_qty"":""0"",""discount_application"":""B"",""container_weight"":0,""net_weight"":""5"",""gross_weight"":""5"",""tax_type"":0,""excise_duty"":0,""tax1_label"":""CGST"",""tax2_label"":""SGST"",""tax3_label"":""IGST""},{""prev_price"":""130.000000"",""item_id"":""46283365"",""itemname"":""Coriander"",""qty"":1,""price"":130,""amount"":130,""discount"":""0.000"",""lbl_unit"":""Kg"",""unit"":""4907667"",""description"":"""",""hsn_code"":"""",""weighted_price"":130,""invoice_date"":""2026-07-05"",""sap_code"":"""",""purchase_doc_number"":"""",""purchase_invoice_number"":"""",""tax1"":0,""tax2"":0,""tax3"":0,""tax1_amount"":0,""tax2_amount"":0,""tax3_amount"":0,""expiry_date"":"""",""manufacturing_date"":"""",""sap_group_master_id"":0,""category"":""Food"",""rmconv_qty"":""1000"",""rmconv_qty_total"":1000,""rmconv_unit_id"":""4907673"",""rmconv_unit"":""GM"",""yield_qty"":""0"",""discount_application"":""B"",""container_weight"":0,""net_weight"":""1"",""gross_weight"":""1"",""tax_type"":0,""excise_duty"":0,""tax1_label"":""CGST"",""tax2_label"":""SGST"",""tax3_label"":""IGST""},{""prev_price"":""34.000000"",""item_id"":""46283340"",""itemname"":""Cabbage"",""qty"":2,""price"":34,""amount"":68,""discount"":""0.000"",""lbl_unit"":""Kg"",""unit"":""4907667"",""description"":"""",""hsn_code"":"""",""weighted_price"":34,""invoice_date"":""2026-07-05"",""sap_code"":"""",""purchase_doc_number"":"""",""purchase_invoice_number"":"""",""tax1"":0,""tax2"":0,""tax3"":0,""tax1_amount"":0,""tax2_amount"":0,""tax3_amount"":0,""expiry_date"":"""",""manufacturing_date"":"""",""sap_group_master_id"":0,""category"":""Food"",""yield_qty"":""0"",""discount_application"":""B"",""container_weight"":0,""net_weight"":""2"",""gross_weight"":""2"",""tax_type"":0,""excise_duty"":0,""tax1_label"":""CGST"",""tax2_label"":""SGST"",""tax3_label"":""IGST""},{""prev_price"":""70.000000"",""item_id"":""46282770"",""itemname"":""Green Bell Pepper"",""qty"":2,""price"":70,""amount"":140,""discount"":""0.000"",""lbl_unit"":""Kg"",""unit"":""4907667"",""description"":"""",""hsn_code"":"""",""weighted_price"":70,""invoice_date"":""2026-07-05"",""sap_code"":"""",""purchase_doc_number"":"""",""purchase_invoice_number"":"""",""tax1"":0,""tax2"":0,""tax3"":0,""tax1_amount"":0,""tax2_amount"":0,""tax3_amount"":0,""expiry_date"":"""",""manufacturing_date"":"""",""sap_group_master_id"":0,""category"":""Food"",""rmconv_qty"":""1000"",""rmconv_qty_total"":2000,""rmconv_unit_id"":""4907673"",""rmconv_unit"":""GM"",""yield_qty"":""0"",""discount_application"":""B"",""container_weight"":0,""net_weight"":""2"",""gross_weight"":""2"",""tax_type"":0,""excise_duty"":0,""tax1_label"":""CGST"",""tax2_label"":""SGST"",""tax3_label"":""IGST""},{""prev_price"":""100.000000"",""item_id"":""46282817"",""itemname"":""Spring Onion ."",""qty"":1,""price"":100,""amount"":100,""discount"":""0.000"",""lbl_unit"":""Kg"",""unit"":""4907667"",""description"":"""",""hsn_code"":"""",""weighted_price"":100,""invoice_date"":""2026-07-05"",""sap_code"":"""",""purchase_doc_number"":"""",""purchase_invoice_number"":"""",""tax1"":0,""tax2"":0,""tax3"":0,""tax1_amount"":0,""tax2_amount"":0,""tax3_amount"":0,""expiry_date"":"""",""manufacturing_date"":"""",""sap_group_master_id"":0,""category"":""Food"",""rmconv_qty"":""1000"",""rmconv_qty_total"":1000,""rmconv_unit_id"":""4907673"",""rmconv_unit"":""GM"",""yield_qty"":""0"",""discount_application"":""B"",""container_weight"":0,""net_weight"":""1"",""gross_weight"":""1"",""tax_type"":0,""excise_duty"":0,""tax1_label"":""CGST"",""tax2_label"":""SGST"",""tax3_label"":""IGST""},{""prev_price"":""330.000000"",""item_id"":""46282807"",""itemname"":""Green Apple"",""qty"":0.5,""price"":330,""amount"":165,""discount"":""0.000"",""lbl_unit"":""Kg"",""unit"":""4907667"",""description"":"""",""hsn_code"":"""",""weighted_price"":330,""invoice_date"":""2026-07-05"",""sap_code"":"""",""purchase_doc_number"":"""",""purchase_invoice_number"":"""",""tax1"":0,""tax2"":0,""tax3"":0,""tax1_amount"":0,""tax2_amount"":0,""tax3_amount"":0,""expiry_date"":"""",""manufacturing_date"":"""",""sap_group_master_id"":0,""category"":""Food"",""rmconv_qty"":""1000"",""rmconv_qty_total"":500,""rmconv_unit_id"":""4907673"",""rmconv_unit"":""GM"",""yield_qty"":""0"",""discount_application"":""B"",""container_weight"":0,""net_weight"":""0.5"",""gross_weight"":""0.5"",""tax_type"":0,""excise_duty"":0,""tax1_label"":""CGST"",""tax2_label"":""SGST"",""tax3_label"":""IGST""},{""prev_price"":""55.000000"",""item_id"":""46282800"",""itemname"":""Carrot"",""qty"":2,""price"":55,""amount"":110,""discount"":""0.000"",""lbl_unit"":""Kg"",""unit"":""4907667"",""description"":"""",""hsn_code"":"""",""weighted_price"":55,""invoice_date"":""2026-07-05"",""sap_code"":"""",""purchase_doc_number"":"""",""purchase_invoice_number"":"""",""tax1"":0,""tax2"":0,""tax3"":0,""tax1_amount"":0,""tax2_amount"":0,""tax3_amount"":0,""expiry_date"":"""",""manufacturing_date"":"""",""sap_group_master_id"":0,""category"":""Food"",""rmconv_qty"":""1000"",""rmconv_qty_total"":2000,""rmconv_unit_id"":""4907673"",""rmconv_unit"":""GM"",""yield_qty"":""0"",""discount_application"":""B"",""container_weight"":0,""net_weight"":""2"",""gross_weight"":""2"",""tax_type"":0,""excise_duty"":0,""tax1_label"":""CGST"",""tax2_label"":""SGST"",""tax3_label"":""IGST""}]",[],0,0,,,[],[],,,,,,,1,,,,,,,,,,,,,,,,,,,,,,,,,,,,,,,,,,,,,,,,,,,,,,,,,,,,,,,,,,,,,,,,,,,,,,,,,,,,,,,,,,,,,,,,,,,,,,,,,,,,,,,,,,,,,,,,,,,,,,,,,,,,,,,,,,,,,,,,,,,,,,,,,,,,,,,,,,,,,,,,,,,,,,,,,,,,,,,,,,,,,,,,,,6a4b7d6e-176c-41db-a2fd-0de73c008327,6a50d2e8-f074-4fe1-ae7b-07e43c009e87,60.0.158.135,60.0.140.168,,,,,,,,,,,,,,,,,,,,,,,,,,,,,,,,,,,,,,,,,,,,,,,,,,,,,,,,,,,,,,,,,,,,,,,,,,,,,,,,,,,,,,,,,,,,,,,,,,,,,,,,,,,,,,,,,,,,,,,,,,,,,,,,,,,,,,,,,,,,,,,,,,,,,,,,,,,,,,,,,,,,,,,,,,,,,,,,,,,,,,,,,,,,,,,,,,,,,,,,,,,,,,,,,,,,,,,,,,,,,,,,,,,,,,,,,,,,,,,,,,,,,,,,,,,,,,,,,,,,,,,,,,,,,,,,,,,,,,,,,,,,,,,,,,,,,,,,,,,,,,,,,,,,,,,,,,,,,,,,,,,,,,,,,,,,,,,,,,,,,,,,,,,,,,,,,,,,,,,,,,,,,,,,,,,,,,,,,,,,,,,,,,,,,,,,,,,,,,,,,,,,,,,,,,,,,,,,,,,,,,,,,,,,,,,,,,,,,,,,,,,,,,,,,,,,,,,,,,,,,,,,,,,,,,,,,,,,,,,,,,,,,,,,,,,,,,,,,,,,,,,,,,,,,,,,,,,,,,,,,,,,,,,,,,,,,,,,,,,,,,,,,,,,,,,,,
Surat Prep Kitchen,376017,134191876,Normal,,2583,INV-26y0705-0024,2026-07-05,3900,0,Active,Unpaid,,3900,0,0,0,0.00,0,0,0,0,2026-07-06 13:20:45,2026-07-10 16:39:13,891257,Supplier,,Surat,Surat Prep Kitchen,Gujarat,,"Gujarat Hira Bourse , Ichchapore",9016168269,,,,,Vr Agro,Supplier,rajmewara004@gmail.com,Gujarat,,"56 basement NSTM sardar ,market puna kumbahraiya road, surat -395010",7096748177,0,,,,,1,,,0,,"[{""prev_price"":""200.000000"",""item_id"":""46282709"",""itemname"":""Green Garlic"",""qty"":3,""price"":200,""amount"":600,""discount"":""0.000"",""lbl_unit"":""Kg"",""unit"":""4907667"",""description"":"""",""hsn_code"":"""",""weighted_price"":200,""invoice_date"":""2026-07-05"",""sap_code"":"""",""purchase_doc_number"":"""",""purchase_invoice_number"":"""",""tax1"":0,""tax2"":0,""tax3"":0,""tax1_amount"":0,""tax2_amount"":0,""tax3_amount"":0,""expiry_date"":"""",""manufacturing_date"":"""",""sap_group_master_id"":0,""category"":""Food"",""rmconv_qty"":""1000"",""rmconv_qty_total"":3000,""rmconv_unit_id"":""4907673"",""rmconv_unit"":""GM"",""yield_qty"":""0"",""discount_application"":""B"",""container_weight"":0,""net_weight"":""3"",""gross_weight"":""3"",""tax_type"":0,""excise_duty"":0,""tax1_label"":""CGST"",""tax2_label"":""SGST"",""tax3_label"":""IGST""},{""prev_price"":""130.000000"",""item_id"":""46283365"",""itemname"":""Coriander"",""qty"":0.5,""price"":130,""amount"":65,""discount"":""0.000"",""lbl_unit"":""Kg"",""unit"":""4907667"",""description"":"""",""hsn_code"":"""",""weighted_price"":130,""invoice_date"":""2026-07-05"",""sap_code"":"""",""purchase_doc_number"":"""",""purchase_invoice_number"":"""",""tax1"":0,""tax2"":0,""tax3"":0,""tax1_amount"":0,""tax2_amount"":0,""tax3_amount"":0,""expiry_date"":"""",""manufacturing_date"":"""",""sap_group_master_id"":0,""category"":""Food"",""rmconv_qty"":""1000"",""rmconv_qty_total"":500,""rmconv_unit_id"":""4907673"",""rmconv_unit"":""GM"",""yield_qty"":""0"",""discount_application"":""B"",""container_weight"":0,""net_weight"":""0.5"",""gross_weight"":""0.5"",""tax_type"":0,""excise_duty"":0,""tax1_label"":""CGST"",""tax2_label"":""SGST"",""tax3_label"":""IGST""},{""prev_price"":""215.000000"",""item_id"":""46282704"",""itemname"":""Broccoli"",""qty"":3,""price"":215,""amount"":645,""discount"":""0.000"",""lbl_unit"":""Kg"",""unit"":""4907667"",""description"":"""",""hsn_code"":"""",""weighted_price"":215,""invoice_date"":""2026-07-05"",""sap_code"":"""",""purchase_doc_number"":"""",""purchase_invoice_number"":"""",""tax1"":0,""tax2"":0,""tax3"":0,""tax1_amount"":0,""tax2_amount"":0,""tax3_amount"":0,""expiry_date"":"""",""manufacturing_date"":"""",""sap_group_master_id"":0,""category"":""Food"",""rmconv_qty"":""1000"",""rmconv_qty_total"":3000,""rmconv_unit_id"":""4907673"",""rmconv_unit"":""GM"",""yield_qty"":""0"",""discount_application"":""B"",""container_weight"":0,""net_weight"":""3"",""gross_weight"":""3"",""tax_type"":0,""excise_duty"":0,""tax1_label"":""CGST"",""tax2_label"":""SGST"",""tax3_label"":""IGST""},{""prev_price"":""130.000000"",""item_id"":""46282699"",""itemname"":""Pineapple"",""qty"":2,""price"":130,""amount"":260,""discount"":""0.000"",""lbl_unit"":""pcs"",""unit"":""5165360"",""description"":"""",""hsn_code"":"""",""weighted_price"":130,""invoice_date"":""2026-07-05"",""sap_code"":"""",""purchase_doc_number"":"""",""purchase_invoice_number"":"""",""tax1"":0,""tax2"":0,""tax3"":0,""tax1_amount"":0,""tax2_amount"":0,""tax3_amount"":0,""expiry_date"":"""",""manufacturing_date"":"""",""sap_group_master_id"":0,""category"":""Food"",""yield_qty"":""0"",""discount_application"":""B"",""container_weight"":0,""net_weight"":""2"",""gross_weight"":""2"",""tax_type"":0,""excise_duty"":0,""tax1_label"":""CGST"",""tax2_label"":""SGST"",""tax3_label"":""IGST""},{""prev_price"":""185.000000"",""item_id"":""46283369"",""itemname"":""Ginger."",""qty"":3,""price"":185,""amount"":555,""discount"":""0.000"",""lbl_unit"":""Kg"",""unit"":""4907667"",""description"":"""",""hsn_code"":"""",""weighted_price"":185,""invoice_date"":""2026-07-05"",""sap_code"":"""",""purchase_doc_number"":"""",""purchase_invoice_number"":"""",""tax1"":0,""tax2"":0,""tax3"":0,""tax1_amount"":0,""tax2_amount"":0,""tax3_amount"":0,""expiry_date"":"""",""manufacturing_date"":"""",""sap_group_master_id"":0,""category"":""Food"",""rmconv_qty"":""1000"",""rmconv_qty_total"":3000,""rmconv_unit_id"":""4907673"",""rmconv_unit"":""GM"",""yield_qty"":""0"",""discount_application"":""B"",""container_weight"":0,""net_weight"":""3"",""gross_weight"":""3"",""tax_type"":0,""excise_duty"":0,""tax1_label"":""CGST"",""tax2_label"":""SGST"",""tax3_label"":""IGST""},{""prev_price"":""25.000000"",""item_id"":""46283211"",""itemname"":""Mint Leaves"",""qty"":1,""price"":25,""amount"":25,""discount"":""0.000"",""lbl_unit"":""Piece"",""unit"":""4907666"",""description"":"""",""hsn_code"":"""",""weighted_price"":25,""invoice_date"":""2026-07-05"",""sap_code"":"""",""purchase_doc_number"":"""",""purchase_invoice_number"":"""",""tax1"":0,""tax2"":0,""tax3"":0,""tax1_amount"":0,""tax2_amount"":0,""tax3_amount"":0,""expiry_date"":"""",""manufacturing_date"":"""",""sap_group_master_id"":0,""category"":""Food"",""yield_qty"":""0"",""discount_application"":""B"",""container_weight"":0,""net_weight"":""1"",""gross_weight"":""1"",""tax_type"":0,""excise_duty"":0,""tax1_label"":""CGST"",""tax2_label"":""SGST"",""tax3_label"":""IGST""},{""prev_price"":""70.000000"",""item_id"":""46282770"",""itemname"":""Green Bell Pepper"",""qty"":2,""price"":70,""amount"":140,""discount"":""0.000"",""lbl_unit"":""Kg"",""unit"":""4907667"",""description"":"""",""hsn_code"":"""",""weighted_price"":70,""invoice_date"":""2026-07-05"",""sap_code"":"""",""purchase_doc_number"":"""",""purchase_invoice_number"":"""",""tax1"":0,""tax2"":0,""tax3"":0,""tax1_amount"":0,""tax2_amount"":0,""tax3_amount"":0,""expiry_date"":"""",""manufacturing_date"":"""",""sap_group_master_id"":0,""category"":""Food"",""rmconv_qty"":""1000"",""rmconv_qty_total"":2000,""rmconv_unit_id"":""4907673"",""rmconv_unit"":""GM"",""yield_qty"":""0"",""discount_application"":""B"",""container_weight"":0,""net_weight"":""2"",""gross_weight"":""2"",""tax_type"":0,""excise_duty"":0,""tax1_label"":""CGST"",""tax2_label"":""SGST"",""tax3_label"":""IGST""},{""prev_price"":""230.000000"",""item_id"":""46283370"",""itemname"":""Peeled Garlic."",""qty"":7,""price"":230,""amount"":1610,""discount"":""0.000"",""lbl_unit"":""Kg"",""unit"":""4907667"",""description"":"""",""hsn_code"":"""",""weighted_price"":230,""invoice_date"":""2026-07-05"",""sap_code"":"""",""purchase_doc_number"":"""",""purchase_invoice_number"":"""",""tax1"":0,""tax2"":0,""tax3"":0,""tax1_amount"":0,""tax2_amount"":0,""tax3_amount"":0,""expiry_date"":"""",""manufacturing_date"":"""",""sap_group_master_id"":0,""category"":""Food"",""rmconv_qty"":""1000"",""rmconv_qty_total"":7000,""rmconv_unit_id"":""4907673"",""rmconv_unit"":""GM"",""yield_qty"":""0"",""discount_application"":""B"",""container_weight"":0,""net_weight"":""7"",""gross_weight"":""7"",""tax_type"":0,""excise_duty"":0,""tax1_label"":""CGST"",""tax2_label"":""SGST"",""tax3_label"":""IGST""}]",[],0,0,,,[],[],,,,,,,1,,,,,,,,,,,,,,,,,,,,,,,,,,,,,,,,,,,,,,,,,,,,,,,,,,,,,,,,,,,,,,,,,,,,,,,,,,,,,,,,,,,,,,,,,,,,,,,,,,,,,,,,,,,,,,,,,,,,,,,,,,,,,,,,,,,,,,,,,,,,,,,,,,,,,,,,,,,,,,,,,,,,,,,,,,,,,,,,,,,,,,,,,,,,,,6a4b5d97-eb38-4e71-93ae-393d3c009e87,6a50d2cc-cae0-4e13-8288-45633c0082a3,60.0.129.138,60.0.139.155,,,,,,,,,,,,,,,,,,,,,,,,,,,,,,,,,,,,,,,,,,,,,,,,,,,,,,,,,,,,,,,,,,,,,,,,,,,,,,,,,,,,,,,,,,,,,,,,,,,,,,,,,,,,,,,,,,,,,,,,,,,,,,,,,,,,,,,,,,,,,,,,,,,,,,,,,,,,,,,,,,,,,,,,,,,,,,,,,,,,,,,,,,,,,,,,,,,,,,,,,,,,,,,,,,,,,,,,,,,,,,,,,,,,,,,,,,,,,,,,,,,,,,,,,,,,,,,,,,,,,,,,,,,,,,,,,,,,,,,,,,,,,,,,,,,,,,,,,,,,,,,,,,,,,,,,,,,,,,,,,,,,,,,,,,,,,,,,,,,,,,,,,,,,,,,,,,,,,,,,,,,,,,,,,,,,,,,,,,,,,,,,,,,,,,,,,,,,,,,,,,,,,,,,,,,,,,,,,,,,,,,,,,,,,,,,,,,,,,,,,,,,,,,,,,,,,,,,,,,,,,,,,,,,,,,,,,,,,,,,,,,,,,,,,,,,,,,,,,,,,,,,,,,,,,,,,,,,,,,,,,,,,,,,,,,,,,,,,,,,,,,,,,,,,
Surat Prep Kitchen,376017,134191038,Normal,,2582,5069,2026-07-05,1459,0,Active,Unpaid,,1459,0,0,0,0.00,0,0,0,0,2026-07-06 13:14:49,2026-07-10 15:41:37,892196,Supplier,,Surat,Surat Prep Kitchen,Gujarat,,"Gujarat Hira Bourse , Ichchapore",9016168269,,,,,Nature Fresh Exotic Vegetables,Supplier,,Gujarat,,,9825135103,0,,,,,1,,,0,,"[{""prev_price"":""195.000000"",""item_id"":""46282883"",""itemname"":""Fresh Babycorn"",""qty"":1,""price"":195,""amount"":195,""discount"":""0.000"",""lbl_unit"":""Kg"",""unit"":""4907667"",""description"":"""",""hsn_code"":"""",""weighted_price"":195,""invoice_date"":""2026-07-05"",""sap_code"":"""",""purchase_doc_number"":"""",""purchase_invoice_number"":"""",""tax1"":0,""tax2"":0,""tax3"":0,""tax1_amount"":0,""tax2_amount"":0,""tax3_amount"":0,""expiry_date"":"""",""manufacturing_date"":"""",""sap_group_master_id"":0,""category"":""Food"",""rmconv_qty"":""1000"",""rmconv_qty_total"":1000,""rmconv_unit_id"":""4907673"",""rmconv_unit"":""GM"",""yield_qty"":""0"",""discount_application"":""B"",""container_weight"":0,""net_weight"":""1"",""gross_weight"":""1"",""tax_type"":0,""excise_duty"":0,""tax1_label"":""CGST"",""tax2_label"":""SGST"",""tax3_label"":""IGST""},{""prev_price"":""120.000000"",""item_id"":""46283103"",""itemname"":""Edible Flower"",""qty"":1,""price"":120,""amount"":120,""discount"":""0.000"",""lbl_unit"":""Pkt"",""unit"":""5165362"",""description"":"""",""hsn_code"":"""",""weighted_price"":120,""invoice_date"":""2026-07-05"",""sap_code"":"""",""purchase_doc_number"":"""",""purchase_invoice_number"":"""",""tax1"":0,""tax2"":0,""tax3"":0,""tax1_amount"":0,""tax2_amount"":0,""tax3_amount"":0,""expiry_date"":"""",""manufacturing_date"":"""",""sap_group_master_id"":0,""category"":""Food"",""yield_qty"":""0"",""discount_application"":""B"",""container_weight"":0,""net_weight"":""1"",""gross_weight"":""1"",""tax_type"":0,""excise_duty"":0,""tax1_label"":""CGST"",""tax2_label"":""SGST"",""tax3_label"":""IGST""},{""prev_price"":""320.000000"",""item_id"":""46283219"",""itemname"":""Fresh Jalepenos Green"",""qty"":1.05,""price"":320,""amount"":336,""discount"":""0.000"",""lbl_unit"":""Kg"",""unit"":""4907667"",""description"":"""",""hsn_code"":"""",""weighted_price"":320,""invoice_date"":""2026-07-05"",""sap_code"":"""",""purchase_doc_number"":"""",""purchase_invoice_number"":"""",""tax1"":0,""tax2"":0,""tax3"":0,""tax1_amount"":0,""tax2_amount"":0,""tax3_amount"":0,""expiry_date"":"""",""manufacturing_date"":"""",""sap_group_master_id"":0,""category"":""Food"",""rmconv_qty"":""1000"",""rmconv_qty_total"":1050,""rmconv_unit_id"":""4907673"",""rmconv_unit"":""GM"",""yield_qty"":""0"",""discount_application"":""B"",""container_weight"":0,""net_weight"":""1.05"",""gross_weight"":""1.05"",""tax_type"":0,""excise_duty"":0,""tax1_label"":""CGST"",""tax2_label"":""SGST"",""tax3_label"":""IGST""},{""prev_price"":""155.000000"",""item_id"":""46283359"",""itemname"":""Leek"",""qty"":0.55,""price"":155,""amount"":85.25,""discount"":""0.000"",""lbl_unit"":""Qty"",""unit"":""4907684"",""description"":"""",""hsn_code"":"""",""weighted_price"":155,""invoice_date"":""2026-07-05"",""sap_code"":"""",""purchase_doc_number"":"""",""purchase_invoice_number"":"""",""tax1"":0,""tax2"":0,""tax3"":0,""tax1_amount"":0,""tax2_amount"":0,""tax3_amount"":0,""expiry_date"":"""",""manufacturing_date"":"""",""sap_group_master_id"":0,""category"":""Food"",""yield_qty"":""0"",""discount_application"":""B"",""container_weight"":0,""net_weight"":""0.55"",""gross_weight"":""0.55"",""tax_type"":0,""excise_duty"":0,""tax1_label"":""CGST"",""tax2_label"":""SGST"",""tax3_label"":""IGST""},{""prev_price"":""195.000000"",""item_id"":""46283213"",""itemname"":""Iceburg Lettuce"",""qty"":1.25,""price"":195,""amount"":243.75,""discount"":""0.000"",""lbl_unit"":""Kg"",""unit"":""4907667"",""description"":"""",""hsn_code"":"""",""weighted_price"":195,""invoice_date"":""2026-07-05"",""sap_code"":"""",""purchase_doc_number"":"""",""purchase_invoice_number"":"""",""tax1"":0,""tax2"":0,""tax3"":0,""tax1_amount"":0,""tax2_amount"":0,""tax3_amount"":0,""expiry_date"":"""",""manufacturing_date"":"""",""sap_group_master_id"":0,""category"":""Food"",""rmconv_qty"":""1000"",""rmconv_qty_total"":1250,""rmconv_unit_id"":""4907673"",""rmconv_unit"":""GM"",""yield_qty"":""0"",""discount_application"":""B"",""container_weight"":0,""net_weight"":""1.25"",""gross_weight"":""1.25"",""tax_type"":0,""excise_duty"":0,""tax1_label"":""CGST"",""tax2_label"":""SGST"",""tax3_label"":""IGST""},{""prev_price"":""195.000000"",""item_id"":""46283109"",""itemname"":""Romaine"",""qty"":1.1,""price"":195,""amount"":214.5,""discount"":""0.000"",""lbl_unit"":""Kg"",""unit"":""4907667"",""description"":"""",""hsn_code"":"""",""weighted_price"":195,""invoice_date"":""2026-07-05"",""sap_code"":"""",""purchase_doc_number"":"""",""purchase_invoice_number"":"""",""tax1"":0,""tax2"":0,""tax3"":0,""tax1_amount"":0,""tax2_amount"":0,""tax3_amount"":0,""expiry_date"":"""",""manufacturing_date"":"""",""sap_group_master_id"":0,""category"":""Food"",""rmconv_qty"":""1000"",""rmconv_qty_total"":1100,""rmconv_unit_id"":""4907673"",""rmconv_unit"":""GM"",""yield_qty"":""0"",""discount_application"":""B"",""container_weight"":0,""net_weight"":""1.1"",""gross_weight"":""1.1"",""tax_type"":0,""excise_duty"":0,""tax1_label"":""CGST"",""tax2_label"":""SGST"",""tax3_label"":""IGST""},{""prev_price"":""370.000000"",""item_id"":""46283112"",""itemname"":""Lollo Rosso"",""qty"":0.6,""price"":370,""amount"":222,""discount"":""0.000"",""lbl_unit"":""Kg"",""unit"":""4907667"",""description"":"""",""hsn_code"":"""",""weighted_price"":370,""invoice_date"":""2026-07-05"",""sap_code"":"""",""purchase_doc_number"":"""",""purchase_invoice_number"":"""",""tax1"":0,""tax2"":0,""tax3"":0,""tax1_amount"":0,""tax2_amount"":0,""tax3_amount"":0,""expiry_date"":"""",""manufacturing_date"":"""",""sap_group_master_id"":0,""category"":""Food"",""rmconv_qty"":""1000"",""rmconv_qty_total"":600,""rmconv_unit_id"":""4907673"",""rmconv_unit"":""GM"",""yield_qty"":""0"",""discount_application"":""B"",""container_weight"":0,""net_weight"":""0.6"",""gross_weight"":""0.6"",""tax_type"":0,""excise_duty"":0,""tax1_label"":""CGST"",""tax2_label"":""SGST"",""tax3_label"":""IGST""},{""prev_price"":""170.000000"",""item_id"":""46282801"",""itemname"":""Celery Leaves"",""qty"":0.25,""price"":170,""amount"":42.5,""discount"":""0.000"",""lbl_unit"":""Kg"",""unit"":""4907667"",""description"":"""",""hsn_code"":"""",""weighted_price"":170,""invoice_date"":""2026-07-05"",""sap_code"":"""",""purchase_doc_number"":"""",""purchase_invoice_number"":"""",""tax1"":0,""tax2"":0,""tax3"":0,""tax1_amount"":0,""tax2_amount"":0,""tax3_amount"":0,""expiry_date"":"""",""manufacturing_date"":"""",""sap_group_master_id"":0,""category"":""Food"",""rmconv_qty"":""1000"",""rmconv_qty_total"":250,""rmconv_unit_id"":""4907673"",""rmconv_unit"":""GM"",""yield_qty"":""0"",""discount_application"":""B"",""container_weight"":0,""net_weight"":""0.25"",""gross_weight"":""0.25"",""tax_type"":0,""excise_duty"":0,""tax1_label"":""CGST"",""tax2_label"":""SGST"",""tax3_label"":""IGST""}]",[],0,0,,,[],[],,,,,,,1,,,,,,,,,,,,,,,,,,,,,,,,,,,,,,,,,,,,,,,,,,,,,,,,,,,,,,,,,,,,,,,,,,,,,,,,,,,,,,,,,,,,,,,,,,,,,,,,,,,,,,,,,,,,,,,,,,,,,,,,,,,,,,,,,,,,,,,,,,,,,,,,,,,,,,,,,,,,,,,,,,,,,,,,,,,,,,,,,,,,,,,,,,,,,,,,,,6a4b5c19-3554-46bb-ac1f-5bf33c008e0a,6a4b5fba-51ec-432e-9709-5be03c008e0a,6a50c511-a19c-4b3b-8c8e-69323c009fc0,60.0.158.135,60.0.157.239,60.0.159.192,,,,,,,,,,,,,,,,,,,,,,,,,,,,,,,,,,,,,,,,,,,,,,,,,,,,,,,,,,,,,,,,,,,,,,,,,,,,,,,,,,,,,,,,,,,,,,,,,,,,,,,,,,,,,,,,,,,,,,,,,,,,,,,,,,,,,,,,,,,,,,,,,,,,,,,,,,,,,,,,,,,,,,,,,,,,,,,,,,,,,,,,,,,,,,,,,,,,,,,,,,,,,,,,,,,,,,,,,,,,,,,,,,,,,,,,,,,,,,,,,,,,,,,,,,,,,,,,,,,,,,,,,,,,,,,,,,,,,,,,,,,,,,,,,,,,,,,,,,,,,,,,,,,,,,,,,,,,,,,,,,,,,,,,,,,,,,,,,,,,,,,,,,,,,,,,,,,,,,,,,,,,,,,,,,,,,,,,,,,,,,,,,,,,,,,,,,,,,,,,,,,,,,,,,,,,,,,,,,,,,,,,,,,,,,,,,,,,,,,,,,,,,,,,,,,,,,,,,,,,,,,,,,,,,,,,,,,,,,,,,,,,,,,,,,,,,,,,,,,,,,,,,,,,,,,,,,,,,,,,,,,,,,,,,,,,,,,,,,,,,,,
Surat Prep Kitchen,376017,134107380,From Sales,114714466,113,,2026-07-05,1892,0,Active,Unpaid,,1892,0,0,0,0.00,0,0,0,0,2026-07-05 15:43:54,2026-07-05 15:43:54,117185,Kitchen,,Surat,Surat Prep Kitchen,Gujarat,,"Gujarat Hira Bourse , Ichchapore",9016168269,,,,Surat,Surat Store,Kitchen,,Gujarat,,"1st Floor, Samanvay, Near Chandni Chowk, Gymkhana Rd, Piplod, Surat",9825184377,0,,1,PO0080486223,PO0080486223,1,,0,0,0,"[{""prev_price"":""19.000000"",""item_id"":""46281929"",""itemname"":""Synthetic Vinegar 650ml"",""qty"":36,""price"":19,""amount"":684,""discount"":""0.000"",""lbl_unit"":""Qty"",""unit"":""4907684"",""description"":"""",""hsn_code"":"""",""weighted_price"":19,""invoice_date"":""2026-07-05"",""sap_code"":"""",""purchase_doc_number"":"""",""purchase_invoice_number"":"""",""tax1"":0,""tax2"":0,""tax3"":0,""tax1_amount"":0,""tax2_amount"":0,""tax3_amount"":0,""expiry_date"":"""",""manufacturing_date"":"""",""actual_qty"":""3.000"",""actual_unit_id"":""2418165"",""actual_unit_name"":""Qty"",""sap_group_master_id"":0,""category"":""Food"",""yield_qty"":""0"",""discount_application"":""B"",""container_weight"":0,""net_weight"":""36"",""gross_weight"":0,""tax_type"":0,""excise_duty"":0,""tax1_label"":""CGST"",""tax2_label"":""SGST"",""tax3_label"":""IGST""},{""prev_price"":""28.000000"",""item_id"":""46282592"",""itemname"":""Salt 1kg"",""qty"":6,""price"":28,""amount"":168,""discount"":""0.000"",""lbl_unit"":""Qty"",""unit"":""4907684"",""description"":"""",""hsn_code"":"""",""weighted_price"":28,""invoice_date"":""2026-07-05"",""sap_code"":"""",""purchase_doc_number"":"""",""purchase_invoice_number"":"""",""tax1"":0,""tax2"":0,""tax3"":0,""tax1_amount"":0,""tax2_amount"":0,""tax3_amount"":0,""expiry_date"":"""",""manufacturing_date"":"""",""actual_qty"":""6.000"",""actual_unit_id"":""2418165"",""actual_unit_name"":""Qty"",""sap_group_master_id"":0,""category"":""Food"",""yield_qty"":""0"",""discount_application"":""B"",""container_weight"":0,""net_weight"":""6"",""gross_weight"":0,""tax_type"":0,""excise_duty"":0,""tax1_label"":""CGST"",""tax2_label"":""SGST"",""tax3_label"":""IGST""},{""prev_price"":""260.000000"",""item_id"":""46281205"",""itemname"":""Madhur Sugar 5 Kg"",""qty"":4,""price"":260,""amount"":1040,""discount"":""0.000"",""lbl_unit"":""Qty"",""unit"":""4907684"",""description"":"""",""hsn_code"":"""",""weighted_price"":260,""invoice_date"":""2026-07-05"",""sap_code"":"""",""purchase_doc_number"":"""",""purchase_invoice_number"":"""",""tax1"":0,""tax2"":0,""tax3"":0,""tax1_amount"":0,""tax2_amount"":0,""tax3_amount"":0,""expiry_date"":"""",""manufacturing_date"":"""",""actual_qty"":""4.000"",""actual_unit_id"":""2418165"",""actual_unit_name"":""Qty"",""sap_group_master_id"":0,""category"":""Food"",""yield_qty"":""0"",""discount_application"":""B"",""container_weight"":0,""net_weight"":""4"",""gross_weight"":0,""tax_type"":0,""excise_duty"":0,""tax1_label"":""CGST"",""tax2_label"":""SGST"",""tax3_label"":""IGST""}]",[],0,0,,,[],[],,,,,,,,,,,,,,,,,,,,,,,,,,,,,,,,,,,,,,,,,,,,,,,,,,,,,,,,,,,,,,,,,,,,,,,,,,,,,,,,,,,,,,,,,,,,,,,,,,,,,,,,,,,,,,,,,,,,,,,,,,,,,,,,,,,,,,,,,,,,,,,,,,,,,,,,,,,,,,,,,,,,,,,,,,,,,,,,,,,,,,,,,,,,,,,,,,,,,,,,,,,,,,,6a4a2e40-2104-4b2d-8d42-4d403c0092f4,60.0.146.244,,,,,,,,,,,,,,,,,,,,,,,,,,,,,,,,,,,,,,,,,,,,,,,,,,,,,,,,,,,,,,,,,,,,,,,,,,,,,,,,,,,,,,,,,,,,,,,,,,,,,,,,,,,,,,,,,,,,,,,,,,,,,,,,,,,,,,,,,,,,,,,,,,,,,,,,,,,,,,,,,,,,,,,,,,,,,,,,,,,,,,,,,,,,,,,,,,,,,,,,,,,,,,,,,,,,,,,,,,,,,,,,,,,,,,,,,,,,,,,,,,,,,,,,,,,,,,,,,,,,,,,,,,,,,,,,,,,,,,,,,,,,,,,,,,,,,,,,,,,,,,,,,,,,,,,,,,,,,,,,,,,,,,,,,,,,,,,,,,,,,,,,,,,,,,,,,,,,,,,,,,,,,,,,,,,,,,,,,,,,,,,,,,,,,,,,,,,,,,,,,,,,,,,,,,,,,,,,,,,,,,,,,,,,,,,,,,,,,,,,,,,,,,,,,,,,,,,,,,,,,,,,,,,,,,,,,,,,,,,,,,,,,,,,,,,,,,,,,,,,,,,,,,,,,,,,,,,,,,,,,,,,,,,,,,,,,,,,,,,,,
Surat Prep Kitchen,376017,134107319,From Sales,117805241,112,,2026-07-04,27057.5,0,Active,Unpaid,,27057.5,0,0,0,0.00,0,0,0,0,2026-07-05 15:43:16,2026-07-05 15:43:16,117185,Kitchen,,Surat,Surat Prep Kitchen,Gujarat,,"Gujarat Hira Bourse , Ichchapore",9016168269,,,,Surat,Surat Store,Kitchen,,Gujarat,,"1st Floor, Samanvay, Near Chandni Chowk, Gymkhana Rd, Piplod, Surat",9825184377,0,,1,PO0081058432,PO0081058432,1,,0,0,0,"[{""prev_price"":""34.810000"",""item_id"":""46282172"",""itemname"":""Toilet Roll"",""qty"":10,""price"":34.81,""amount"":348.1,""discount"":""0.000"",""lbl_unit"":""Qty"",""unit"":""4907684"",""description"":"""",""hsn_code"":"""",""weighted_price"":34.81,""invoice_date"":""2026-07-04"",""sap_code"":"""",""purchase_doc_number"":"""",""purchase_invoice_number"":"""",""tax1"":0,""tax2"":0,""tax3"":0,""tax1_amount"":0,""tax2_amount"":0,""tax3_amount"":0,""expiry_date"":"""",""manufacturing_date"":"""",""actual_qty"":""10.000"",""actual_unit_id"":""2418165"",""actual_unit_name"":""Qty"",""sap_group_master_id"":0,""category"":""Housekeeping Hygiene"",""yield_qty"":""0"",""discount_application"":""B"",""container_weight"":0,""net_weight"":""10"",""gross_weight"":0,""tax_type"":0,""excise_duty"":0,""tax1_label"":""CGST"",""tax2_label"":""SGST"",""tax3_label"":""IGST""},{""prev_price"":""544.170000"",""item_id"":""46281935"",""itemname"":""Mozzarella Cheese 1kg"",""qty"":15,""price"":544.17,""amount"":8162.55,""discount"":""0.000"",""lbl_unit"":""Qty"",""unit"":""4907684"",""description"":"""",""hsn_code"":"""",""weighted_price"":544.17,""invoice_date"":""2026-07-04"",""sap_code"":"""",""purchase_doc_number"":"""",""purchase_invoice_number"":"""",""tax1"":0,""tax2"":0,""tax3"":0,""tax1_amount"":0,""tax2_amount"":0,""tax3_amount"":0,""expiry_date"":"""",""manufacturing_date"":"""",""actual_qty"":""15.000"",""actual_unit_id"":""2418165"",""actual_unit_name"":""Qty"",""sap_group_master_id"":0,""category"":""Food"",""yield_qty"":""0"",""discount_application"":""B"",""pricing_method"":""0"",""container_weight"":0,""net_weight"":""15"",""gross_weight"":0,""tax_type"":0,""excise_duty"":0,""tax1_label"":""CGST"",""tax2_label"":""SGST"",""tax3_label"":""IGST""},{""prev_price"":""112.780000"",""item_id"":""46281767"",""itemname"":""Mithai Maid Small 400gm"",""qty"":4,""price"":112.78,""amount"":451.12,""discount"":""0.000"",""lbl_unit"":""Qty"",""unit"":""4907684"",""description"":"""",""hsn_code"":"""",""weighted_price"":112.78,""invoice_date"":""2026-07-04"",""sap_code"":"""",""purchase_doc_number"":"""",""purchase_invoice_number"":"""",""tax1"":0,""tax2"":0,""tax3"":0,""tax1_amount"":0,""tax2_amount"":0,""tax3_amount"":0,""expiry_date"":"""",""manufacturing_date"":"""",""actual_qty"":""4.000"",""actual_unit_id"":""2418165"",""actual_unit_name"":""Qty"",""sap_group_master_id"":0,""category"":""Food"",""yield_qty"":""0"",""discount_application"":""B"",""pricing_method"":""0"",""container_weight"":0,""net_weight"":""4"",""gross_weight"":0,""tax_type"":0,""excise_duty"":0,""tax1_label"":""CGST"",""tax2_label"":""SGST"",""tax3_label"":""IGST""},{""prev_price"":""271.430000"",""item_id"":""46282630"",""itemname"":""Amul Butter - 500gm"",""qty"":4,""price"":271.43,""amount"":1085.72,""discount"":""0.000"",""lbl_unit"":""Qty"",""unit"":""4907684"",""description"":"""",""hsn_code"":"""",""weighted_price"":271.43,""invoice_date"":""2026-07-04"",""sap_code"":"""",""purchase_doc_number"":"""",""purchase_invoice_number"":"""",""tax1"":0,""tax2"":0,""tax3"":0,""tax1_amount"":0,""tax2_amount"":0,""tax3_amount"":0,""expiry_date"":"""",""manufacturing_date"":"""",""actual_qty"":""4.000"",""actual_unit_id"":""2418165"",""actual_unit_name"":""Qty"",""sap_group_master_id"":0,""category"":""Food"",""yield_qty"":""0"",""discount_application"":""B"",""pricing_method"":""0"",""container_weight"":0,""net_weight"":""4"",""gross_weight"":0,""tax_type"":0,""excise_duty"":0,""tax1_label"":""CGST"",""tax2_label"":""SGST"",""tax3_label"":""IGST""},{""prev_price"":""232.500000"",""item_id"":""46281918"",""itemname"":""Fresh Cream 1ltr"",""qty"":12,""price"":232.5,""amount"":2790,""discount"":""0.000"",""lbl_unit"":""Qty"",""unit"":""4907684"",""description"":"""",""hsn_code"":"""",""weighted_price"":232.5,""invoice_date"":""2026-07-04"",""sap_code"":"""",""purchase_doc_number"":"""",""purchase_invoice_number"":"""",""tax1"":0,""tax2"":0,""tax3"":0,""tax1_amount"":0,""tax2_amount"":0,""tax3_amount"":0,""expiry_date"":"""",""manufacturing_date"":"""",""actual_qty"":""12.000"",""actual_unit_id"":""2418165"",""actual_unit_name"":""Qty"",""sap_group_master_id"":0,""category"":""Food"",""yield_qty"":""0"",""discount_application"":""B"",""container_weight"":0,""net_weight"":""12"",""gross_weight"":0,""tax_type"":0,""excise_duty"":0,""tax1_label"":""CGST"",""tax2_label"":""SGST"",""tax3_label"":""IGST""},{""prev_price"":""215.000000"",""item_id"":""46282196"",""itemname"":""M Size Hand Gloves Nitrile"",""qty"":2,""price"":215,""amount"":430,""discount"":""0.000"",""lbl_unit"":""Qty"",""unit"":""4907684"",""description"":"""",""hsn_code"":"""",""weighted_price"":215,""invoice_date"":""2026-07-04"",""sap_code"":"""",""purchase_doc_number"":"""",""purchase_invoice_number"":"""",""tax1"":0,""tax2"":0,""tax3"":0,""tax1_amount"":0,""tax2_amount"":0,""tax3_amount"":0,""expiry_date"":"""",""manufacturing_date"":"""",""actual_qty"":""2.000"",""actual_unit_id"":""2418165"",""actual_unit_name"":""Qty"",""sap_group_master_id"":0,""category"":""Housekeeping Hygiene"",""yield_qty"":""0"",""discount_application"":""B"",""container_weight"":0,""net_weight"":""2"",""gross_weight"":0,""tax_type"":0,""excise_duty"":0,""tax1_label"":""CGST"",""tax2_label"":""SGST"",""tax3_label"":""IGST""},{""prev_price"":""0.000000"",""item_id"":""46281643"",""itemname"":""Brown Sugar 1 Kg"",""qty"":1,""price"":82,""amount"":82,""discount"":""0.000"",""lbl_unit"":""Qty"",""unit"":""4907684"",""description"":"""",""hsn_code"":"""",""weighted_price"":82,""invoice_date"":""2026-07-04"",""sap_code"":"""",""purchase_doc_number"":"""",""purchase_invoice_number"":"""",""tax1"":0,""tax2"":0,""tax3"":0,""tax1_amount"":0,""tax2_amount"":0,""tax3_amount"":0,""expiry_date"":"""",""manufacturing_date"":"""",""actual_qty"":""1.000"",""actual_unit_id"":""2418165"",""actual_unit_name"":""Qty"",""sap_group_master_id"":0,""category"":""Food"",""yield_qty"":""0"",""discount_application"":""B"",""container_weight"":0,""net_weight"":""1"",""gross_weight"":0,""tax_type"":0,""excise_duty"":0,""tax1_label"":""CGST"",""tax2_label"":""SGST"",""tax3_label"":""IGST""},{""prev_price"":""41.000000"",""item_id"":""46282655"",""itemname"":""Maida"",""qty"":20,""price"":41,""amount"":820,""discount"":""0.000"",""lbl_unit"":""Kg"",""unit"":""4907667"",""description"":"""",""hsn_code"":"""",""weighted_price"":41,""invoice_date"":""2026-07-04"",""sap_code"":"""",""purchase_doc_number"":"""",""purchase_invoice_number"":"""",""tax1"":0,""tax2"":0,""tax3"":0,""tax1_amount"":0,""tax2_amount"":0,""tax3_amount"":0,""expiry_date"":"""",""manufacturing_date"":"""",""actual_qty"":""20.000"",""actual_unit_id"":""2418148"",""actual_unit_name"":""Kg"",""sap_group_master_id"":0,""category"":""Food"",""yield_qty"":""0"",""discount_application"":""B"",""container_weight"":0,""net_weight"":""20"",""gross_weight"":0,""tax_type"":0,""excise_duty"":0,""tax1_label"":""CGST"",""tax2_label"":""SGST"",""tax3_label"":""IGST""},{""prev_price"":""198.000000"",""item_id"":""46281183"",""itemname"":""Extra Firm Silken Tofu 308 Gm"",""qty"":1,""price"":198,""amount"":198,""discount"":""0.000"",""lbl_unit"":""Qty"",""unit"":""4907684"",""description"":"""",""hsn_code"":"""",""weighted_price"":198,""invoice_date"":""2026-07-04"",""sap_code"":"""",""purchase_doc_number"":"""",""purchase_invoice_number"":"""",""tax1"":0,""tax2"":0,""tax3"":0,""tax1_amount"":0,""tax2_amount"":0,""tax3_amount"":0,""expiry_date"":"""",""manufacturing_date"":"""",""actual_qty"":""1.000"",""actual_unit_id"":""2418165"",""actual_unit_name"":""Qty"",""sap_group_master_id"":0,""category"":""Food"",""yield_qty"":""0"",""discount_application"":""B"",""pricing_method"":""0"",""container_weight"":0,""net_weight"":""1"",""gross_weight"":0,""tax_type"":0,""excise_duty"":0,""tax1_label"":""CGST"",""tax2_label"":""SGST"",""tax3_label"":""IGST""},{""prev_price"":""223.000000"",""item_id"":""46281916"",""itemname"":""Jalapenos Slices 2.9 Kg"",""qty"":1,""price"":223,""amount"":223,""discount"":""0.000"",""lbl_unit"":""Qty"",""unit"":""4907684"",""description"":"""",""hsn_code"":"""",""weighted_price"":223,""invoice_date"":""2026-07-04"",""sap_code"":"""",""purchase_doc_number"":"""",""purchase_invoice_number"":"""",""tax1"":0,""tax2"":0,""tax3"":0,""tax1_amount"":0,""tax2_amount"":0,""tax3_amount"":0,""expiry_date"":"""",""manufacturing_date"":"""",""actual_qty"":""1.000"",""actual_unit_id"":""2418165"",""actual_unit_name"":""Qty"",""sap_group_master_id"":0,""category"":""Food"",""yield_qty"":""0"",""discount_application"":""B"",""container_weight"":0,""net_weight"":""1"",""gross_weight"":0,""tax_type"":0,""excise_duty"":0,""tax1_label"":""CGST"",""tax2_label"":""SGST"",""tax3_label"":""IGST""},{""prev_price"":""16.100000"",""item_id"":""46281929"",""itemname"":""Synthetic Vinegar 650ml"",""qty"":12,""price"":16.1,""amount"":193.2,""discount"":""0.000"",""lbl_unit"":""Qty"",""unit"":""4907684"",""description"":"""",""hsn_code"":"""",""weighted_price"":16.1,""invoice_date"":""2026-07-04"",""sap_code"":"""",""purchase_doc_number"":"""",""purchase_invoice_number"":"""",""tax1"":0,""tax2"":0,""tax3"":0,""tax1_amount"":0,""tax2_amount"":0,""tax3_amount"":0,""expiry_date"":"""",""manufacturing_date"":"""",""actual_qty"":""12.000"",""actual_unit_id"":""2418165"",""actual_unit_name"":""Qty"",""sap_group_master_id"":0,""category"":""Food"",""yield_qty"":""0"",""discount_application"":""B"",""container_weight"":0,""net_weight"":""12"",""gross_weight"":0,""tax_type"":0,""excise_duty"":0,""tax1_label"":""CGST"",""tax2_label"":""SGST"",""tax3_label"":""IGST""},{""prev_price"":""49.000000"",""item_id"":""46281823"",""itemname"":""Macaroni Pasta 500gm"",""qty"":5,""price"":49,""amount"":245,""discount"":""0.000"",""lbl_unit"":""Qty"",""unit"":""4907684"",""description"":"""",""hsn_code"":"""",""weighted_price"":49,""invoice_date"":""2026-07-04"",""sap_code"":"""",""purchase_doc_number"":"""",""purchase_invoice_number"":"""",""tax1"":0,""tax2"":0,""tax3"":0,""tax1_amount"":0,""tax2_amount"":0,""tax3_amount"":0,""expiry_date"":"""",""manufacturing_date"":"""",""actual_qty"":""5.000"",""actual_unit_id"":""2418165"",""actual_unit_name"":""Qty"",""sap_group_master_id"":0,""category"":""Food"",""yield_qty"":""0"",""discount_application"":""B"",""container_weight"":0,""net_weight"":""5"",""gross_weight"":0,""tax_type"":0,""excise_duty"":0,""tax1_label"":""CGST"",""tax2_label"":""SGST"",""tax3_label"":""IGST""},{""prev_price"":""223.810000"",""item_id"":""46281779"",""itemname"":""Spaghetti 1kg"",""qty"":3,""price"":223.81,""amount"":671.43,""discount"":""0.000"",""lbl_unit"":""Qty"",""unit"":""4907684"",""description"":"""",""hsn_code"":"""",""weighted_price"":223.81,""invoice_date"":""2026-07-04"",""sap_code"":"""",""purchase_doc_number"":"""",""purchase_invoice_number"":"""",""tax1"":0,""tax2"":0,""tax3"":0,""tax1_amount"":0,""tax2_amount"":0,""tax3_amount"":0,""expiry_date"":"""",""manufacturing_date"":"""",""actual_qty"":""3.000"",""actual_unit_id"":""2418165"",""actual_unit_name"":""Qty"",""sap_group_master_id"":0,""category"":""Food"",""yield_qty"":""0"",""discount_application"":""B"",""pricing_method"":""0"",""container_weight"":0,""net_weight"":""3"",""gross_weight"":0,""tax_type"":0,""excise_duty"":0,""tax1_label"":""CGST"",""tax2_label"":""SGST"",""tax3_label"":""IGST""},{""prev_price"":""540.000000"",""item_id"":""46282884"",""itemname"":""Dolce Vita Peeled Tomatoes 3kg"",""qty"":15,""price"":540,""amount"":8100,""discount"":""0.000"",""lbl_unit"":""TIN"",""unit"":""4907676"",""description"":"""",""hsn_code"":"""",""weighted_price"":540,""invoice_date"":""2026-07-04"",""sap_code"":"""",""purchase_doc_number"":"""",""purchase_invoice_number"":"""",""tax1"":0,""tax2"":0,""tax3"":0,""tax1_amount"":0,""tax2_amount"":0,""tax3_amount"":0,""expiry_date"":"""",""manufacturing_date"":"""",""actual_qty"":""15.000"",""actual_unit_id"":""2418157"",""actual_unit_name"":""TIN"",""sap_group_master_id"":0,""category"":""Food"",""yield_qty"":""0"",""discount_application"":""B"",""container_weight"":0,""net_weight"":""15"",""gross_weight"":0,""tax_type"":0,""excise_duty"":0,""tax1_label"":""CGST"",""tax2_label"":""SGST"",""tax3_label"":""IGST""},{""prev_price"":""150.000000"",""item_id"":""46282473"",""itemname"":""Bucatini Pasta 500 Gm"",""qty"":3,""price"":150,""amount"":450,""discount"":""0.000"",""lbl_unit"":""Qty"",""unit"":""4907684"",""description"":"""",""hsn_code"":"""",""weighted_price"":150,""invoice_date"":""2026-07-04"",""sap_code"":"""",""purchase_doc_number"":"""",""purchase_invoice_number"":"""",""tax1"":0,""tax2"":0,""tax3"":0,""tax1_amount"":0,""tax2_amount"":0,""tax3_amount"":0,""expiry_date"":"""",""manufacturing_date"":"""",""actual_qty"":""3.000"",""actual_unit_id"":""2418165"",""actual_unit_name"":""Qty"",""sap_group_master_id"":0,""category"":""Food"",""yield_qty"":""0"",""discount_application"":""B"",""container_weight"":0,""net_weight"":""3"",""gross_weight"":0,""tax_type"":0,""excise_duty"":0,""tax1_label"":""CGST"",""tax2_label"":""SGST"",""tax3_label"":""IGST""},{""prev_price"":""49.000000"",""item_id"":""46281824"",""itemname"":""Fettuccine Pasta 500 Gm"",""qty"":2,""price"":49,""amount"":98,""discount"":""0.000"",""lbl_unit"":""Qty"",""unit"":""4907684"",""description"":"""",""hsn_code"":"""",""weighted_price"":49,""invoice_date"":""2026-07-04"",""sap_code"":"""",""purchase_doc_number"":"""",""purchase_invoice_number"":"""",""tax1"":0,""tax2"":0,""tax3"":0,""tax1_amount"":0,""tax2_amount"":0,""tax3_amount"":0,""expiry_date"":"""",""manufacturing_date"":"""",""actual_qty"":""2.000"",""actual_unit_id"":""2418165"",""actual_unit_name"":""Qty"",""sap_group_master_id"":0,""category"":""Food"",""yield_qty"":""0"",""discount_application"":""B"",""container_weight"":0,""net_weight"":""2"",""gross_weight"":0,""tax_type"":0,""excise_duty"":0,""tax1_label"":""CGST"",""tax2_label"":""SGST"",""tax3_label"":""IGST""},{""prev_price"":""1.200000"",""item_id"":""46281517"",""itemname"":""Hairnet"",""qty"":100,""price"":1.2,""amount"":120,""discount"":""0.000"",""lbl_unit"":""pcs"",""unit"":""5165360"",""description"":"""",""hsn_code"":"""",""weighted_price"":1.2,""invoice_date"":""2026-07-04"",""sap_code"":"""",""purchase_doc_number"":"""",""purchase_invoice_number"":"""",""tax1"":0,""tax2"":0,""tax3"":0,""tax1_amount"":0,""tax2_amount"":0,""tax3_amount"":0,""expiry_date"":"""",""manufacturing_date"":"""",""actual_qty"":""1.000"",""actual_unit_id"":""2418167"",""actual_unit_name"":""pcs"",""sap_group_master_id"":0,""category"":""Housekeeping Hygiene"",""yield_qty"":""0"",""discount_application"":""B"",""container_weight"":0,""net_weight"":""100"",""gross_weight"":0,""tax_type"":0,""excise_duty"":0,""tax1_label"":""CGST"",""tax2_label"":""SGST"",""tax3_label"":""IGST""},{""prev_price"":""260.000000"",""item_id"":""46281205"",""itemname"":""Madhur Sugar 5 Kg"",""qty"":1,""price"":260,""amount"":260,""discount"":""0.000"",""lbl_unit"":""Qty"",""unit"":""4907684"",""description"":"""",""hsn_code"":"""",""weighted_price"":260,""invoice_date"":""2026-07-04"",""sap_code"":"""",""purchase_doc_number"":"""",""purchase_invoice_number"":"""",""tax1"":0,""tax2"":0,""tax3"":0,""tax1_amount"":0,""tax2_amount"":0,""tax3_amount"":0,""expiry_date"":"""",""manufacturing_date"":"""",""actual_qty"":""1.000"",""actual_unit_id"":""2418165"",""actual_unit_name"":""Qty"",""sap_group_master_id"":0,""category"":""Food"",""yield_qty"":""0"",""discount_application"":""B"",""container_weight"":0,""net_weight"":""1"",""gross_weight"":0,""tax_type"":0,""excise_duty"":0,""tax1_label"":""CGST"",""tax2_label"":""SGST"",""tax3_label"":""IGST""},{""prev_price"":""177.000000"",""item_id"":""46282192"",""itemname"":""Kitchen Roll"",""qty"":1,""price"":177,""amount"":177,""discount"":""0.000"",""lbl_unit"":""Qty"",""unit"":""4907684"",""description"":"""",""hsn_code"":"""",""weighted_price"":177,""invoice_date"":""2026-07-04"",""sap_code"":"""",""purchase_doc_number"":"""",""purchase_invoice_number"":"""",""tax1"":0,""tax2"":0,""tax3"":0,""tax1_amount"":0,""tax2_amount"":0,""tax3_amount"":0,""expiry_date"":"""",""manufacturing_date"":"""",""actual_qty"":""1.000"",""actual_unit_id"":""2418165"",""actual_unit_name"":""Qty"",""sap_group_master_id"":0,""category"":""Housekeeping Hygiene"",""yield_qty"":""0"",""discount_application"":""B"",""container_weight"":0,""net_weight"":""1"",""gross_weight"":0,""tax_type"":0,""excise_duty"":0,""tax1_label"":""CGST"",""tax2_label"":""SGST"",""tax3_label"":""IGST""},{""prev_price"":""571.420000"",""item_id"":""46281882"",""itemname"":""Vital Wheat Gluten 1kg"",""qty"":1,""price"":571.42,""amount"":571.42,""discount"":""0.000"",""lbl_unit"":""Kg"",""unit"":""4907667"",""description"":"""",""hsn_code"":"""",""weighted_price"":571.42,""invoice_date"":""2026-07-04"",""sap_code"":"""",""purchase_doc_number"":"""",""purchase_invoice_number"":"""",""tax1"":0,""tax2"":0,""tax3"":0,""tax1_amount"":0,""tax2_amount"":0,""tax3_amount"":0,""expiry_date"":"""",""manufacturing_date"":"""",""actual_qty"":""1.000"",""actual_unit_id"":""2418148"",""actual_unit_name"":""Kg"",""sap_group_master_id"":0,""category"":""Food"",""rmconv_qty"":""1000"",""rmconv_qty_total"":1000,""rmconv_unit_id"":""4907673"",""rmconv_unit"":""GM"",""yield_qty"":""0"",""discount_application"":""B"",""container_weight"":0,""net_weight"":""1"",""gross_weight"":0,""tax_type"":0,""excise_duty"":0,""tax1_label"":""CGST"",""tax2_label"":""SGST"",""tax3_label"":""IGST""},{""prev_price"":""30.000000"",""item_id"":""46282623"",""itemname"":""Ice Cubes"",""qty"":40,""price"":30,""amount"":1200,""discount"":""0.000"",""lbl_unit"":""Kg"",""unit"":""4907667"",""description"":"""",""hsn_code"":"""",""weighted_price"":30,""invoice_date"":""2026-07-04"",""sap_code"":"""",""purchase_doc_number"":"""",""purchase_invoice_number"":"""",""tax1"":0,""tax2"":0,""tax3"":0,""tax1_amount"":0,""tax2_amount"":0,""tax3_amount"":0,""expiry_date"":"""",""manufacturing_date"":"""",""sap_group_master_id"":0,""category"":""Packaging"",""rmconv_qty"":""1000"",""rmconv_qty_total"":40000,""rmconv_unit_id"":""4907673"",""rmconv_unit"":""GM"",""yield_qty"":""0"",""discount_application"":""B"",""container_weight"":0,""net_weight"":""40"",""gross_weight"":0,""tax_type"":0,""excise_duty"":0,""tax1_label"":""CGST"",""tax2_label"":""SGST"",""tax3_label"":""IGST""},{""prev_price"":""95.240000"",""item_id"":""46481680"",""itemname"":""Tomato Paste 400gm"",""qty"":4,""price"":95.24,""amount"":380.96,""discount"":""0.000"",""lbl_unit"":""Qty"",""unit"":""4907684"",""description"":"""",""hsn_code"":"""",""weighted_price"":95.24,""invoice_date"":""2026-07-04"",""sap_code"":"""",""purchase_doc_number"":"""",""purchase_invoice_number"":"""",""tax1"":0,""tax2"":0,""tax3"":0,""tax1_amount"":0,""tax2_amount"":0,""tax3_amount"":0,""expiry_date"":"""",""manufacturing_date"":"""",""sap_group_master_id"":0,""category"":""Food"",""yield_qty"":""0"",""discount_application"":""B"",""container_weight"":0,""net_weight"":""4"",""gross_weight"":0,""tax_type"":0,""excise_duty"":0,""tax1_label"":""CGST"",""tax2_label"":""SGST"",""tax3_label"":""IGST""}]",[],0,0,,,[],[],,,,,,,,,,,,,,,,,,,,,,,,,,,,,,,,,,,,,,,,,,,,,,,,,,,,,,,,,,,,,,,,,,,,,,,,,,,,,,,,,,,,,,,,,,,,,,,,,,,,,,,,,,,,,,,,,,,,,,,,,,,,,,,,,,,,,,,,,,,,,,,,,,,,,,,,,,,,,,,,,,,,,,,,,,,,,,,,,,,,,,,,,,,,,,,,,,,,,,,,,,,,,,,,,6a4a2e30-64e0-4256-8b49-3dc73c009e87,60.0.146.244,,,,,,,,,,,,,,,,,,,,,,,,,,,,,,,,,,,,,,,,,,,,,,,,,,,,,,,,,,,,,,,,,,,,,,,,,,,,,,,,,,,,,,,,,,,,,,,,,,,,,,,,,,,,,,,,,,,,,,,,,,,,,,,,,,,,,,,,,,,,,,,,,,,,,,,,,,,,,,,,,,,,,,,,,,,,,,,,,,,,,,,,,,,,,,,,,,,,,,,,,,,,,,,,,,,,,,,,,,,,,,,,,,,,,,,,,,,,,,,,,,,,,,,,,,,,,,,,,,,,,,,,,,,,,,,,,,,,,,,,,,,,,,,,,,,,,,,,,,,,,,,,,,,,,,,,,,,,,,,,,,,,,,,,,,,,,,,,,,,,,,,,,,,,,,,,,,,,,,,,,,,,,,,,,,,,,,,,,,,,,,,,,,,,,,,,,,,,,,,,,,,,,,,,,,,,,,,,,,,,,,,,,,,,,,,,,,,,,,,,,,,,,,,,,,,,,,,,,,,,,,,,,,,,,,,,,,,,,,,,,,,,,,,,,,,,,,,,,,,,,,,,,,,,,,,,,,,,,,,,,,,,,,,,,,,,,,,,,,,
Surat Prep Kitchen,376017,134107264,From Sales,117893765,111,,2026-07-05,22396.52,0,Active,Unpaid,,22396.52,0,0,0,0.00,0,0,0,0,2026-07-05 15:43:00,2026-07-05 15:43:00,117185,Kitchen,,Surat,Surat Prep Kitchen,Gujarat,,"Gujarat Hira Bourse , Ichchapore",9016168269,,,,Surat,Surat Store,Kitchen,,Gujarat,,"1st Floor, Samanvay, Near Chandni Chowk, Gymkhana Rd, Piplod, Surat",9825184377,0,,1,PO0081073920,PO0081073920,1,,0,0,0,"[{""prev_price"":""540.000000"",""item_id"":""46282884"",""itemname"":""Dolce Vita Peeled Tomatoes 3kg"",""qty"":5,""price"":540,""amount"":2700,""discount"":""0.000"",""lbl_unit"":""TIN"",""unit"":""4907676"",""description"":"""",""hsn_code"":"""",""weighted_price"":540,""invoice_date"":""2026-07-05"",""sap_code"":"""",""purchase_doc_number"":"""",""purchase_invoice_number"":"""",""tax1"":0,""tax2"":0,""tax3"":0,""tax1_amount"":0,""tax2_amount"":0,""tax3_amount"":0,""expiry_date"":"""",""manufacturing_date"":"""",""actual_qty"":""5.000"",""actual_unit_id"":""2418157"",""actual_unit_name"":""TIN"",""sap_group_master_id"":0,""category"":""Food"",""yield_qty"":""0"",""discount_application"":""B"",""container_weight"":0,""net_weight"":""5"",""gross_weight"":0,""tax_type"":0,""excise_duty"":0,""tax1_label"":""CGST"",""tax2_label"":""SGST"",""tax3_label"":""IGST""},{""prev_price"":""85.000000"",""item_id"":""46281915"",""itemname"":""Gd Ajinomoto 500gm"",""qty"":5,""price"":85,""amount"":425,""discount"":""0.000"",""lbl_unit"":""Qty"",""unit"":""4907684"",""description"":"""",""hsn_code"":"""",""weighted_price"":85,""invoice_date"":""2026-07-05"",""sap_code"":"""",""purchase_doc_number"":"""",""purchase_invoice_number"":"""",""tax1"":0,""tax2"":0,""tax3"":0,""tax1_amount"":0,""tax2_amount"":0,""tax3_amount"":0,""expiry_date"":"""",""manufacturing_date"":"""",""actual_qty"":""5.000"",""actual_unit_id"":""2418165"",""actual_unit_name"":""Qty"",""sap_group_master_id"":0,""category"":""Food"",""yield_qty"":""0"",""discount_application"":""B"",""container_weight"":0,""net_weight"":""5"",""gross_weight"":0,""tax_type"":0,""excise_duty"":0,""tax1_label"":""CGST"",""tax2_label"":""SGST"",""tax3_label"":""IGST""},{""prev_price"":""544.170000"",""item_id"":""46281935"",""itemname"":""Mozzarella Cheese 1kg"",""qty"":5,""price"":544.17,""amount"":2720.85,""discount"":""0.000"",""lbl_unit"":""Qty"",""unit"":""4907684"",""description"":"""",""hsn_code"":"""",""weighted_price"":544.17,""invoice_date"":""2026-07-05"",""sap_code"":"""",""purchase_doc_number"":"""",""purchase_invoice_number"":"""",""tax1"":0,""tax2"":0,""tax3"":0,""tax1_amount"":0,""tax2_amount"":0,""tax3_amount"":0,""expiry_date"":"""",""manufacturing_date"":"""",""actual_qty"":""5.000"",""actual_unit_id"":""2418165"",""actual_unit_name"":""Qty"",""sap_group_master_id"":0,""category"":""Food"",""yield_qty"":""0"",""discount_application"":""B"",""pricing_method"":""0"",""container_weight"":0,""net_weight"":""5"",""gross_weight"":0,""tax_type"":0,""excise_duty"":0,""tax1_label"":""CGST"",""tax2_label"":""SGST"",""tax3_label"":""IGST""},{""prev_price"":""85.000000"",""item_id"":""46282197"",""itemname"":""Black Garbage Bag 5kg"",""qty"":10,""price"":85,""amount"":850,""discount"":""0.000"",""lbl_unit"":""Kgs"",""unit"":""6630677"",""description"":"""",""hsn_code"":"""",""weighted_price"":85,""invoice_date"":""2026-07-05"",""sap_code"":"""",""purchase_doc_number"":"""",""purchase_invoice_number"":"""",""tax1"":0,""tax2"":0,""tax3"":0,""tax1_amount"":0,""tax2_amount"":0,""tax3_amount"":0,""expiry_date"":"""",""manufacturing_date"":"""",""actual_qty"":""10.000"",""actual_unit_id"":""4741262"",""actual_unit_name"":""Kgs"",""sap_group_master_id"":0,""category"":""Housekeeping Hygiene"",""yield_qty"":""0"",""discount_application"":""B"",""container_weight"":0,""net_weight"":""10"",""gross_weight"":0,""tax_type"":0,""excise_duty"":0,""tax1_label"":""CGST"",""tax2_label"":""SGST"",""tax3_label"":""IGST""},{""prev_price"":""525.000000"",""item_id"":""46282208"",""itemname"":""Floor Cleaner 5ltr"",""qty"":1,""price"":525,""amount"":525,""discount"":""0.000"",""lbl_unit"":""Qty"",""unit"":""4907684"",""description"":"""",""hsn_code"":"""",""weighted_price"":525,""invoice_date"":""2026-07-05"",""sap_code"":"""",""purchase_doc_number"":"""",""purchase_invoice_number"":"""",""tax1"":0,""tax2"":0,""tax3"":0,""tax1_amount"":0,""tax2_amount"":0,""tax3_amount"":0,""expiry_date"":"""",""manufacturing_date"":"""",""actual_qty"":""1.000"",""actual_unit_id"":""2418165"",""actual_unit_name"":""Qty"",""sap_group_master_id"":0,""category"":""Housekeeping Liquids"",""yield_qty"":""0"",""discount_application"":""B"",""container_weight"":0,""net_weight"":""1"",""gross_weight"":0,""tax_type"":0,""excise_duty"":0,""tax1_label"":""CGST"",""tax2_label"":""SGST"",""tax3_label"":""IGST""},{""prev_price"":""90.000000"",""item_id"":""46282198"",""itemname"":""Green Garbage Bag 5kg"",""qty"":1,""price"":90,""amount"":90,""discount"":""0.000"",""lbl_unit"":""Kgs"",""unit"":""6630677"",""description"":"""",""hsn_code"":"""",""weighted_price"":90,""invoice_date"":""2026-07-05"",""sap_code"":"""",""purchase_doc_number"":"""",""purchase_invoice_number"":"""",""tax1"":0,""tax2"":0,""tax3"":0,""tax1_amount"":0,""tax2_amount"":0,""tax3_amount"":0,""expiry_date"":"""",""manufacturing_date"":"""",""actual_qty"":""1.000"",""actual_unit_id"":""4741262"",""actual_unit_name"":""Kgs"",""sap_group_master_id"":0,""category"":""Housekeeping Hygiene"",""yield_qty"":""0"",""discount_application"":""B"",""container_weight"":0,""net_weight"":""1"",""gross_weight"":0,""tax_type"":0,""excise_duty"":0,""tax1_label"":""CGST"",""tax2_label"":""SGST"",""tax3_label"":""IGST""},{""prev_price"":""2371.430000"",""item_id"":""46281663"",""itemname"":""Sunflower Refined Oil 13kg"",""qty"":3,""price"":2371.43,""amount"":7114.29,""discount"":""0.000"",""lbl_unit"":""Qty"",""unit"":""4907684"",""description"":"""",""hsn_code"":"""",""weighted_price"":2371.43,""invoice_date"":""2026-07-05"",""sap_code"":"""",""purchase_doc_number"":"""",""purchase_invoice_number"":"""",""tax1"":0,""tax2"":0,""tax3"":0,""tax1_amount"":0,""tax2_amount"":0,""tax3_amount"":0,""expiry_date"":"""",""manufacturing_date"":"""",""actual_qty"":""3.000"",""actual_unit_id"":""2418165"",""actual_unit_name"":""Qty"",""sap_group_master_id"":0,""category"":""Food"",""yield_qty"":""0"",""discount_application"":""B"",""container_weight"":0,""net_weight"":""3"",""gross_weight"":0,""tax_type"":0,""excise_duty"":0,""tax1_label"":""CGST"",""tax2_label"":""SGST"",""tax3_label"":""IGST""},{""prev_price"":""652.380000"",""item_id"":""46282743"",""itemname"":""Df Cream Cheese 1kg"",""qty"":2,""price"":652.38,""amount"":1304.76,""discount"":""0.000"",""lbl_unit"":""Qty"",""unit"":""4907684"",""description"":"""",""hsn_code"":"""",""weighted_price"":652.38,""invoice_date"":""2026-07-05"",""sap_code"":"""",""purchase_doc_number"":"""",""purchase_invoice_number"":"""",""tax1"":0,""tax2"":0,""tax3"":0,""tax1_amount"":0,""tax2_amount"":0,""tax3_amount"":0,""expiry_date"":"""",""manufacturing_date"":"""",""actual_qty"":""2.000"",""actual_unit_id"":""2418165"",""actual_unit_name"":""Qty"",""sap_group_master_id"":0,""category"":""Food"",""yield_qty"":""0"",""discount_application"":""B"",""container_weight"":0,""net_weight"":""2"",""gross_weight"":0,""tax_type"":0,""excise_duty"":0,""tax1_label"":""CGST"",""tax2_label"":""SGST"",""tax3_label"":""IGST""},{""prev_price"":""215.000000"",""item_id"":""46282196"",""itemname"":""M Size Hand Gloves Nitrile"",""qty"":2,""price"":215,""amount"":430,""discount"":""0.000"",""lbl_unit"":""Qty"",""unit"":""4907684"",""description"":"""",""hsn_code"":"""",""weighted_price"":215,""invoice_date"":""2026-07-05"",""sap_code"":"""",""purchase_doc_number"":"""",""purchase_invoice_number"":"""",""tax1"":0,""tax2"":0,""tax3"":0,""tax1_amount"":0,""tax2_amount"":0,""tax3_amount"":0,""expiry_date"":"""",""manufacturing_date"":"""",""actual_qty"":""2.000"",""actual_unit_id"":""2418165"",""actual_unit_name"":""Qty"",""sap_group_master_id"":0,""category"":""Housekeeping Hygiene"",""yield_qty"":""0"",""discount_application"":""B"",""container_weight"":0,""net_weight"":""2"",""gross_weight"":0,""tax_type"":0,""excise_duty"":0,""tax1_label"":""CGST"",""tax2_label"":""SGST"",""tax3_label"":""IGST""},{""prev_price"":""2280.000000"",""item_id"":""46281932"",""itemname"":""00 Flour 20kg Bag"",""qty"":2,""price"":2280,""amount"":4560,""discount"":""0.000"",""lbl_unit"":""Qty"",""unit"":""4907684"",""description"":"""",""hsn_code"":"""",""weighted_price"":2280,""invoice_date"":""2026-07-05"",""sap_code"":"""",""purchase_doc_number"":"""",""purchase_invoice_number"":"""",""tax1"":0,""tax2"":0,""tax3"":0,""tax1_amount"":0,""tax2_amount"":0,""tax3_amount"":0,""expiry_date"":"""",""manufacturing_date"":"""",""actual_qty"":""2.000"",""actual_unit_id"":""2418165"",""actual_unit_name"":""Qty"",""sap_group_master_id"":0,""category"":""Food"",""yield_qty"":""0"",""discount_application"":""B"",""container_weight"":0,""net_weight"":""2"",""gross_weight"":0,""tax_type"":0,""excise_duty"":0,""tax1_label"":""CGST"",""tax2_label"":""SGST"",""tax3_label"":""IGST""},{""prev_price"":""145.000000"",""item_id"":""46281907"",""itemname"":""Water Chestnuts 567 Gm"",""qty"":3,""price"":145,""amount"":435,""discount"":""0.000"",""lbl_unit"":""Qty"",""unit"":""4907684"",""description"":"""",""hsn_code"":"""",""weighted_price"":145,""invoice_date"":""2026-07-05"",""sap_code"":"""",""purchase_doc_number"":"""",""purchase_invoice_number"":"""",""tax1"":0,""tax2"":0,""tax3"":0,""tax1_amount"":0,""tax2_amount"":0,""tax3_amount"":0,""expiry_date"":"""",""manufacturing_date"":"""",""actual_qty"":""3.000"",""actual_unit_id"":""2418165"",""actual_unit_name"":""Qty"",""sap_group_master_id"":0,""category"":""Food"",""yield_qty"":""0"",""discount_application"":""B"",""container_weight"":0,""net_weight"":""3"",""gross_weight"":0,""tax_type"":0,""excise_duty"":0,""tax1_label"":""CGST"",""tax2_label"":""SGST"",""tax3_label"":""IGST""},{""prev_price"":""198.000000"",""item_id"":""46281183"",""itemname"":""Extra Firm Silken Tofu 308 Gm"",""qty"":2,""price"":198,""amount"":396,""discount"":""0.000"",""lbl_unit"":""Qty"",""unit"":""4907684"",""description"":"""",""hsn_code"":"""",""weighted_price"":198,""invoice_date"":""2026-07-05"",""sap_code"":"""",""purchase_doc_number"":"""",""purchase_invoice_number"":"""",""tax1"":0,""tax2"":0,""tax3"":0,""tax1_amount"":0,""tax2_amount"":0,""tax3_amount"":0,""expiry_date"":"""",""manufacturing_date"":"""",""actual_qty"":""2.000"",""actual_unit_id"":""2418165"",""actual_unit_name"":""Qty"",""sap_group_master_id"":0,""category"":""Food"",""yield_qty"":""0"",""discount_application"":""B"",""pricing_method"":""0"",""container_weight"":0,""net_weight"":""2"",""gross_weight"":0,""tax_type"":0,""excise_duty"":0,""tax1_label"":""CGST"",""tax2_label"":""SGST"",""tax3_label"":""IGST""},{""prev_price"":""223.810000"",""item_id"":""46281779"",""itemname"":""Spaghetti 1kg"",""qty"":2,""price"":223.81,""amount"":447.62,""discount"":""0.000"",""lbl_unit"":""Qty"",""unit"":""4907684"",""description"":"""",""hsn_code"":"""",""weighted_price"":223.81,""invoice_date"":""2026-07-05"",""sap_code"":"""",""purchase_doc_number"":"""",""purchase_invoice_number"":"""",""tax1"":0,""tax2"":0,""tax3"":0,""tax1_amount"":0,""tax2_amount"":0,""tax3_amount"":0,""expiry_date"":"""",""manufacturing_date"":"""",""actual_qty"":""2.000"",""actual_unit_id"":""2418165"",""actual_unit_name"":""Qty"",""sap_group_master_id"":0,""category"":""Food"",""yield_qty"":""0"",""discount_application"":""B"",""pricing_method"":""0"",""container_weight"":0,""net_weight"":""2"",""gross_weight"":0,""tax_type"":0,""excise_duty"":0,""tax1_label"":""CGST"",""tax2_label"":""SGST"",""tax3_label"":""IGST""},{""prev_price"":""150.000000"",""item_id"":""46282473"",""itemname"":""Bucatini Pasta 500 Gm"",""qty"":1,""price"":150,""amount"":150,""discount"":""0.000"",""lbl_unit"":""Qty"",""unit"":""4907684"",""description"":"""",""hsn_code"":"""",""weighted_price"":150,""invoice_date"":""2026-07-05"",""sap_code"":"""",""purchase_doc_number"":"""",""purchase_invoice_number"":"""",""tax1"":0,""tax2"":0,""tax3"":0,""tax1_amount"":0,""tax2_amount"":0,""tax3_amount"":0,""expiry_date"":"""",""manufacturing_date"":"""",""actual_qty"":""1.000"",""actual_unit_id"":""2418165"",""actual_unit_name"":""Qty"",""sap_group_master_id"":0,""category"":""Food"",""yield_qty"":""0"",""discount_application"":""B"",""container_weight"":0,""net_weight"":""1"",""gross_weight"":0,""tax_type"":0,""excise_duty"":0,""tax1_label"":""CGST"",""tax2_label"":""SGST"",""tax3_label"":""IGST""},{""prev_price"":""150.000000"",""item_id"":""46281609"",""itemname"":""Farfalle Pasta 500gm"",""qty"":1,""price"":150,""amount"":150,""discount"":""0.000"",""lbl_unit"":""Qty"",""unit"":""4907684"",""description"":"""",""hsn_code"":"""",""weighted_price"":150,""invoice_date"":""2026-07-05"",""sap_code"":"""",""purchase_doc_number"":"""",""purchase_invoice_number"":"""",""tax1"":0,""tax2"":0,""tax3"":0,""tax1_amount"":0,""tax2_amount"":0,""tax3_amount"":0,""expiry_date"":"""",""manufacturing_date"":"""",""actual_qty"":""1.000"",""actual_unit_id"":""2418165"",""actual_unit_name"":""Qty"",""sap_group_master_id"":0,""category"":""Food"",""yield_qty"":""0"",""discount_application"":""B"",""pricing_method"":""0"",""container_weight"":0,""net_weight"":""1"",""gross_weight"":0,""tax_type"":0,""excise_duty"":0,""tax1_label"":""CGST"",""tax2_label"":""SGST"",""tax3_label"":""IGST""},{""prev_price"":""49.000000"",""item_id"":""46281824"",""itemname"":""Fettuccine Pasta 500 Gm"",""qty"":1,""price"":49,""amount"":49,""discount"":""0.000"",""lbl_unit"":""Qty"",""unit"":""4907684"",""description"":"""",""hsn_code"":"""",""weighted_price"":49,""invoice_date"":""2026-07-05"",""sap_code"":"""",""purchase_doc_number"":"""",""purchase_invoice_number"":"""",""tax1"":0,""tax2"":0,""tax3"":0,""tax1_amount"":0,""tax2_amount"":0,""tax3_amount"":0,""expiry_date"":"""",""manufacturing_date"":"""",""actual_qty"":""1.000"",""actual_unit_id"":""2418165"",""actual_unit_name"":""Qty"",""sap_group_master_id"":0,""category"":""Food"",""yield_qty"":""0"",""discount_application"":""B"",""container_weight"":0,""net_weight"":""1"",""gross_weight"":0,""tax_type"":0,""excise_duty"":0,""tax1_label"":""CGST"",""tax2_label"":""SGST"",""tax3_label"":""IGST""},{""prev_price"":""49.000000"",""item_id"":""46281823"",""itemname"":""Macaroni Pasta 500gm"",""qty"":1,""price"":49,""amount"":49,""discount"":""0.000"",""lbl_unit"":""Qty"",""unit"":""4907684"",""description"":"""",""hsn_code"":"""",""weighted_price"":49,""invoice_date"":""2026-07-05"",""sap_code"":"""",""purchase_doc_number"":"""",""purchase_invoice_number"":"""",""tax1"":0,""tax2"":0,""tax3"":0,""tax1_amount"":0,""tax2_amount"":0,""tax3_amount"":0,""expiry_date"":"""",""manufacturing_date"":"""",""actual_qty"":""1.000"",""actual_unit_id"":""2418165"",""actual_unit_name"":""Qty"",""sap_group_master_id"":0,""category"":""Food"",""yield_qty"":""0"",""discount_application"":""B"",""container_weight"":0,""net_weight"":""1"",""gross_weight"":0,""tax_type"":0,""excise_duty"":0,""tax1_label"":""CGST"",""tax2_label"":""SGST"",""tax3_label"":""IGST""}]",[],0,0,,,[],[],,,,,,,,,,,,,,,,,,,,,,,,,,,,,,,,,,,,,,,,,,,,,,,,,,,,,,,,,,,,,,,,,,,,,,,,,,,,,,,,,,,,,,,,,,,,,,,,,,,,,,,,,,,,,,,,,,,,,,,,,,,,,,,,,,,,,,,,,,,,,,,,,,,,,,,,,,,,,,,,,,,,,,,,,,,,,,,,,,,,,,,,,,,,,,,,,,,,,,,,,,,,,,,,,,,6a4a2e1f-c580-41d6-9250-395e3c008513,60.0.133.19,,,,,,,,,,,,,,,,,,,,,,,,,,,,,,,,,,,,,,,,,,,,,,,,,,,,,,,,,,,,,,,,,,,,,,,,,,,,,,,,,,,,,,,,,,,,,,,,,,,,,,,,,,,,,,,,,,,,,,,,,,,,,,,,,,,,,,,,,,,,,,,,,,,,,,,,,,,,,,,,,,,,,,,,,,,,,,,,,,,,,,,,,,,,,,,,,,,,,,,,,,,,,,,,,,,,,,,,,,,,,,,,,,,,,,,,,,,,,,,,,,,,,,,,,,,,,,,,,,,,,,,,,,,,,,,,,,,,,,,,,,,,,,,,,,,,,,,,,,,,,,,,,,,,,,,,,,,,,,,,,,,,,,,,,,,,,,,,,,,,,,,,,,,,,,,,,,,,,,,,,,,,,,,,,,,,,,,,,,,,,,,,,,,,,,,,,,,,,,,,,,,,,,,,,,,,,,,,,,,,,,,,,,,,,,,,,,,,,,,,,,,,,,,,,,,,,,,,,,,,,,,,,,,,,,,,,,,,,,,,,,,,,,,,,,,,,,,,,,,,,,,,,,,,,,,,,,,,,,,,,,,,,,,,,,,,,,,,,
Surat Prep Kitchen,376017,134107248,From Sales,117894006,110,,2026-07-05,706.171,0,Active,Unpaid,,706.171,0,0,0,0.00,0,0,0,0,2026-07-05 15:42:43,2026-07-05 15:42:43,431540,Kitchen,,Surat,Surat Prep Kitchen,Gujarat,,"Gujarat Hira Bourse , Ichchapore",9016168269,,,,Surat,UNIFORM STORE,Kitchen,,Gujarat,,SURAT,8849373682,0,,1,PO0081074418,PO0081074418,1,,0,0,0,"[{""item_id"":""46897722"",""itemname"":""Caps (48)"",""qty"":2,""price"":0,""prev_price"":""0.000000"",""amount"":0,""discount"":""0.000"",""lbl_unit"":""Qty"",""unit"":""4907684"",""description"":""pritam shah"",""hsn_code"":"""",""weighted_price"":0,""invoice_date"":""2026-07-05"",""sap_code"":"""",""purchase_doc_number"":"""",""purchase_invoice_number"":"""",""tax1"":0,""tax2"":0,""tax3"":0,""tax1_amount"":0,""tax2_amount"":0,""tax3_amount"":0,""expiry_date"":"""",""manufacturing_date"":"""",""actual_qty"":""2.000"",""actual_unit_id"":""6325305"",""actual_unit_name"":""Qty"",""sap_group_master_id"":0,""discount_application"":""B"",""container_weight"":0,""net_weight"":""2"",""gross_weight"":0,""category"":""Uniform"",""tax_type"":0,""excise_duty"":0,""tax1_label"":""CGST"",""tax2_label"":""SGST"",""tax3_label"":""IGST""},{""item_id"":""46897723"",""itemname"":""Aiko Appron"",""qty"":1,""price"":706.171,""prev_price"":""706.171000"",""amount"":706.171,""discount"":""0.000"",""lbl_unit"":""Qty"",""unit"":""4907684"",""description"":""pritam shah"",""hsn_code"":"""",""weighted_price"":706.171,""invoice_date"":""2026-07-05"",""sap_code"":"""",""purchase_doc_number"":"""",""purchase_invoice_number"":"""",""tax1"":0,""tax2"":0,""tax3"":0,""tax1_amount"":0,""tax2_amount"":0,""tax3_amount"":0,""expiry_date"":"""",""manufacturing_date"":"""",""actual_qty"":""1.000"",""actual_unit_id"":""6325305"",""actual_unit_name"":""Qty"",""sap_group_master_id"":0,""discount_application"":""B"",""container_weight"":0,""net_weight"":""1"",""gross_weight"":0,""category"":""Uniform"",""tax_type"":0,""excise_duty"":0,""tax1_label"":""CGST"",""tax2_label"":""SGST"",""tax3_label"":""IGST""},{""prev_price"":""724.500000"",""item_id"":""46281799"",""itemname"":""Blackonyx Pants 30"",""qty"":2,""price"":0,""amount"":0,""discount"":""0.000"",""lbl_unit"":""Piece"",""unit"":""4907666"",""description"":""pritam shah"",""hsn_code"":"""",""weighted_price"":0,""invoice_date"":""2026-07-05"",""sap_code"":"""",""purchase_doc_number"":"""",""purchase_invoice_number"":"""",""tax1"":0,""tax2"":0,""tax3"":0,""tax1_amount"":0,""tax2_amount"":0,""tax3_amount"":0,""expiry_date"":"""",""manufacturing_date"":"""",""actual_qty"":""2.000"",""actual_unit_id"":""6325305"",""actual_unit_name"":""Qty"",""sap_group_master_id"":0,""category"":""Uniform"",""yield_qty"":""0"",""discount_application"":""B"",""container_weight"":0,""net_weight"":""2"",""gross_weight"":0,""tax_type"":0,""excise_duty"":0,""tax1_label"":""CGST"",""tax2_label"":""SGST"",""tax3_label"":""IGST""}]",[],0,0,,,[],[],,,,,,,,,,,,,,,,,,,,,,,,,,,,,,,,,,,,,,,,,,,,,,,,,,,,,,,,,,,,,,,,,,,,,,,,,,,,,,,,,,,,,,,,,,,,,,,,,,,,,,,,,,,,,,,,,,,,,,,,,,,,,,,,,,,,,,,,,,,,,,,,,,,,,,,,,,,,,,,,,,,,,,,,,,,,,,,,,,,,,,,,,,,,,,,,,,,,,,,,,,,,,,,,,,,,,6a4a2e11-53e8-45ab-a0b3-2e8c3c008513,60.0.133.19,,,,,,,,,,,,,,,,,,,,,,,,,,,,,,,,,,,,,,,,,,,,,,,,,,,,,,,,,,,,,,,,,,,,,,,,,,,,,,,,,,,,,,,,,,,,,,,,,,,,,,,,,,,,,,,,,,,,,,,,,,,,,,,,,,,,,,,,,,,,,,,,,,,,,,,,,,,,,,,,,,,,,,,,,,,,,,,,,,,,,,,,,,,,,,,,,,,,,,,,,,,,,,,,,,,,,,,,,,,,,,,,,,,,,,,,,,,,,,,,,,,,,,,,,,,,,,,,,,,,,,,,,,,,,,,,,,,,,,,,,,,,,,,,,,,,,,,,,,,,,,,,,,,,,,,,,,,,,,,,,,,,,,,,,,,,,,,,,,,,,,,,,,,,,,,,,,,,,,,,,,,,,,,,,,,,,,,,,,,,,,,,,,,,,,,,,,,,,,,,,,,,,,,,,,,,,,,,,,,,,,,,,,,,,,,,,,,,,,,,,,,,,,,,,,,,,,,,,,,,,,,,,,,,,,,,,,,,,,,,,,,,,,,,,,,,,,,,,,,,,,,,,,,,,,,,,,,,,,,,,,,,,,,,,,,,,,,
Surat Prep Kitchen,376017,134018168,Normal,,2581,5016,2026-07-04,4681.5,0,Active,Unpaid,,4681.5,0,0,0,0.00,0,0,0,0,2026-07-04 17:12:06,2026-07-10 15:40:13,892196,Supplier,,Surat,Surat Prep Kitchen,Gujarat,,"Gujarat Hira Bourse , Ichchapore",9016168269,,,,,Nature Fresh Exotic Vegetables,Supplier,,Gujarat,,,9825135103,0,,,,,1,,,0,,"[{""prev_price"":""185.000000"",""item_id"":""46282883"",""itemname"":""Fresh Babycorn"",""qty"":1,""price"":185,""amount"":185,""discount"":""0.000"",""lbl_unit"":""Kg"",""unit"":""4907667"",""description"":"""",""hsn_code"":"""",""weighted_price"":185,""invoice_date"":""2026-07-04"",""sap_code"":"""",""purchase_doc_number"":"""",""purchase_invoice_number"":"""",""tax1"":0,""tax2"":0,""tax3"":0,""tax1_amount"":0,""tax2_amount"":0,""tax3_amount"":0,""expiry_date"":"""",""manufacturing_date"":"""",""sap_group_master_id"":0,""category"":""Food"",""rmconv_qty"":""1000"",""rmconv_qty_total"":1000,""rmconv_unit_id"":""4907673"",""rmconv_unit"":""GM"",""yield_qty"":""0"",""discount_application"":""B"",""container_weight"":0,""net_weight"":""1"",""gross_weight"":""1"",""tax_type"":0,""excise_duty"":0,""tax1_label"":""CGST"",""tax2_label"":""SGST"",""tax3_label"":""IGST""},{""prev_price"":""230.000000"",""item_id"":""46283077"",""itemname"":""Bean Sprouts"",""qty"":0.5,""price"":230,""amount"":115,""discount"":""0.000"",""lbl_unit"":""Kg"",""unit"":""4907667"",""description"":"""",""hsn_code"":"""",""weighted_price"":230,""invoice_date"":""2026-07-04"",""sap_code"":"""",""purchase_doc_number"":"""",""purchase_invoice_number"":"""",""tax1"":0,""tax2"":0,""tax3"":0,""tax1_amount"":0,""tax2_amount"":0,""tax3_amount"":0,""expiry_date"":"""",""manufacturing_date"":"""",""sap_group_master_id"":0,""category"":""Food"",""rmconv_qty"":""1000"",""rmconv_qty_total"":500,""rmconv_unit_id"":""4907673"",""rmconv_unit"":""GM"",""yield_qty"":""0"",""discount_application"":""B"",""container_weight"":0,""net_weight"":""0.5"",""gross_weight"":""0.5"",""tax_type"":0,""excise_duty"":0,""tax1_label"":""CGST"",""tax2_label"":""SGST"",""tax3_label"":""IGST""},{""prev_price"":""110.000000"",""item_id"":""46283103"",""itemname"":""Edible Flower"",""qty"":2,""price"":110,""amount"":220,""discount"":""0.000"",""lbl_unit"":""Pkt"",""unit"":""5165362"",""description"":"""",""hsn_code"":"""",""weighted_price"":110,""invoice_date"":""2026-07-04"",""sap_code"":"""",""purchase_doc_number"":"""",""purchase_invoice_number"":"""",""tax1"":0,""tax2"":0,""tax3"":0,""tax1_amount"":0,""tax2_amount"":0,""tax3_amount"":0,""expiry_date"":"""",""manufacturing_date"":"""",""sap_group_master_id"":0,""category"":""Food"",""yield_qty"":""0"",""discount_application"":""B"",""container_weight"":0,""net_weight"":""2"",""gross_weight"":""2"",""tax_type"":0,""excise_duty"":0,""tax1_label"":""CGST"",""tax2_label"":""SGST"",""tax3_label"":""IGST""},{""prev_price"":""510.000000"",""item_id"":""46283191"",""itemname"":""Hass Avocado"",""qty"":2.1,""price"":510,""amount"":1071,""discount"":""0.000"",""lbl_unit"":""Kg"",""unit"":""4907667"",""description"":"""",""hsn_code"":"""",""weighted_price"":510,""invoice_date"":""2026-07-04"",""sap_code"":"""",""purchase_doc_number"":"""",""purchase_invoice_number"":"""",""tax1"":0,""tax2"":0,""tax3"":0,""tax1_amount"":0,""tax2_amount"":0,""tax3_amount"":0,""expiry_date"":"""",""manufacturing_date"":"""",""sap_group_master_id"":0,""category"":""Food"",""rmconv_qty"":""1000"",""rmconv_qty_total"":2100,""rmconv_unit_id"":""4907673"",""rmconv_unit"":""GM"",""yield_qty"":""0"",""discount_application"":""B"",""container_weight"":0,""net_weight"":""2.1"",""gross_weight"":""2.1"",""tax_type"":0,""excise_duty"":0,""tax1_label"":""CGST"",""tax2_label"":""SGST"",""tax3_label"":""IGST""},{""prev_price"":""310.000000"",""item_id"":""46283219"",""itemname"":""Fresh Jalepenos Green"",""qty"":2,""price"":310,""amount"":620,""discount"":""0.000"",""lbl_unit"":""Kg"",""unit"":""4907667"",""description"":"""",""hsn_code"":"""",""weighted_price"":310,""invoice_date"":""2026-07-04"",""sap_code"":"""",""purchase_doc_number"":"""",""purchase_invoice_number"":"""",""tax1"":0,""tax2"":0,""tax3"":0,""tax1_amount"":0,""tax2_amount"":0,""tax3_amount"":0,""expiry_date"":"""",""manufacturing_date"":"""",""sap_group_master_id"":0,""category"":""Food"",""rmconv_qty"":""1000"",""rmconv_qty_total"":2000,""rmconv_unit_id"":""4907673"",""rmconv_unit"":""GM"",""yield_qty"":""0"",""discount_application"":""B"",""container_weight"":0,""net_weight"":""2"",""gross_weight"":""2"",""tax_type"":0,""excise_duty"":0,""tax1_label"":""CGST"",""tax2_label"":""SGST"",""tax3_label"":""IGST""},{""prev_price"":""150.000000"",""item_id"":""46283359"",""itemname"":""Leek"",""qty"":0.5,""price"":150,""amount"":75,""discount"":""0.000"",""lbl_unit"":""Qty"",""unit"":""4907684"",""description"":"""",""hsn_code"":"""",""weighted_price"":150,""invoice_date"":""2026-07-04"",""sap_code"":"""",""purchase_doc_number"":"""",""purchase_invoice_number"":"""",""tax1"":0,""tax2"":0,""tax3"":0,""tax1_amount"":0,""tax2_amount"":0,""tax3_amount"":0,""expiry_date"":"""",""manufacturing_date"":"""",""sap_group_master_id"":0,""category"":""Food"",""yield_qty"":""0"",""discount_application"":""B"",""container_weight"":0,""net_weight"":""0.5"",""gross_weight"":""0.5"",""tax_type"":0,""excise_duty"":0,""tax1_label"":""CGST"",""tax2_label"":""SGST"",""tax3_label"":""IGST""},{""prev_price"":""120.000000"",""item_id"":""46282809"",""itemname"":""Lemon Grass"",""qty"":0.1,""price"":120,""amount"":12,""discount"":""0.000"",""lbl_unit"":""Kg"",""unit"":""4907667"",""description"":"""",""hsn_code"":"""",""weighted_price"":120,""invoice_date"":""2026-07-04"",""sap_code"":"""",""purchase_doc_number"":"""",""purchase_invoice_number"":"""",""tax1"":0,""tax2"":0,""tax3"":0,""tax1_amount"":0,""tax2_amount"":0,""tax3_amount"":0,""expiry_date"":"""",""manufacturing_date"":"""",""sap_group_master_id"":0,""category"":""Food"",""rmconv_qty"":""1000"",""rmconv_qty_total"":100,""rmconv_unit_id"":""4907673"",""rmconv_unit"":""GM"",""yield_qty"":""0"",""discount_application"":""B"",""container_weight"":0,""net_weight"":""0.1"",""gross_weight"":""0.1"",""tax_type"":0,""excise_duty"":0,""tax1_label"":""CGST"",""tax2_label"":""SGST"",""tax3_label"":""IGST""},{""prev_price"":""185.000000"",""item_id"":""46283109"",""itemname"":""Romaine"",""qty"":1.1,""price"":185,""amount"":203.5,""discount"":""0.000"",""lbl_unit"":""Kg"",""unit"":""4907667"",""description"":"""",""hsn_code"":"""",""weighted_price"":185,""invoice_date"":""2026-07-04"",""sap_code"":"""",""purchase_doc_number"":"""",""purchase_invoice_number"":"""",""tax1"":0,""tax2"":0,""tax3"":0,""tax1_amount"":0,""tax2_amount"":0,""tax3_amount"":0,""expiry_date"":"""",""manufacturing_date"":"""",""sap_group_master_id"":0,""category"":""Food"",""rmconv_qty"":""1000"",""rmconv_qty_total"":1100,""rmconv_unit_id"":""4907673"",""rmconv_unit"":""GM"",""yield_qty"":""0"",""discount_application"":""B"",""container_weight"":0,""net_weight"":""1.1"",""gross_weight"":""1.1"",""tax_type"":0,""excise_duty"":0,""tax1_label"":""CGST"",""tax2_label"":""SGST"",""tax3_label"":""IGST""},{""prev_price"":""85.000000"",""item_id"":""46282721"",""itemname"":""Rocket /arugula Leaves"",""qty"":10,""price"":85,""amount"":850,""discount"":""0.000"",""lbl_unit"":""Kg"",""unit"":""4907667"",""description"":"""",""hsn_code"":"""",""weighted_price"":85,""invoice_date"":""2026-07-04"",""sap_code"":"""",""purchase_doc_number"":"""",""purchase_invoice_number"":"""",""tax1"":0,""tax2"":0,""tax3"":0,""tax1_amount"":0,""tax2_amount"":0,""tax3_amount"":0,""expiry_date"":"""",""manufacturing_date"":"""",""sap_group_master_id"":0,""category"":""Food"",""rmconv_qty"":""1000"",""rmconv_qty_total"":10000,""rmconv_unit_id"":""4907673"",""rmconv_unit"":""GM"",""yield_qty"":""0"",""discount_application"":""B"",""container_weight"":0,""net_weight"":""10"",""gross_weight"":""10"",""tax_type"":0,""excise_duty"":0,""tax1_label"":""CGST"",""tax2_label"":""SGST"",""tax3_label"":""IGST""},{""prev_price"":""950.000000"",""item_id"":""46283212"",""itemname"":""Shimeji White"",""qty"":1.4,""price"":950,""amount"":1330,""discount"":""0.000"",""lbl_unit"":""Kg"",""unit"":""4907667"",""description"":"""",""hsn_code"":"""",""weighted_price"":950,""invoice_date"":""2026-07-04"",""sap_code"":"""",""purchase_doc_number"":"""",""purchase_invoice_number"":"""",""tax1"":0,""tax2"":0,""tax3"":0,""tax1_amount"":0,""tax2_amount"":0,""tax3_amount"":0,""expiry_date"":"""",""manufacturing_date"":"""",""sap_group_master_id"":0,""category"":""Food"",""rmconv_qty"":""1000"",""rmconv_qty_total"":1400,""rmconv_unit_id"":""4907673"",""rmconv_unit"":""GM"",""yield_qty"":""0"",""discount_application"":""B"",""container_weight"":0,""net_weight"":""1.4"",""gross_weight"":""1.4"",""tax_type"":0,""excise_duty"":0,""tax1_label"":""CGST"",""tax2_label"":""SGST"",""tax3_label"":""IGST""}]",[],0,0,,,[],[],,,,,,,1,,,,,,,,,,,,,,,,,,,,,,,,,,,,,,,,,,,,,,,,,,,,,,,,,,,,,,,,,,,,,,,,,,,,,,,,,,,,,,,,,,,,,,,,,,,,,,,,,,,,,,,,,,,,,,,,,,,,,,,,,,,,,,,,,,,,,,,,,,,,,,,,,,,,,,,,,,,,,,,,,,,,,,,,,,,,,,,,,,,,,,,,,,,,,,,,,,,,,,,,,,,,,,,,6a48efb1-71e4-4b72-9ceb-5caa3c009e87,6a50c487-1740-4d26-b2e4-2de73c0082a3,60.0.129.179,60.0.158.135,,,,,,,,,,,,,,,,,,,,,,,,,,,,,,,,,,,,,,,,,,,,,,,,,,,,,,,,,,,,,,,,,,,,,,,,,,,,,,,,,,,,,,,,,,,,,,,,,,,,,,,,,,,,,,,,,,,,,,,,,,,,,,,,,,,,,,,,,,,,,,,,,,,,,,,,,,,,,,,,,,,,,,,,,,,,,,,,,,,,,,,,,,,,,,,,,,,,,,,,,,,,,,,,,,,,,,,,,,,,,,,,,,,,,,,,,,,,,,,,,,,,,,,,,,,,,,,,,,,,,,,,,,,,,,,,,,,,,,,,,,,,,,,,,,,,,,,,,,,,,,,,,,,,,,,,,,,,,,,,,,,,,,,,,,,,,,,,,,,,,,,,,,,,,,,,,,,,,,,,,,,,,,,,,,,,,,,,,,,,,,,,,,,,,,,,,,,,,,,,,,,,,,,,,,,,,,,,,,,,,,,,,,,,,,,,,,,,,,,,,,,,,,,,,,,,,,,,,,,,,,,,,,,,,,,,,,,,,,,,,,,,,,,,,,,,,,,,,,,,,,,,,,,,,,,,,,,,,,,,,,,,,,,,,,,
Surat Prep Kitchen,376017,133999926,Normal,,2580,2292507334,2026-07-03,117.419,0,Active,Unpaid,,112,0,0,5.419,0.00,0,0,0,0,2026-07-04 15:06:13,2026-07-11 15:48:17,1070020,Supplier,,Surat,Surat Prep Kitchen,Gujarat,,"Gujarat Hira Bourse , Ichchapore",9016168269,,,,,Blinkit,Supplier,,Gujarat,,,,0,,,,,1,,,0,,"[{""prev_price"":""30.000000"",""item_id"":""46870546"",""itemname"":""Brinjal Bharta"",""qty"":3,""price"":30,""amount"":90,""discount"":""0.000"",""lbl_unit"":""Qty"",""unit"":""4907684"",""description"":"""",""hsn_code"":"""",""weighted_price"":30,""invoice_date"":""2026-07-03"",""sap_code"":"""",""purchase_doc_number"":"""",""purchase_invoice_number"":"""",""tax1"":0,""tax2"":0,""tax3"":0,""tax1_amount"":0,""tax2_amount"":0,""tax3_amount"":0,""expiry_date"":"""",""manufacturing_date"":"""",""sap_group_master_id"":0,""category"":""Food"",""yield_qty"":""0"",""discount_application"":""B"",""container_weight"":0,""net_weight"":""3"",""gross_weight"":""3"",""tax_type"":0,""excise_duty"":0,""tax1_label"":""CGST"",""tax2_label"":""SGST"",""tax3_label"":""IGST""},{""prev_price"":""22.000000"",""item_id"":""46870556"",""itemname"":""Cluster Beans"",""qty"":1,""price"":22,""amount"":22,""discount"":""0.000"",""lbl_unit"":""Qty"",""unit"":""4907684"",""description"":"""",""hsn_code"":"""",""weighted_price"":22,""invoice_date"":""2026-07-03"",""sap_code"":"""",""purchase_doc_number"":"""",""purchase_invoice_number"":"""",""tax1"":0,""tax2"":0,""tax3"":0,""tax1_amount"":0,""tax2_amount"":0,""tax3_amount"":0,""expiry_date"":"""",""manufacturing_date"":"""",""sap_group_master_id"":0,""category"":""Food"",""yield_qty"":""0"",""discount_application"":""B"",""container_weight"":0,""net_weight"":""1"",""gross_weight"":""1"",""tax_type"":0,""excise_duty"":0,""tax1_label"":""CGST"",""tax2_label"":""SGST"",""tax3_label"":""IGST""}]",[],0,0,,,[],[],,,,,,,1,,,,,,,,,,,,,,,,,,,,,,,,,,,,,,,,,,,,,,,,,,,,,,,,,,,,,,,,,,,,,,,,,,,,,,,,,,,,,,,,,,,,,,,,,,,,,,,,,,,,,,,,,,,,,,,,,,,,,,,,,,,,,,,,,,,,,,,,,,,,,,,,,,,,,,,,,,,,,,,,,,,,,,,,,,,,,,,,,,,,,,,,,,,,,,,,,,,,,,,,,,,,,,,,,,,,6a48d3b6-c6e8-4b0a-ad06-4f293c008b09,6a521851-adb8-4848-a380-3ab73c009e87,60.0.139.9,60.0.133.212,,,,,,,,,,,,,,,,,,,,,,,,,,,,,,,,,,,,,,,,,,,,,,,,,,,,,,,,,,,,,,,,,,,,,,,,,,,,,,,,,,,,,,,,,,,,,,,,,,,,,,,,,,,,,,,,,,,,,,,,,,,,,,,,,,,,,,,,,,,,,,,,,,,,,,,,,,,,,,,,,,,,,,,,,,,,,,,,,,,,,,,,,,,,,,,,,,,,,,,,,,,,,,,,,,,,,,,,,,,,,,,,,,,,,,,,,,,,,,,,,,,,,,,,,,,,,,,,,,,,,,,,,,,,,,,,,,,,,,,,,,,,,,,,,,,,,,,,,,,,,,,,,,,,,,,,,,,,,,,,,,,,,,,,,,,,,,,,,,,,,,,,,,,,,,,,,,,,,,,,,,,,,,,,,,,,,,,,,,,,,,,,,,,,,,,,,,,,,,,,,,,,,,,,,,,,,,,,,,,,,,,,,,,,,,,,,,,,,,,,,,,,,,,,,,,,,,,,,,,,,,,,,,,,,,,,,,,,,,,,,,,,,,,,,,,,,,,,,,,,,,,,,,,,,,,,,,,,,,,,,,,,,,,
Surat Prep Kitchen,376017,133984270,Normal,,2579,F3828,2026-07-03,4700,0,Active,Unpaid,,4700,0,0,0,0.00,0,0,0,0,2026-07-04 13:07:28,2026-07-10 16:01:47,1014167,Supplier,,Surat,Surat Prep Kitchen,Gujarat,,"Gujarat Hira Bourse , Ichchapore",9016168269,,,,,Fresh N Local,Supplier,,Gujarat,,,9825122870,0,,,,,1,,,0,,"[{""prev_price"":""220.000000"",""item_id"":""46282628"",""itemname"":""Red Cabbage"",""qty"":1,""price"":220,""amount"":220,""discount"":""0.000"",""lbl_unit"":""Kg"",""unit"":""4907667"",""description"":"""",""hsn_code"":"""",""weighted_price"":220,""invoice_date"":""2026-07-03"",""sap_code"":"""",""purchase_doc_number"":"""",""purchase_invoice_number"":"""",""tax1"":0,""tax2"":0,""tax3"":0,""tax1_amount"":0,""tax2_amount"":0,""tax3_amount"":0,""expiry_date"":"""",""manufacturing_date"":"""",""sap_group_master_id"":0,""category"":""Food"",""rmconv_qty"":""1000"",""rmconv_qty_total"":1000,""rmconv_unit_id"":""4907673"",""rmconv_unit"":""GM"",""yield_qty"":""0"",""discount_application"":""B"",""container_weight"":0,""net_weight"":""1"",""gross_weight"":""1"",""tax_type"":0,""excise_duty"":0,""tax1_label"":""CGST"",""tax2_label"":""SGST"",""tax3_label"":""IGST""},{""prev_price"":""160.000000"",""item_id"":""46283158"",""itemname"":""Chinese Cabbage"",""qty"":1,""price"":160,""amount"":160,""discount"":""0.000"",""lbl_unit"":""Kg"",""unit"":""4907667"",""description"":"""",""hsn_code"":"""",""weighted_price"":160,""invoice_date"":""2026-07-03"",""sap_code"":"""",""purchase_doc_number"":"""",""purchase_invoice_number"":"""",""tax1"":0,""tax2"":0,""tax3"":0,""tax1_amount"":0,""tax2_amount"":0,""tax3_amount"":0,""expiry_date"":"""",""manufacturing_date"":"""",""sap_group_master_id"":0,""category"":""Food"",""rmconv_qty"":""1000"",""rmconv_qty_total"":1000,""rmconv_unit_id"":""4907673"",""rmconv_unit"":""GM"",""yield_qty"":""0"",""discount_application"":""B"",""container_weight"":0,""net_weight"":""1"",""gross_weight"":""1"",""tax_type"":0,""excise_duty"":0,""tax1_label"":""CGST"",""tax2_label"":""SGST"",""tax3_label"":""IGST""},{""prev_price"":""320.000000"",""item_id"":""46282712"",""itemname"":""Red Bellpepper"",""qty"":2,""price"":320,""amount"":640,""discount"":""0.000"",""lbl_unit"":""Kg"",""unit"":""4907667"",""description"":"""",""hsn_code"":"""",""weighted_price"":320,""invoice_date"":""2026-07-03"",""sap_code"":"""",""purchase_doc_number"":"""",""purchase_invoice_number"":"""",""tax1"":0,""tax2"":0,""tax3"":0,""tax1_amount"":0,""tax2_amount"":0,""tax3_amount"":0,""expiry_date"":"""",""manufacturing_date"":"""",""sap_group_master_id"":0,""category"":""Food"",""rmconv_qty"":""1000"",""rmconv_qty_total"":2000,""rmconv_unit_id"":""4907673"",""rmconv_unit"":""GM"",""yield_qty"":""0"",""discount_application"":""B"",""container_weight"":0,""net_weight"":""2"",""gross_weight"":""2"",""tax_type"":0,""excise_duty"":0,""tax1_label"":""CGST"",""tax2_label"":""SGST"",""tax3_label"":""IGST""},{""prev_price"":""180.000000"",""item_id"":""46282720"",""itemname"":""Button Mushrooms"",""qty"":8,""price"":180,""amount"":1440,""discount"":""0.000"",""lbl_unit"":""Kg"",""unit"":""4907667"",""description"":"""",""hsn_code"":"""",""weighted_price"":180,""invoice_date"":""2026-07-03"",""sap_code"":"""",""purchase_doc_number"":"""",""purchase_invoice_number"":"""",""tax1"":0,""tax2"":0,""tax3"":0,""tax1_amount"":0,""tax2_amount"":0,""tax3_amount"":0,""expiry_date"":"""",""manufacturing_date"":"""",""sap_group_master_id"":0,""category"":""Food"",""rmconv_qty"":""1000"",""rmconv_qty_total"":8000,""rmconv_unit_id"":""4907673"",""rmconv_unit"":""GM"",""yield_qty"":""0"",""discount_application"":""B"",""container_weight"":0,""net_weight"":""8"",""gross_weight"":""8"",""tax_type"":0,""excise_duty"":0,""tax1_label"":""CGST"",""tax2_label"":""SGST"",""tax3_label"":""IGST""},{""prev_price"":""100.000000"",""item_id"":""46282870"",""itemname"":""Green Zucchini"",""qty"":2,""price"":100,""amount"":200,""discount"":""0.000"",""lbl_unit"":""Kg"",""unit"":""4907667"",""description"":"""",""hsn_code"":"""",""weighted_price"":100,""invoice_date"":""2026-07-03"",""sap_code"":"""",""purchase_doc_number"":"""",""purchase_invoice_number"":"""",""tax1"":0,""tax2"":0,""tax3"":0,""tax1_amount"":0,""tax2_amount"":0,""tax3_amount"":0,""expiry_date"":"""",""manufacturing_date"":"""",""sap_group_master_id"":0,""category"":""Food"",""rmconv_qty"":""1000"",""rmconv_qty_total"":2000,""rmconv_unit_id"":""4907673"",""rmconv_unit"":""GM"",""yield_qty"":""0"",""discount_application"":""B"",""container_weight"":0,""net_weight"":""2"",""gross_weight"":""2"",""tax_type"":0,""excise_duty"":0,""tax1_label"":""CGST"",""tax2_label"":""SGST"",""tax3_label"":""IGST""},{""prev_price"":""60.000000"",""item_id"":""46282506"",""itemname"":""Chinese Cucumber"",""qty"":4,""price"":60,""amount"":240,""discount"":""0.000"",""lbl_unit"":""Kg"",""unit"":""4907667"",""description"":"""",""hsn_code"":"""",""weighted_price"":60,""invoice_date"":""2026-07-03"",""sap_code"":"""",""purchase_doc_number"":"""",""purchase_invoice_number"":"""",""tax1"":0,""tax2"":0,""tax3"":0,""tax1_amount"":0,""tax2_amount"":0,""tax3_amount"":0,""expiry_date"":"""",""manufacturing_date"":"""",""sap_group_master_id"":0,""category"":""Food"",""rmconv_qty"":""1000"",""rmconv_qty_total"":4000,""rmconv_unit_id"":""4907673"",""rmconv_unit"":""GM"",""yield_qty"":""0"",""discount_application"":""B"",""container_weight"":0,""net_weight"":""4"",""gross_weight"":""4"",""tax_type"":0,""excise_duty"":0,""tax1_label"":""CGST"",""tax2_label"":""SGST"",""tax3_label"":""IGST""},{""prev_price"":""450.000000"",""item_id"":""46283219"",""itemname"":""Fresh Jalepenos Green"",""qty"":4,""price"":450,""amount"":1800,""discount"":""0.000"",""lbl_unit"":""Kg"",""unit"":""4907667"",""description"":"""",""hsn_code"":"""",""weighted_price"":450,""invoice_date"":""2026-07-03"",""sap_code"":"""",""purchase_doc_number"":"""",""purchase_invoice_number"":"""",""tax1"":0,""tax2"":0,""tax3"":0,""tax1_amount"":0,""tax2_amount"":0,""tax3_amount"":0,""expiry_date"":"""",""manufacturing_date"":"""",""sap_group_master_id"":0,""category"":""Food"",""rmconv_qty"":""1000"",""rmconv_qty_total"":4000,""rmconv_unit_id"":""4907673"",""rmconv_unit"":""GM"",""yield_qty"":""0"",""discount_application"":""B"",""container_weight"":0,""net_weight"":""4"",""gross_weight"":""4"",""tax_type"":0,""excise_duty"":0,""tax1_label"":""CGST"",""tax2_label"":""SGST"",""tax3_label"":""IGST""}]",[],0,0,,,[],[],,,,,,,1,,,,,,,,,,,,,,,,,,,,,,,,,,,,,,,,,,,,,,,,,,,,,,,,,,,,,,,,,,,,,,,,,,,,,,,,,,,,,,,,,,,,,,,,,,,,,,,,,,,,,,,,,,,,,,,,,,,,,,,,,,,,,,,,,,,,,,,,,,,,,,,,,,,,,,,,,,,,,,,,,,,,,,,,,,,,,,,,,,,,,,,,,,,,,,,,,,,,,,,,,,,,,,,,,,,,,,,,6a48b3a6-2c58-442d-be97-075b3c009e87,6a50c9db-cc44-4438-af87-4ee23c008b9b,60.0.158.135,60.0.159.192,,,,,,,,,,,,,,,,,,,,,,,,,,,,,,,,,,,,,,,,,,,,,,,,,,,,,,,,,,,,,,,,,,,,,,,,,,,,,,,,,,,,,,,,,,,,,,,,,,,,,,,,,,,,,,,,,,,,,,,,,,,,,,,,,,,,,,,,,,,,,,,,,,,,,,,,,,,,,,,,,,,,,,,,,,,,,,,,,,,,,,,,,,,,,,,,,,,,,,,,,,,,,,,,,,,,,,,,,,,,,,,,,,,,,,,,,,,,,,,,,,,,,,,,,,,,,,,,,,,,,,,,,,,,,,,,,,,,,,,,,,,,,,,,,,,,,,,,,,,,,,,,,,,,,,,,,,,,,,,,,,,,,,,,,,,,,,,,,,,,,,,,,,,,,,,,,,,,,,,,,,,,,,,,,,,,,,,,,,,,,,,,,,,,,,,,,,,,,,,,,,,,,,,,,,,,,,,,,,,,,,,,,,,,,,,,,,,,,,,,,,,,,,,,,,,,,,,,,,,,,,,,,,,,,,,,,,,,,,,,,,,,,,,,,,,,,,,,,,,,,,,,,,,,,,,,,,,,,,,,,,,
Surat Prep Kitchen,376017,133980979,Normal,,2578,F3795,2026-07-02,5000,0,Active,Unpaid,,5000,0,0,0,0.00,0,0,0,0,2026-07-04 12:47:42,2026-07-10 16:00:35,1014167,Supplier,,Surat,Surat Prep Kitchen,Gujarat,,"Gujarat Hira Bourse , Ichchapore",9016168269,,,,,Fresh N Local,Supplier,,Gujarat,,,9825122870,0,,,,,1,,,0,,"[{""prev_price"":""1000.000000"",""item_id"":""46282607"",""itemname"":""Alphonso Mango"",""qty"":5,""price"":1000,""amount"":5000,""discount"":""0.000"",""lbl_unit"":""dozen"",""unit"":""5165361"",""description"":"""",""hsn_code"":"""",""weighted_price"":1000,""invoice_date"":""2026-07-02"",""sap_code"":"""",""purchase_doc_number"":"""",""purchase_invoice_number"":"""",""tax1"":0,""tax2"":0,""tax3"":0,""tax1_amount"":0,""tax2_amount"":0,""tax3_amount"":0,""expiry_date"":"""",""manufacturing_date"":"""",""sap_group_master_id"":0,""category"":""Food"",""yield_qty"":""0"",""discount_application"":""B"",""container_weight"":0,""net_weight"":""5"",""gross_weight"":""5"",""tax_type"":0,""excise_duty"":0,""tax1_label"":""CGST"",""tax2_label"":""SGST"",""tax3_label"":""IGST""}]",[],0,0,,,[],[],,,,,,,1,,,,,,,,,,,,,,,,,,,,,,,,,,,,,,,,,,,,,,,,,,,,,,,,,,,,,,,,,,,,,,,,,,,,,,,,,,,,,,,,,,,,,,,,,,,,,,,,,,,,,,,,,,,,,,,,,,,,,,,,,,,,,,,,,,,,,,,,,,,,,,,,,,,,,,,,,,,,,,,,,,,,,,,,,,,,,,,,,,,,,,,,,,,,,,,,,,,,,,,,,,,,,,,,,,,,,,,,,,,,6a48b36b-2e98-466c-87fc-2ce53c008b09,6a50c98e-a6d4-46cb-9220-5e043c008b9b,60.0.146.125,60.0.130.163,,,,,,,,,,,,,,,,,,,,,,,,,,,,,,,,,,,,,,,,,,,,,,,,,,,,,,,,,,,,,,,,,,,,,,,,,,,,,,,,,,,,,,,,,,,,,,,,,,,,,,,,,,,,,,,,,,,,,,,,,,,,,,,,,,,,,,,,,,,,,,,,,,,,,,,,,,,,,,,,,,,,,,,,,,,,,,,,,,,,,,,,,,,,,,,,,,,,,,,,,,,,,,,,,,,,,,,,,,,,,,,,,,,,,,,,,,,,,,,,,,,,,,,,,,,,,,,,,,,,,,,,,,,,,,,,,,,,,,,,,,,,,,,,,,,,,,,,,,,,,,,,,,,,,,,,,,,,,,,,,,,,,,,,,,,,,,,,,,,,,,,,,,,,,,,,,,,,,,,,,,,,,,,,,,,,,,,,,,,,,,,,,,,,,,,,,,,,,,,,,,,,,,,,,,,,,,,,,,,,,,,,,,,,,,,,,,,,,,,,,,,,,,,,,,,,,,,,,,,,,,,,,,,,,,,,,,,,,,,,,,,,,,,,,,,,,,,,,,,,,,,,,,,,,,,,,,,,,,,
Surat Prep Kitchen,376017,133980626,Normal,,2577,INV-26y0703-0006,2026-07-03,1732.5,0,Active,Unpaid,,1732.5,0,0,0,0.00,0,0,0,0,2026-07-04 12:45:07,2026-07-10 16:38:45,891257,Supplier,,Surat,Surat Prep Kitchen,Gujarat,,"Gujarat Hira Bourse , Ichchapore",9016168269,,,,,Vr Agro,Supplier,rajmewara004@gmail.com,Gujarat,,"56 basement NSTM sardar ,market puna kumbahraiya road, surat -395010",7096748177,0,,,,,1,,,0,,"[{""prev_price"":""80.000000"",""item_id"":""46282770"",""itemname"":""Green Bell Pepper"",""qty"":2,""price"":80,""amount"":160,""discount"":""0.000"",""lbl_unit"":""Kg"",""unit"":""4907667"",""description"":"""",""hsn_code"":"""",""weighted_price"":80,""invoice_date"":""2026-07-03"",""sap_code"":"""",""purchase_doc_number"":"""",""purchase_invoice_number"":"""",""tax1"":0,""tax2"":0,""tax3"":0,""tax1_amount"":0,""tax2_amount"":0,""tax3_amount"":0,""expiry_date"":"""",""manufacturing_date"":"""",""sap_group_master_id"":0,""category"":""Food"",""rmconv_qty"":""1000"",""rmconv_qty_total"":2000,""rmconv_unit_id"":""4907673"",""rmconv_unit"":""GM"",""yield_qty"":""0"",""discount_application"":""B"",""container_weight"":0,""net_weight"":""2"",""gross_weight"":""2"",""tax_type"":0,""excise_duty"":0,""tax1_label"":""CGST"",""tax2_label"":""SGST"",""tax3_label"":""IGST""},{""prev_price"":""95.000000"",""item_id"":""46282817"",""itemname"":""Spring Onion ."",""qty"":1,""price"":95,""amount"":95,""discount"":""0.000"",""lbl_unit"":""Kg"",""unit"":""4907667"",""description"":"""",""hsn_code"":"""",""weighted_price"":95,""invoice_date"":""2026-07-03"",""sap_code"":"""",""purchase_doc_number"":"""",""purchase_invoice_number"":"""",""tax1"":0,""tax2"":0,""tax3"":0,""tax1_amount"":0,""tax2_amount"":0,""tax3_amount"":0,""expiry_date"":"""",""manufacturing_date"":"""",""sap_group_master_id"":0,""category"":""Food"",""rmconv_qty"":""1000"",""rmconv_qty_total"":1000,""rmconv_unit_id"":""4907673"",""rmconv_unit"":""GM"",""yield_qty"":""0"",""discount_application"":""B"",""container_weight"":0,""net_weight"":""1"",""gross_weight"":""1"",""tax_type"":0,""excise_duty"":0,""tax1_label"":""CGST"",""tax2_label"":""SGST"",""tax3_label"":""IGST""},{""prev_price"":""25.000000"",""item_id"":""46283211"",""itemname"":""Mint Leaves"",""qty"":1,""price"":25,""amount"":25,""discount"":""0.000"",""lbl_unit"":""Piece"",""unit"":""4907666"",""description"":"""",""hsn_code"":"""",""weighted_price"":25,""invoice_date"":""2026-07-03"",""sap_code"":"""",""purchase_doc_number"":"""",""purchase_invoice_number"":"""",""tax1"":0,""tax2"":0,""tax3"":0,""tax1_amount"":0,""tax2_amount"":0,""tax3_amount"":0,""expiry_date"":"""",""manufacturing_date"":"""",""sap_group_master_id"":0,""category"":""Food"",""yield_qty"":""0"",""discount_application"":""B"",""container_weight"":0,""net_weight"":""1"",""gross_weight"":""1"",""tax_type"":0,""excise_duty"":0,""tax1_label"":""CGST"",""tax2_label"":""SGST"",""tax3_label"":""IGST""},{""prev_price"":""90.000000"",""item_id"":""46282718"",""itemname"":""Lemon"",""qty"":2,""price"":90,""amount"":180,""discount"":""0.000"",""lbl_unit"":""Kg"",""unit"":""4907667"",""description"":"""",""hsn_code"":"""",""weighted_price"":90,""invoice_date"":""2026-07-03"",""sap_code"":"""",""purchase_doc_number"":"""",""purchase_invoice_number"":"""",""tax1"":0,""tax2"":0,""tax3"":0,""tax1_amount"":0,""tax2_amount"":0,""tax3_amount"":0,""expiry_date"":"""",""manufacturing_date"":"""",""sap_group_master_id"":0,""category"":""Food"",""yield_qty"":""0"",""discount_application"":""B"",""container_weight"":0,""net_weight"":""2"",""gross_weight"":""2"",""tax_type"":0,""excise_duty"":0,""tax1_label"":""CGST"",""tax2_label"":""SGST"",""tax3_label"":""IGST""},{""prev_price"":""240.000000"",""item_id"":""46283370"",""itemname"":""Peeled Garlic."",""qty"":1.5,""price"":240,""amount"":360,""discount"":""0.000"",""lbl_unit"":""Kg"",""unit"":""4907667"",""description"":"""",""hsn_code"":"""",""weighted_price"":240,""invoice_date"":""2026-07-03"",""sap_code"":"""",""purchase_doc_number"":"""",""purchase_invoice_number"":"""",""tax1"":0,""tax2"":0,""tax3"":0,""tax1_amount"":0,""tax2_amount"":0,""tax3_amount"":0,""expiry_date"":"""",""manufacturing_date"":"""",""sap_group_master_id"":0,""category"":""Food"",""rmconv_qty"":""1000"",""rmconv_qty_total"":1500,""rmconv_unit_id"":""4907673"",""rmconv_unit"":""GM"",""yield_qty"":""0"",""discount_application"":""B"",""container_weight"":0,""net_weight"":""1.5"",""gross_weight"":""1.5"",""tax_type"":0,""excise_duty"":0,""tax1_label"":""CGST"",""tax2_label"":""SGST"",""tax3_label"":""IGST""},{""prev_price"":""215.000000"",""item_id"":""46282704"",""itemname"":""Broccoli"",""qty"":1.5,""price"":215,""amount"":322.5,""discount"":""0.000"",""lbl_unit"":""Kg"",""unit"":""4907667"",""description"":"""",""hsn_code"":"""",""weighted_price"":215,""invoice_date"":""2026-07-03"",""sap_code"":"""",""purchase_doc_number"":"""",""purchase_invoice_number"":"""",""tax1"":0,""tax2"":0,""tax3"":0,""tax1_amount"":0,""tax2_amount"":0,""tax3_amount"":0,""expiry_date"":"""",""manufacturing_date"":"""",""sap_group_master_id"":0,""category"":""Food"",""rmconv_qty"":""1000"",""rmconv_qty_total"":1500,""rmconv_unit_id"":""4907673"",""rmconv_unit"":""GM"",""yield_qty"":""0"",""discount_application"":""B"",""container_weight"":0,""net_weight"":""1.5"",""gross_weight"":""1.5"",""tax_type"":0,""excise_duty"":0,""tax1_label"":""CGST"",""tax2_label"":""SGST"",""tax3_label"":""IGST""},{""prev_price"":""130.000000"",""item_id"":""46282699"",""itemname"":""Pineapple"",""qty"":3,""price"":130,""amount"":390,""discount"":""0.000"",""lbl_unit"":""pcs"",""unit"":""5165360"",""description"":"""",""hsn_code"":"""",""weighted_price"":130,""invoice_date"":""2026-07-03"",""sap_code"":"""",""purchase_doc_number"":"""",""purchase_invoice_number"":"""",""tax1"":0,""tax2"":0,""tax3"":0,""tax1_amount"":0,""tax2_amount"":0,""tax3_amount"":0,""expiry_date"":"""",""manufacturing_date"":"""",""sap_group_master_id"":0,""category"":""Food"",""yield_qty"":""0"",""discount_application"":""B"",""container_weight"":0,""net_weight"":""3"",""gross_weight"":""3"",""tax_type"":0,""excise_duty"":0,""tax1_label"":""CGST"",""tax2_label"":""SGST"",""tax3_label"":""IGST""},{""prev_price"":""200.000000"",""item_id"":""46282709"",""itemname"":""Green Garlic"",""qty"":1,""price"":200,""amount"":200,""discount"":""0.000"",""lbl_unit"":""Kg"",""unit"":""4907667"",""description"":"""",""hsn_code"":"""",""weighted_price"":200,""invoice_date"":""2026-07-03"",""sap_code"":"""",""purchase_doc_number"":"""",""purchase_invoice_number"":"""",""tax1"":0,""tax2"":0,""tax3"":0,""tax1_amount"":0,""tax2_amount"":0,""tax3_amount"":0,""expiry_date"":"""",""manufacturing_date"":"""",""sap_group_master_id"":0,""category"":""Food"",""rmconv_qty"":""1000"",""rmconv_qty_total"":1000,""rmconv_unit_id"":""4907673"",""rmconv_unit"":""GM"",""yield_qty"":""0"",""discount_application"":""B"",""container_weight"":0,""net_weight"":""1"",""gross_weight"":""1"",""tax_type"":0,""excise_duty"":0,""tax1_label"":""CGST"",""tax2_label"":""SGST"",""tax3_label"":""IGST""}]",[],0,0,,,[],[],,,,,,,1,,,,,,,,,,,,,,,,,,,,,,,,,,,,,,,,,,,,,,,,,,,,,,,,,,,,,,,,,,,,,,,,,,,,,,,,,,,,,,,,,,,,,,,,,,,,,,,,,,,,,,,,,,,,,,,,,,,,,,,,,,,,,,,,,,,,,,,,,,,,,,,,,,,,,,,,,,,,,,,,,,,,,,,,,,,,,,,,,,,,,,,,,,,,,,,,,,,,,,,,,,,,,,,,,,,,,,,,,,,,,,,,6a48b1da-a168-487c-80d7-2b673c008b09,6a50d2b1-fdc8-4ac7-9dfd-0a473c009fc0,60.0.146.125,60.0.159.192,,,,,,,,,,,,,,,,,,,,,,,,,,,,,,,,,,,,,,,,,,,,,,,,,,,,,,,,,,,,,,,,,,,,,,,,,,,,,,,,,,,,,,,,,,,,,,,,,,,,,,,,,,,,,,,,,,,,,,,,,,,,,,,,,,,,,,,,,,,,,,,,,,,,,,,,,,,,,,,,,,,,,,,,,,,,,,,,,,,,,,,,,,,,,,,,,,,,,,,,,,,,,,,,,,,,,,,,,,,,,,,,,,,,,,,,,,,,,,,,,,,,,,,,,,,,,,,,,,,,,,,,,,,,,,,,,,,,,,,,,,,,,,,,,,,,,,,,,,,,,,,,,,,,,,,,,,,,,,,,,,,,,,,,,,,,,,,,,,,,,,,,,,,,,,,,,,,,,,,,,,,,,,,,,,,,,,,,,,,,,,,,,,,,,,,,,,,,,,,,,,,,,,,,,,,,,,,,,,,,,,,,,,,,,,,,,,,,,,,,,,,,,,,,,,,,,,,,,,,,,,,,,,,,,,,,,,,,,,,,,,,,,,,,,,,,,,,,,,,,,,,,,,,,,,,,,,,
Surat Prep Kitchen,376017,133979658,Normal,,2576,INV-26y0703-0005,2026-07-03,1732.5,0,Active,Unpaid,,1732.5,0,0,0,0.00,0,0,0,0,2026-07-04 12:38:02,2026-07-10 16:38:23,891257,Supplier,,Surat,Surat Prep Kitchen,Gujarat,,"Gujarat Hira Bourse , Ichchapore",9016168269,,,,,Vr Agro,Supplier,rajmewara004@gmail.com,Gujarat,,"56 basement NSTM sardar ,market puna kumbahraiya road, surat -395010",7096748177,0,,,,,1,,,0,,"[{""prev_price"":""200.000000"",""item_id"":""46282709"",""itemname"":""Green Garlic"",""qty"":1,""price"":200,""amount"":200,""discount"":""0.000"",""lbl_unit"":""Kg"",""unit"":""4907667"",""description"":"""",""hsn_code"":"""",""weighted_price"":200,""invoice_date"":""2026-07-03"",""sap_code"":"""",""purchase_doc_number"":"""",""purchase_invoice_number"":"""",""tax1"":0,""tax2"":0,""tax3"":0,""tax1_amount"":0,""tax2_amount"":0,""tax3_amount"":0,""expiry_date"":"""",""manufacturing_date"":"""",""sap_group_master_id"":0,""category"":""Food"",""rmconv_qty"":""1000"",""rmconv_qty_total"":1000,""rmconv_unit_id"":""4907673"",""rmconv_unit"":""GM"",""yield_qty"":""0"",""discount_application"":""B"",""container_weight"":0,""net_weight"":""1"",""gross_weight"":""1"",""tax_type"":0,""excise_duty"":0,""tax1_label"":""CGST"",""tax2_label"":""SGST"",""tax3_label"":""IGST""},{""prev_price"":""25.000000"",""item_id"":""46283211"",""itemname"":""Mint Leaves"",""qty"":1,""price"":25,""amount"":25,""discount"":""0.000"",""lbl_unit"":""Piece"",""unit"":""4907666"",""description"":"""",""hsn_code"":"""",""weighted_price"":25,""invoice_date"":""2026-07-03"",""sap_code"":"""",""purchase_doc_number"":"""",""purchase_invoice_number"":"""",""tax1"":0,""tax2"":0,""tax3"":0,""tax1_amount"":0,""tax2_amount"":0,""tax3_amount"":0,""expiry_date"":"""",""manufacturing_date"":"""",""sap_group_master_id"":0,""category"":""Food"",""yield_qty"":""0"",""discount_application"":""B"",""container_weight"":0,""net_weight"":""1"",""gross_weight"":""1"",""tax_type"":0,""excise_duty"":0,""tax1_label"":""CGST"",""tax2_label"":""SGST"",""tax3_label"":""IGST""},{""prev_price"":""90.000000"",""item_id"":""46282718"",""itemname"":""Lemon"",""qty"":2,""price"":90,""amount"":180,""discount"":""0.000"",""lbl_unit"":""Kg"",""unit"":""4907667"",""description"":"""",""hsn_code"":"""",""weighted_price"":90,""invoice_date"":""2026-07-03"",""sap_code"":"""",""purchase_doc_number"":"""",""purchase_invoice_number"":"""",""tax1"":0,""tax2"":0,""tax3"":0,""tax1_amount"":0,""tax2_amount"":0,""tax3_amount"":0,""expiry_date"":"""",""manufacturing_date"":"""",""sap_group_master_id"":0,""category"":""Food"",""yield_qty"":""0"",""discount_application"":""B"",""container_weight"":0,""net_weight"":""2"",""gross_weight"":""2"",""tax_type"":0,""excise_duty"":0,""tax1_label"":""CGST"",""tax2_label"":""SGST"",""tax3_label"":""IGST""},{""prev_price"":""240.000000"",""item_id"":""46283370"",""itemname"":""Peeled Garlic."",""qty"":1.5,""price"":240,""amount"":360,""discount"":""0.000"",""lbl_unit"":""Kg"",""unit"":""4907667"",""description"":"""",""hsn_code"":"""",""weighted_price"":240,""invoice_date"":""2026-07-03"",""sap_code"":"""",""purchase_doc_number"":"""",""purchase_invoice_number"":"""",""tax1"":0,""tax2"":0,""tax3"":0,""tax1_amount"":0,""tax2_amount"":0,""tax3_amount"":0,""expiry_date"":"""",""manufacturing_date"":"""",""sap_group_master_id"":0,""category"":""Food"",""rmconv_qty"":""1000"",""rmconv_qty_total"":1500,""rmconv_unit_id"":""4907673"",""rmconv_unit"":""GM"",""yield_qty"":""0"",""discount_application"":""B"",""container_weight"":0,""net_weight"":""1.5"",""gross_weight"":""1.5"",""tax_type"":0,""excise_duty"":0,""tax1_label"":""CGST"",""tax2_label"":""SGST"",""tax3_label"":""IGST""},{""prev_price"":""95.000000"",""item_id"":""46282817"",""itemname"":""Spring Onion ."",""qty"":1,""price"":95,""amount"":95,""discount"":""0.000"",""lbl_unit"":""Kg"",""unit"":""4907667"",""description"":"""",""hsn_code"":"""",""weighted_price"":95,""invoice_date"":""2026-07-03"",""sap_code"":"""",""purchase_doc_number"":"""",""purchase_invoice_number"":"""",""tax1"":0,""tax2"":0,""tax3"":0,""tax1_amount"":0,""tax2_amount"":0,""tax3_amount"":0,""expiry_date"":"""",""manufacturing_date"":"""",""sap_group_master_id"":0,""category"":""Food"",""rmconv_qty"":""1000"",""rmconv_qty_total"":1000,""rmconv_unit_id"":""4907673"",""rmconv_unit"":""GM"",""yield_qty"":""0"",""discount_application"":""B"",""container_weight"":0,""net_weight"":""1"",""gross_weight"":""1"",""tax_type"":0,""excise_duty"":0,""tax1_label"":""CGST"",""tax2_label"":""SGST"",""tax3_label"":""IGST""},{""prev_price"":""130.000000"",""item_id"":""46282699"",""itemname"":""Pineapple"",""qty"":3,""price"":130,""amount"":390,""discount"":""0.000"",""lbl_unit"":""pcs"",""unit"":""5165360"",""description"":"""",""hsn_code"":"""",""weighted_price"":130,""invoice_date"":""2026-07-03"",""sap_code"":"""",""purchase_doc_number"":"""",""purchase_invoice_number"":"""",""tax1"":0,""tax2"":0,""tax3"":0,""tax1_amount"":0,""tax2_amount"":0,""tax3_amount"":0,""expiry_date"":"""",""manufacturing_date"":"""",""sap_group_master_id"":0,""category"":""Food"",""yield_qty"":""0"",""discount_application"":""B"",""container_weight"":0,""net_weight"":""3"",""gross_weight"":""3"",""tax_type"":0,""excise_duty"":0,""tax1_label"":""CGST"",""tax2_label"":""SGST"",""tax3_label"":""IGST""},{""prev_price"":""215.000000"",""item_id"":""46282704"",""itemname"":""Broccoli"",""qty"":1.5,""price"":215,""amount"":322.5,""discount"":""0.000"",""lbl_unit"":""Kg"",""unit"":""4907667"",""description"":"""",""hsn_code"":"""",""weighted_price"":215,""invoice_date"":""2026-07-03"",""sap_code"":"""",""purchase_doc_number"":"""",""purchase_invoice_number"":"""",""tax1"":0,""tax2"":0,""tax3"":0,""tax1_amount"":0,""tax2_amount"":0,""tax3_amount"":0,""expiry_date"":"""",""manufacturing_date"":"""",""sap_group_master_id"":0,""category"":""Food"",""rmconv_qty"":""1000"",""rmconv_qty_total"":1500,""rmconv_unit_id"":""4907673"",""rmconv_unit"":""GM"",""yield_qty"":""0"",""discount_application"":""B"",""container_weight"":0,""net_weight"":""1.5"",""gross_weight"":""1.5"",""tax_type"":0,""excise_duty"":0,""tax1_label"":""CGST"",""tax2_label"":""SGST"",""tax3_label"":""IGST""},{""prev_price"":""80.000000"",""item_id"":""46282770"",""itemname"":""Green Bell Pepper"",""qty"":2,""price"":80,""amount"":160,""discount"":""0.000"",""lbl_unit"":""Kg"",""unit"":""4907667"",""description"":"""",""hsn_code"":"""",""weighted_price"":80,""invoice_date"":""2026-07-03"",""sap_code"":"""",""purchase_doc_number"":"""",""purchase_invoice_number"":"""",""tax1"":0,""tax2"":0,""tax3"":0,""tax1_amount"":0,""tax2_amount"":0,""tax3_amount"":0,""expiry_date"":"""",""manufacturing_date"":"""",""sap_group_master_id"":0,""category"":""Food"",""rmconv_qty"":""1000"",""rmconv_qty_total"":2000,""rmconv_unit_id"":""4907673"",""rmconv_unit"":""GM"",""yield_qty"":""0"",""discount_application"":""B"",""container_weight"":0,""net_weight"":""2"",""gross_weight"":""2"",""tax_type"":0,""excise_duty"":0,""tax1_label"":""CGST"",""tax2_label"":""SGST"",""tax3_label"":""IGST""}]",[],0,0,,,[],[],,,,,,,1,,,,,,,,,,,,,,,,,,,,,,,,,,,,,,,,,,,,,,,,,,,,,,,,,,,,,,,,,,,,,,,,,,,,,,,,,,,,,,,,,,,,,,,,,,,,,,,,,,,,,,,,,,,,,,,,,,,,,,,,,,,,,,,,,,,,,,,,,,,,,,,,,,,,,,,,,,,,,,,,,,,,,,,,,,,,,,,,,,,,,,,,,,,,,,,,,,,,,,,,,,,,,,,,,,,,,,,,,,,,,,,,,,,,6a48ad3b-60e8-4fb3-9eec-72883c009e87,6a50d29e-938c-4467-b95f-0c013c009e87,60.0.158.135,60.0.140.168,,,,,,,,,,,,,,,,,,,,,,,,,,,,,,,,,,,,,,,,,,,,,,,,,,,,,,,,,,,,,,,,,,,,,,,,,,,,,,,,,,,,,,,,,,,,,,,,,,,,,,,,,,,,,,,,,,,,,,,,,,,,,,,,,,,,,,,,,,,,,,,,,,,,,,,,,,,,,,,,,,,,,,,,,,,,,,,,,,,,,,,,,,,,,,,,,,,,,,,,,,,,,,,,,,,,,,,,,,,,,,,,,,,,,,,,,,,,,,,,,,,,,,,,,,,,,,,,,,,,,,,,,,,,,,,,,,,,,,,,,,,,,,,,,,,,,,,,,,,,,,,,,,,,,,,,,,,,,,,,,,,,,,,,,,,,,,,,,,,,,,,,,,,,,,,,,,,,,,,,,,,,,,,,,,,,,,,,,,,,,,,,,,,,,,,,,,,,,,,,,,,,,,,,,,,,,,,,,,,,,,,,,,,,,,,,,,,,,,,,,,,,,,,,,,,,,,,,,,,,,,,,,,,,,,,,,,,,,,,,,,,,,,,,,,,,,,,,,,,,,,,,,,,,,,,
Surat Prep Kitchen,376017,133977090,Normal,,2575,INV-26y0703-0004,2026-07-03,1296,0,Active,Unpaid,,1296,0,0,0,0.00,0,0,0,0,2026-07-04 12:20:15,2026-07-10 16:38:02,891257,Supplier,,Surat,Surat Prep Kitchen,Gujarat,,"Gujarat Hira Bourse , Ichchapore",9016168269,,,,,Vr Agro,Supplier,rajmewara004@gmail.com,Gujarat,,"56 basement NSTM sardar ,market puna kumbahraiya road, surat -395010",7096748177,0,,,,,1,,,0,,"[{""prev_price"":""215.000000"",""item_id"":""46282704"",""itemname"":""Broccoli"",""qty"":2,""price"":215,""amount"":430,""discount"":""0.000"",""lbl_unit"":""Kg"",""unit"":""4907667"",""description"":"""",""hsn_code"":"""",""weighted_price"":215,""invoice_date"":""2026-07-03"",""sap_code"":"""",""purchase_doc_number"":"""",""purchase_invoice_number"":"""",""tax1"":0,""tax2"":0,""tax3"":0,""tax1_amount"":0,""tax2_amount"":0,""tax3_amount"":0,""expiry_date"":"""",""manufacturing_date"":"""",""sap_group_master_id"":0,""category"":""Food"",""rmconv_qty"":""1000"",""rmconv_qty_total"":2000,""rmconv_unit_id"":""4907673"",""rmconv_unit"":""GM"",""yield_qty"":""0"",""discount_application"":""B"",""container_weight"":0,""net_weight"":""2"",""gross_weight"":""2"",""tax_type"":0,""excise_duty"":0,""tax1_label"":""CGST"",""tax2_label"":""SGST"",""tax3_label"":""IGST""},{""prev_price"":""50.000000"",""item_id"":""46282800"",""itemname"":""Carrot"",""qty"":1,""price"":50,""amount"":50,""discount"":""0.000"",""lbl_unit"":""Kg"",""unit"":""4907667"",""description"":"""",""hsn_code"":"""",""weighted_price"":50,""invoice_date"":""2026-07-03"",""sap_code"":"""",""purchase_doc_number"":"""",""purchase_invoice_number"":"""",""tax1"":0,""tax2"":0,""tax3"":0,""tax1_amount"":0,""tax2_amount"":0,""tax3_amount"":0,""expiry_date"":"""",""manufacturing_date"":"""",""sap_group_master_id"":0,""category"":""Food"",""rmconv_qty"":""1000"",""rmconv_qty_total"":1000,""rmconv_unit_id"":""4907673"",""rmconv_unit"":""GM"",""yield_qty"":""0"",""discount_application"":""B"",""container_weight"":0,""net_weight"":""1"",""gross_weight"":""1"",""tax_type"":0,""excise_duty"":0,""tax1_label"":""CGST"",""tax2_label"":""SGST"",""tax3_label"":""IGST""},{""prev_price"":""25.000000"",""item_id"":""46283211"",""itemname"":""Mint Leaves"",""qty"":1,""price"":25,""amount"":25,""discount"":""0.000"",""lbl_unit"":""Piece"",""unit"":""4907666"",""description"":"""",""hsn_code"":"""",""weighted_price"":25,""invoice_date"":""2026-07-03"",""sap_code"":"""",""purchase_doc_number"":"""",""purchase_invoice_number"":"""",""tax1"":0,""tax2"":0,""tax3"":0,""tax1_amount"":0,""tax2_amount"":0,""tax3_amount"":0,""expiry_date"":"""",""manufacturing_date"":"""",""sap_group_master_id"":0,""category"":""Food"",""yield_qty"":""0"",""discount_application"":""B"",""container_weight"":0,""net_weight"":""1"",""gross_weight"":""1"",""tax_type"":0,""excise_duty"":0,""tax1_label"":""CGST"",""tax2_label"":""SGST"",""tax3_label"":""IGST""},{""prev_price"":""95.000000"",""item_id"":""46282817"",""itemname"":""Spring Onion ."",""qty"":1,""price"":95,""amount"":95,""discount"":""0.000"",""lbl_unit"":""Kg"",""unit"":""4907667"",""description"":"""",""hsn_code"":"""",""weighted_price"":95,""invoice_date"":""2026-07-03"",""sap_code"":"""",""purchase_doc_number"":"""",""purchase_invoice_number"":"""",""tax1"":0,""tax2"":0,""tax3"":0,""tax1_amount"":0,""tax2_amount"":0,""tax3_amount"":0,""expiry_date"":"""",""manufacturing_date"":"""",""sap_group_master_id"":0,""category"":""Food"",""rmconv_qty"":""1000"",""rmconv_qty_total"":1000,""rmconv_unit_id"":""4907673"",""rmconv_unit"":""GM"",""yield_qty"":""0"",""discount_application"":""B"",""container_weight"":0,""net_weight"":""1"",""gross_weight"":""1"",""tax_type"":0,""excise_duty"":0,""tax1_label"":""CGST"",""tax2_label"":""SGST"",""tax3_label"":""IGST""},{""prev_price"":""240.000000"",""item_id"":""46283370"",""itemname"":""Peeled Garlic."",""qty"":2,""price"":240,""amount"":480,""discount"":""0.000"",""lbl_unit"":""Kg"",""unit"":""4907667"",""description"":"""",""hsn_code"":"""",""weighted_price"":240,""invoice_date"":""2026-07-03"",""sap_code"":"""",""purchase_doc_number"":"""",""purchase_invoice_number"":"""",""tax1"":0,""tax2"":0,""tax3"":0,""tax1_amount"":0,""tax2_amount"":0,""tax3_amount"":0,""expiry_date"":"""",""manufacturing_date"":"""",""sap_group_master_id"":0,""category"":""Food"",""rmconv_qty"":""1000"",""rmconv_qty_total"":2000,""rmconv_unit_id"":""4907673"",""rmconv_unit"":""GM"",""yield_qty"":""0"",""discount_application"":""B"",""container_weight"":0,""net_weight"":""2"",""gross_weight"":""2"",""tax_type"":0,""excise_duty"":0,""tax1_label"":""CGST"",""tax2_label"":""SGST"",""tax3_label"":""IGST""},{""prev_price"":""90.000000"",""item_id"":""46282718"",""itemname"":""Lemon"",""qty"":2,""price"":90,""amount"":180,""discount"":""0.000"",""lbl_unit"":""Kg"",""unit"":""4907667"",""description"":"""",""hsn_code"":"""",""weighted_price"":90,""invoice_date"":""2026-07-03"",""sap_code"":"""",""purchase_doc_number"":"""",""purchase_invoice_number"":"""",""tax1"":0,""tax2"":0,""tax3"":0,""tax1_amount"":0,""tax2_amount"":0,""tax3_amount"":0,""expiry_date"":"""",""manufacturing_date"":"""",""sap_group_master_id"":0,""category"":""Food"",""yield_qty"":""0"",""discount_application"":""B"",""container_weight"":0,""net_weight"":""2"",""gross_weight"":""2"",""tax_type"":0,""excise_duty"":0,""tax1_label"":""CGST"",""tax2_label"":""SGST"",""tax3_label"":""IGST""},{""prev_price"":""36.000000"",""item_id"":""46283340"",""itemname"":""Cabbage"",""qty"":1,""price"":36,""amount"":36,""discount"":""0.000"",""lbl_unit"":""Kg"",""unit"":""4907667"",""description"":"""",""hsn_code"":"""",""weighted_price"":36,""invoice_date"":""2026-07-03"",""sap_code"":"""",""purchase_doc_number"":"""",""purchase_invoice_number"":"""",""tax1"":0,""tax2"":0,""tax3"":0,""tax1_amount"":0,""tax2_amount"":0,""tax3_amount"":0,""expiry_date"":"""",""manufacturing_date"":"""",""sap_group_master_id"":0,""category"":""Food"",""yield_qty"":""0"",""discount_application"":""B"",""container_weight"":0,""net_weight"":""1"",""gross_weight"":""1"",""tax_type"":0,""excise_duty"":0,""tax1_label"":""CGST"",""tax2_label"":""SGST"",""tax3_label"":""IGST""}]",[],0,0,,,[],[],,,,,,,1,,,,,,,,,,,,,,,,,,,,,,,,,,,,,,,,,,,,,,,,,,,,,,,,,,,,,,,,,,,,,,,,,,,,,,,,,,,,,,,,,,,,,,,,,,,,,,,,,,,,,,,,,,,,,,,,,,,,,,,,,,,,,,,,,,,,,,,,,,,,,,,,,,,,,,,,,,,,,,,,,,,,,,,,,,,,,,,,,,,,,,,,,,,,,,,,,,,,,,,,,,,,,,,,,,,,,,,,,,,,,,,,,,,,,,,,6a48aa61-a64c-41ca-8977-3a663c0081b3,6a50d282-55a4-4c1a-99d7-09433c009e87,60.0.139.9,60.0.159.192,,,,,,,,,,,,,,,,,,,,,,,,,,,,,,,,,,,,,,,,,,,,,,,,,,,,,,,,,,,,,,,,,,,,,,,,,,,,,,,,,,,,,,,,,,,,,,,,,,,,,,,,,,,,,,,,,,,,,,,,,,,,,,,,,,,,,,,,,,,,,,,,,,,,,,,,,,,,,,,,,,,,,,,,,,,,,,,,,,,,,,,,,,,,,,,,,,,,,,,,,,,,,,,,,,,,,,,,,,,,,,,,,,,,,,,,,,,,,,,,,,,,,,,,,,,,,,,,,,,,,,,,,,,,,,,,,,,,,,,,,,,,,,,,,,,,,,,,,,,,,,,,,,,,,,,,,,,,,,,,,,,,,,,,,,,,,,,,,,,,,,,,,,,,,,,,,,,,,,,,,,,,,,,,,,,,,,,,,,,,,,,,,,,,,,,,,,,,,,,,,,,,,,,,,,,,,,,,,,,,,,,,,,,,,,,,,,,,,,,,,,,,,,,,,,,,,,,,,,,,,,,,,,,,,,,,,,,,,,,,,,,,,,,,,,,,,,,,,,,,,,,,,,,
Surat Prep Kitchen,376017,133973638,Normal,,2574,INV-26y0702-0051,2026-07-02,830,0,Active,Unpaid,,830,0,0,0,0.00,0,0,0,0,2026-07-04 11:55:32,2026-07-10 16:37:07,891257,Supplier,,Surat,Surat Prep Kitchen,Gujarat,,"Gujarat Hira Bourse , Ichchapore",9016168269,,,,,Vr Agro,Supplier,rajmewara004@gmail.com,Gujarat,,"56 basement NSTM sardar ,market puna kumbahraiya road, surat -395010",7096748177,0,,,,,1,,,0,,"[{""prev_price"":""250.000000"",""item_id"":""46282712"",""itemname"":""Red Bellpepper"",""qty"":2,""price"":250,""amount"":500,""discount"":""0.000"",""lbl_unit"":""Kg"",""unit"":""4907667"",""description"":"""",""hsn_code"":"""",""weighted_price"":250,""invoice_date"":""2026-07-02"",""sap_code"":"""",""purchase_doc_number"":"""",""purchase_invoice_number"":"""",""tax1"":0,""tax2"":0,""tax3"":0,""tax1_amount"":0,""tax2_amount"":0,""tax3_amount"":0,""expiry_date"":"""",""manufacturing_date"":"""",""sap_group_master_id"":0,""category"":""Food"",""rmconv_qty"":""1000"",""rmconv_qty_total"":2000,""rmconv_unit_id"":""4907673"",""rmconv_unit"":""GM"",""yield_qty"":""0"",""discount_application"":""B"",""container_weight"":0,""net_weight"":""2"",""gross_weight"":""2"",""tax_type"":0,""excise_duty"":0,""tax1_label"":""CGST"",""tax2_label"":""SGST"",""tax3_label"":""IGST""},{""prev_price"":""110.000000"",""item_id"":""46283365"",""itemname"":""Coriander"",""qty"":3,""price"":110,""amount"":330,""discount"":""0.000"",""lbl_unit"":""Kg"",""unit"":""4907667"",""description"":"""",""hsn_code"":"""",""weighted_price"":110,""invoice_date"":""2026-07-02"",""sap_code"":"""",""purchase_doc_number"":"""",""purchase_invoice_number"":"""",""tax1"":0,""tax2"":0,""tax3"":0,""tax1_amount"":0,""tax2_amount"":0,""tax3_amount"":0,""expiry_date"":"""",""manufacturing_date"":"""",""sap_group_master_id"":0,""category"":""Food"",""rmconv_qty"":""1000"",""rmconv_qty_total"":3000,""rmconv_unit_id"":""4907673"",""rmconv_unit"":""GM"",""yield_qty"":""0"",""discount_application"":""B"",""container_weight"":0,""net_weight"":""3"",""gross_weight"":""3"",""tax_type"":0,""excise_duty"":0,""tax1_label"":""CGST"",""tax2_label"":""SGST"",""tax3_label"":""IGST""}]",[],0,0,,,[],[],,,,,,,1,,,,,,,,,,,,,,,,,,,,,,,,,,,,,,,,,,,,,,,,,,,,,,,,,,,,,,,,,,,,,,,,,,,,,,,,,,,,,,,,,,,,,,,,,,,,,,,,,,,,,,,,,,,,,,,,,,,,,,,,,,,,,,,,,,,,,,,,,,,,,,,,,,,,,,,,,,,,,,,,,,,,,,,,,,,,,,,,,,,,,,,,,,,,,,,,,,,,,,,,,,,,,,,,,,,,,,,,,,,,,,,,,,,,,,,,,,,,6a48a727-9f08-48cf-ad92-15243c00927d,6a50d250-567c-49e0-a1f0-09043c009fc0,60.0.146.125,60.0.139.155,,,,,,,,,,,,,,,,,,,,,,,,,,,,,,,,,,,,,,,,,,,,,,,,,,,,,,,,,,,,,,,,,,,,,,,,,,,,,,,,,,,,,,,,,,,,,,,,,,,,,,,,,,,,,,,,,,,,,,,,,,,,,,,,,,,,,,,,,,,,,,,,,,,,,,,,,,,,,,,,,,,,,,,,,,,,,,,,,,,,,,,,,,,,,,,,,,,,,,,,,,,,,,,,,,,,,,,,,,,,,,,,,,,,,,,,,,,,,,,,,,,,,,,,,,,,,,,,,,,,,,,,,,,,,,,,,,,,,,,,,,,,,,,,,,,,,,,,,,,,,,,,,,,,,,,,,,,,,,,,,,,,,,,,,,,,,,,,,,,,,,,,,,,,,,,,,,,,,,,,,,,,,,,,,,,,,,,,,,,,,,,,,,,,,,,,,,,,,,,,,,,,,,,,,,,,,,,,,,,,,,,,,,,,,,,,,,,,,,,,,,,,,,,,,,,,,,,,,,,,,,,,,,,,,,,,,,,,,,,,,,,,,,,,,,,,,,,,,,,,,,,
Surat Prep Kitchen,376017,133973446,Normal,,2573,INV-26y0702-0014,2026-07-02,4338,0,Active,Unpaid,,4338,0,0,0,0.00,0,0,0,0,2026-07-04 11:54:06,2026-07-10 16:36:43,891257,Supplier,,Surat,Surat Prep Kitchen,Gujarat,,"Gujarat Hira Bourse , Ichchapore",9016168269,,,,,Vr Agro,Supplier,rajmewara004@gmail.com,Gujarat,,"56 basement NSTM sardar ,market puna kumbahraiya road, surat -395010",7096748177,0,,,,,1,,,0,,"[{""prev_price"":""75.000000"",""item_id"":""46282770"",""itemname"":""Green Bell Pepper"",""qty"":4,""price"":75,""amount"":300,""discount"":""0.000"",""lbl_unit"":""Kg"",""unit"":""4907667"",""description"":"""",""hsn_code"":"""",""weighted_price"":75,""invoice_date"":""2026-07-02"",""sap_code"":"""",""purchase_doc_number"":"""",""purchase_invoice_number"":"""",""tax1"":0,""tax2"":0,""tax3"":0,""tax1_amount"":0,""tax2_amount"":0,""tax3_amount"":0,""expiry_date"":"""",""manufacturing_date"":"""",""sap_group_master_id"":0,""category"":""Food"",""rmconv_qty"":""1000"",""rmconv_qty_total"":4000,""rmconv_unit_id"":""4907673"",""rmconv_unit"":""GM"",""yield_qty"":""0"",""discount_application"":""B"",""container_weight"":0,""net_weight"":""4"",""gross_weight"":""4"",""tax_type"":0,""excise_duty"":0,""tax1_label"":""CGST"",""tax2_label"":""SGST"",""tax3_label"":""IGST""},{""prev_price"":""90.000000"",""item_id"":""46282718"",""itemname"":""Lemon"",""qty"":3,""price"":90,""amount"":270,""discount"":""0.000"",""lbl_unit"":""Kg"",""unit"":""4907667"",""description"":"""",""hsn_code"":"""",""weighted_price"":90,""invoice_date"":""2026-07-02"",""sap_code"":"""",""purchase_doc_number"":"""",""purchase_invoice_number"":"""",""tax1"":0,""tax2"":0,""tax3"":0,""tax1_amount"":0,""tax2_amount"":0,""tax3_amount"":0,""expiry_date"":"""",""manufacturing_date"":"""",""sap_group_master_id"":0,""category"":""Food"",""yield_qty"":""0"",""discount_application"":""B"",""container_weight"":0,""net_weight"":""3"",""gross_weight"":""3"",""tax_type"":0,""excise_duty"":0,""tax1_label"":""CGST"",""tax2_label"":""SGST"",""tax3_label"":""IGST""},{""prev_price"":""240.000000"",""item_id"":""46283370"",""itemname"":""Peeled Garlic."",""qty"":3,""price"":240,""amount"":720,""discount"":""0.000"",""lbl_unit"":""Kg"",""unit"":""4907667"",""description"":"""",""hsn_code"":"""",""weighted_price"":240,""invoice_date"":""2026-07-02"",""sap_code"":"""",""purchase_doc_number"":"""",""purchase_invoice_number"":"""",""tax1"":0,""tax2"":0,""tax3"":0,""tax1_amount"":0,""tax2_amount"":0,""tax3_amount"":0,""expiry_date"":"""",""manufacturing_date"":"""",""sap_group_master_id"":0,""category"":""Food"",""rmconv_qty"":""1000"",""rmconv_qty_total"":3000,""rmconv_unit_id"":""4907673"",""rmconv_unit"":""GM"",""yield_qty"":""0"",""discount_application"":""B"",""container_weight"":0,""net_weight"":""3"",""gross_weight"":""3"",""tax_type"":0,""excise_duty"":0,""tax1_label"":""CGST"",""tax2_label"":""SGST"",""tax3_label"":""IGST""},{""prev_price"":""320.000000"",""item_id"":""46282704"",""itemname"":""Broccoli"",""qty"":6,""price"":320,""amount"":1920,""discount"":""0.000"",""lbl_unit"":""Kg"",""unit"":""4907667"",""description"":"""",""hsn_code"":"""",""weighted_price"":320,""invoice_date"":""2026-07-02"",""sap_code"":"""",""purchase_doc_number"":"""",""purchase_invoice_number"":"""",""tax1"":0,""tax2"":0,""tax3"":0,""tax1_amount"":0,""tax2_amount"":0,""tax3_amount"":0,""expiry_date"":"""",""manufacturing_date"":"""",""sap_group_master_id"":0,""category"":""Food"",""rmconv_qty"":""1000"",""rmconv_qty_total"":6000,""rmconv_unit_id"":""4907673"",""rmconv_unit"":""GM"",""yield_qty"":""0"",""discount_application"":""B"",""container_weight"":0,""net_weight"":""6"",""gross_weight"":""6"",""tax_type"":0,""excise_duty"":0,""tax1_label"":""CGST"",""tax2_label"":""SGST"",""tax3_label"":""IGST""},{""prev_price"":""110.000000"",""item_id"":""46283365"",""itemname"":""Coriander"",""qty"":1,""price"":110,""amount"":110,""discount"":""0.000"",""lbl_unit"":""Kg"",""unit"":""4907667"",""description"":"""",""hsn_code"":"""",""weighted_price"":110,""invoice_date"":""2026-07-02"",""sap_code"":"""",""purchase_doc_number"":"""",""purchase_invoice_number"":"""",""tax1"":0,""tax2"":0,""tax3"":0,""tax1_amount"":0,""tax2_amount"":0,""tax3_amount"":0,""expiry_date"":"""",""manufacturing_date"":"""",""sap_group_master_id"":0,""category"":""Food"",""rmconv_qty"":""1000"",""rmconv_qty_total"":1000,""rmconv_unit_id"":""4907673"",""rmconv_unit"":""GM"",""yield_qty"":""0"",""discount_application"":""B"",""container_weight"":0,""net_weight"":""1"",""gross_weight"":""1"",""tax_type"":0,""excise_duty"":0,""tax1_label"":""CGST"",""tax2_label"":""SGST"",""tax3_label"":""IGST""},{""prev_price"":""190.000000"",""item_id"":""46283369"",""itemname"":""Ginger."",""qty"":0.5,""price"":190,""amount"":95,""discount"":""0.000"",""lbl_unit"":""Kg"",""unit"":""4907667"",""description"":"""",""hsn_code"":"""",""weighted_price"":190,""invoice_date"":""2026-07-02"",""sap_code"":"""",""purchase_doc_number"":"""",""purchase_invoice_number"":"""",""tax1"":0,""tax2"":0,""tax3"":0,""tax1_amount"":0,""tax2_amount"":0,""tax3_amount"":0,""expiry_date"":"""",""manufacturing_date"":"""",""sap_group_master_id"":0,""category"":""Food"",""rmconv_qty"":""1000"",""rmconv_qty_total"":500,""rmconv_unit_id"":""4907673"",""rmconv_unit"":""GM"",""yield_qty"":""0"",""discount_application"":""B"",""container_weight"":0,""net_weight"":""0.5"",""gross_weight"":""0.5"",""tax_type"":0,""excise_duty"":0,""tax1_label"":""CGST"",""tax2_label"":""SGST"",""tax3_label"":""IGST""},{""prev_price"":""32.000000"",""item_id"":""46282722"",""itemname"":""Onion"",""qty"":4,""price"":32,""amount"":128,""discount"":""0.000"",""lbl_unit"":""Kg"",""unit"":""4907667"",""description"":"""",""hsn_code"":"""",""weighted_price"":32,""invoice_date"":""2026-07-02"",""sap_code"":"""",""purchase_doc_number"":"""",""purchase_invoice_number"":"""",""tax1"":0,""tax2"":0,""tax3"":0,""tax1_amount"":0,""tax2_amount"":0,""tax3_amount"":0,""expiry_date"":"""",""manufacturing_date"":"""",""sap_group_master_id"":0,""category"":""Food"",""rmconv_qty"":""1000"",""rmconv_qty_total"":4000,""rmconv_unit_id"":""4907673"",""rmconv_unit"":""GM"",""yield_qty"":""0"",""discount_application"":""B"",""container_weight"":0,""net_weight"":""4"",""gross_weight"":""4"",""tax_type"":0,""excise_duty"":0,""tax1_label"":""CGST"",""tax2_label"":""SGST"",""tax3_label"":""IGST""},{""prev_price"":""35.000000"",""item_id"":""46282599"",""itemname"":""Watermelon"",""qty"":3,""price"":35,""amount"":105,""discount"":""0.000"",""lbl_unit"":""Kg"",""unit"":""4907667"",""description"":"""",""hsn_code"":"""",""weighted_price"":35,""invoice_date"":""2026-07-02"",""sap_code"":"""",""purchase_doc_number"":"""",""purchase_invoice_number"":"""",""tax1"":0,""tax2"":0,""tax3"":0,""tax1_amount"":0,""tax2_amount"":0,""tax3_amount"":0,""expiry_date"":"""",""manufacturing_date"":"""",""sap_group_master_id"":0,""category"":""Food"",""rmconv_qty"":""1000"",""rmconv_qty_total"":3000,""rmconv_unit_id"":""4907673"",""rmconv_unit"":""GM"",""yield_qty"":""0"",""discount_application"":""B"",""container_weight"":0,""net_weight"":""3"",""gross_weight"":""3"",""tax_type"":0,""excise_duty"":0,""tax1_label"":""CGST"",""tax2_label"":""SGST"",""tax3_label"":""IGST""},{""prev_price"":""105.000000"",""item_id"":""46282817"",""itemname"":""Spring Onion ."",""qty"":1,""price"":105,""amount"":105,""discount"":""0.000"",""lbl_unit"":""Kg"",""unit"":""4907667"",""description"":"""",""hsn_code"":"""",""weighted_price"":105,""invoice_date"":""2026-07-02"",""sap_code"":"""",""purchase_doc_number"":"""",""purchase_invoice_number"":"""",""tax1"":0,""tax2"":0,""tax3"":0,""tax1_amount"":0,""tax2_amount"":0,""tax3_amount"":0,""expiry_date"":"""",""manufacturing_date"":"""",""sap_group_master_id"":0,""category"":""Food"",""rmconv_qty"":""1000"",""rmconv_qty_total"":1000,""rmconv_unit_id"":""4907673"",""rmconv_unit"":""GM"",""yield_qty"":""0"",""discount_application"":""B"",""container_weight"":0,""net_weight"":""1"",""gross_weight"":""1"",""tax_type"":0,""excise_duty"":0,""tax1_label"":""CGST"",""tax2_label"":""SGST"",""tax3_label"":""IGST""},{""prev_price"":""200.000000"",""item_id"":""46282709"",""itemname"":""Green Garlic"",""qty"":1,""price"":200,""amount"":200,""discount"":""0.000"",""lbl_unit"":""Kg"",""unit"":""4907667"",""description"":"""",""hsn_code"":"""",""weighted_price"":200,""invoice_date"":""2026-07-02"",""sap_code"":"""",""purchase_doc_number"":"""",""purchase_invoice_number"":"""",""tax1"":0,""tax2"":0,""tax3"":0,""tax1_amount"":0,""tax2_amount"":0,""tax3_amount"":0,""expiry_date"":"""",""manufacturing_date"":"""",""sap_group_master_id"":0,""category"":""Food"",""rmconv_qty"":""1000"",""rmconv_qty_total"":1000,""rmconv_unit_id"":""4907673"",""rmconv_unit"":""GM"",""yield_qty"":""0"",""discount_application"":""B"",""container_weight"":0,""net_weight"":""1"",""gross_weight"":""1"",""tax_type"":0,""excise_duty"":0,""tax1_label"":""CGST"",""tax2_label"":""SGST"",""tax3_label"":""IGST""},{""prev_price"":""25.000000"",""item_id"":""46283211"",""itemname"":""Mint Leaves"",""qty"":1,""price"":25,""amount"":25,""discount"":""0.000"",""lbl_unit"":""Piece"",""unit"":""4907666"",""description"":"""",""hsn_code"":"""",""weighted_price"":25,""invoice_date"":""2026-07-02"",""sap_code"":"""",""purchase_doc_number"":"""",""purchase_invoice_number"":"""",""tax1"":0,""tax2"":0,""tax3"":0,""tax1_amount"":0,""tax2_amount"":0,""tax3_amount"":0,""expiry_date"":"""",""manufacturing_date"":"""",""sap_group_master_id"":0,""category"":""Food"",""yield_qty"":""0"",""discount_application"":""B"",""container_weight"":0,""net_weight"":""1"",""gross_weight"":""1"",""tax_type"":0,""excise_duty"":0,""tax1_label"":""CGST"",""tax2_label"":""SGST"",""tax3_label"":""IGST""},{""prev_price"":""120.000000"",""item_id"":""46282699"",""itemname"":""Pineapple"",""qty"":3,""price"":120,""amount"":360,""discount"":""0.000"",""lbl_unit"":""pcs"",""unit"":""5165360"",""description"":"""",""hsn_code"":"""",""weighted_price"":120,""invoice_date"":""2026-07-02"",""sap_code"":"""",""purchase_doc_number"":"""",""purchase_invoice_number"":"""",""tax1"":0,""tax2"":0,""tax3"":0,""tax1_amount"":0,""tax2_amount"":0,""tax3_amount"":0,""expiry_date"":"""",""manufacturing_date"":"""",""sap_group_master_id"":0,""category"":""Food"",""yield_qty"":""0"",""discount_application"":""B"",""container_weight"":0,""net_weight"":""3"",""gross_weight"":""3"",""tax_type"":0,""excise_duty"":0,""tax1_label"":""CGST"",""tax2_label"":""SGST"",""tax3_label"":""IGST""}]",[],0,0,,,[],[],,,,,,,1,,,,,,,,,,,,,,,,,,,,,,,,,,,,,,,,,,,,,,,,,,,,,,,,,,,,,,,,,,,,,,,,,,,,,,,,,,,,,,,,,,,,,,,,,,,,,,,,,,,,,,,,,,,,,,,,,,,,,,,,,,,,,,,,,,,,,,,,,,,,,,,,,,,,,,,,,,,,,,,,,,,,,,,,,,,,,,,,,,,,,,,,,,,,,,,,,,,,,,,,,,,,,,,,,,,,,,,,,,,,,,,,,,,,,,,,,,,,,,,,6a48a5a4-91a4-41aa-a41a-14f73c00927d,6a50d239-0ab4-4b46-afaa-07bf3c009e87,60.0.146.125,60.0.140.168,,,,,,,,,,,,,,,,,,,,,,,,,,,,,,,,,,,,,,,,,,,,,,,,,,,,,,,,,,,,,,,,,,,,,,,,,,,,,,,,,,,,,,,,,,,,,,,,,,,,,,,,,,,,,,,,,,,,,,,,,,,,,,,,,,,,,,,,,,,,,,,,,,,,,,,,,,,,,,,,,,,,,,,,,,,,,,,,,,,,,,,,,,,,,,,,,,,,,,,,,,,,,,,,,,,,,,,,,,,,,,,,,,,,,,,,,,,,,,,,,,,,,,,,,,,,,,,,,,,,,,,,,,,,,,,,,,,,,,,,,,,,,,,,,,,,,,,,,,,,,,,,,,,,,,,,,,,,,,,,,,,,,,,,,,,,,,,,,,,,,,,,,,,,,,,,,,,,,,,,,,,,,,,,,,,,,,,,,,,,,,,,,,,,,,,,,,,,,,,,,,,,,,,,,,,,,,,,,,,,,,,,,,,,,,,,,,,,,,,,,,,,,,,,,,,,,,,,,,,,,,,,,,,,,,,,,,,,,,,,,,,,,,,,,,,,,,,,,,,
Surat Prep Kitchen,376017,133971286,Normal,,2572,INV-26y0702-0012,2026-07-02,4163.5,0,Active,Unpaid,,4163.5,0,0,0,0.00,0,0,0,0,2026-07-04 11:36:58,2026-07-10 16:36:16,891257,Supplier,,Surat,Surat Prep Kitchen,Gujarat,,"Gujarat Hira Bourse , Ichchapore",9016168269,,,,,Vr Agro,Supplier,rajmewara004@gmail.com,Gujarat,,"56 basement NSTM sardar ,market puna kumbahraiya road, surat -395010",7096748177,0,,,,,1,,,0,,"[{""prev_price"":""300.000000"",""item_id"":""46282724"",""itemname"":""Parsley"",""qty"":0.5,""price"":300,""amount"":150,""discount"":""0.000"",""lbl_unit"":""Kg"",""unit"":""4907667"",""description"":"""",""hsn_code"":"""",""weighted_price"":300,""invoice_date"":""2026-07-02"",""sap_code"":"""",""purchase_doc_number"":"""",""purchase_invoice_number"":"""",""tax1"":0,""tax2"":0,""tax3"":0,""tax1_amount"":0,""tax2_amount"":0,""tax3_amount"":0,""expiry_date"":"""",""manufacturing_date"":"""",""sap_group_master_id"":0,""category"":""Food"",""rmconv_qty"":""1000"",""rmconv_qty_total"":500,""rmconv_unit_id"":""4907673"",""rmconv_unit"":""GM"",""yield_qty"":""0"",""discount_application"":""B"",""container_weight"":0,""net_weight"":""0.5"",""gross_weight"":""0.5"",""tax_type"":0,""excise_duty"":0,""tax1_label"":""CGST"",""tax2_label"":""SGST"",""tax3_label"":""IGST""},{""prev_price"":""35.000000"",""item_id"":""46282599"",""itemname"":""Watermelon"",""qty"":3,""price"":35,""amount"":105,""discount"":""0.000"",""lbl_unit"":""Kg"",""unit"":""4907667"",""description"":"""",""hsn_code"":"""",""weighted_price"":35,""invoice_date"":""2026-07-02"",""sap_code"":"""",""purchase_doc_number"":"""",""purchase_invoice_number"":"""",""tax1"":0,""tax2"":0,""tax3"":0,""tax1_amount"":0,""tax2_amount"":0,""tax3_amount"":0,""expiry_date"":"""",""manufacturing_date"":"""",""sap_group_master_id"":0,""category"":""Food"",""rmconv_qty"":""1000"",""rmconv_qty_total"":3000,""rmconv_unit_id"":""4907673"",""rmconv_unit"":""GM"",""yield_qty"":""0"",""discount_application"":""B"",""container_weight"":0,""net_weight"":""3"",""gross_weight"":""3"",""tax_type"":0,""excise_duty"":0,""tax1_label"":""CGST"",""tax2_label"":""SGST"",""tax3_label"":""IGST""},{""prev_price"":""75.000000"",""item_id"":""46282770"",""itemname"":""Green Bell Pepper"",""qty"":4,""price"":75,""amount"":300,""discount"":""0.000"",""lbl_unit"":""Kg"",""unit"":""4907667"",""description"":"""",""hsn_code"":"""",""weighted_price"":75,""invoice_date"":""2026-07-02"",""sap_code"":"""",""purchase_doc_number"":"""",""purchase_invoice_number"":"""",""tax1"":0,""tax2"":0,""tax3"":0,""tax1_amount"":0,""tax2_amount"":0,""tax3_amount"":0,""expiry_date"":"""",""manufacturing_date"":"""",""sap_group_master_id"":0,""category"":""Food"",""rmconv_qty"":""1000"",""rmconv_qty_total"":4000,""rmconv_unit_id"":""4907673"",""rmconv_unit"":""GM"",""yield_qty"":""0"",""discount_application"":""B"",""container_weight"":0,""net_weight"":""4"",""gross_weight"":""4"",""tax_type"":0,""excise_duty"":0,""tax1_label"":""CGST"",""tax2_label"":""SGST"",""tax3_label"":""IGST""},{""prev_price"":""90.000000"",""item_id"":""46282718"",""itemname"":""Lemon"",""qty"":3,""price"":90,""amount"":270,""discount"":""0.000"",""lbl_unit"":""Kg"",""unit"":""4907667"",""description"":"""",""hsn_code"":"""",""weighted_price"":90,""invoice_date"":""2026-07-02"",""sap_code"":"""",""purchase_doc_number"":"""",""purchase_invoice_number"":"""",""tax1"":0,""tax2"":0,""tax3"":0,""tax1_amount"":0,""tax2_amount"":0,""tax3_amount"":0,""expiry_date"":"""",""manufacturing_date"":"""",""sap_group_master_id"":0,""category"":""Food"",""yield_qty"":""0"",""discount_application"":""B"",""container_weight"":0,""net_weight"":""3"",""gross_weight"":""3"",""tax_type"":0,""excise_duty"":0,""tax1_label"":""CGST"",""tax2_label"":""SGST"",""tax3_label"":""IGST""},{""prev_price"":""24.000000"",""item_id"":""46283211"",""itemname"":""Mint Leaves"",""qty"":1,""price"":24,""amount"":24,""discount"":""0.000"",""lbl_unit"":""Piece"",""unit"":""4907666"",""description"":"""",""hsn_code"":"""",""weighted_price"":24,""invoice_date"":""2026-07-02"",""sap_code"":"""",""purchase_doc_number"":"""",""purchase_invoice_number"":"""",""tax1"":0,""tax2"":0,""tax3"":0,""tax1_amount"":0,""tax2_amount"":0,""tax3_amount"":0,""expiry_date"":"""",""manufacturing_date"":"""",""sap_group_master_id"":0,""category"":""Food"",""yield_qty"":""0"",""discount_application"":""B"",""container_weight"":0,""net_weight"":""1"",""gross_weight"":""1"",""tax_type"":0,""excise_duty"":0,""tax1_label"":""CGST"",""tax2_label"":""SGST"",""tax3_label"":""IGST""},{""prev_price"":""110.000000"",""item_id"":""46283365"",""itemname"":""Coriander"",""qty"":1,""price"":110,""amount"":110,""discount"":""0.000"",""lbl_unit"":""Kg"",""unit"":""4907667"",""description"":"""",""hsn_code"":"""",""weighted_price"":110,""invoice_date"":""2026-07-02"",""sap_code"":"""",""purchase_doc_number"":"""",""purchase_invoice_number"":"""",""tax1"":0,""tax2"":0,""tax3"":0,""tax1_amount"":0,""tax2_amount"":0,""tax3_amount"":0,""expiry_date"":"""",""manufacturing_date"":"""",""sap_group_master_id"":0,""category"":""Food"",""rmconv_qty"":""1000"",""rmconv_qty_total"":1000,""rmconv_unit_id"":""4907673"",""rmconv_unit"":""GM"",""yield_qty"":""0"",""discount_application"":""B"",""container_weight"":0,""net_weight"":""1"",""gross_weight"":""1"",""tax_type"":0,""excise_duty"":0,""tax1_label"":""CGST"",""tax2_label"":""SGST"",""tax3_label"":""IGST""},{""prev_price"":""130.000000"",""item_id"":""46282699"",""itemname"":""Pineapple"",""qty"":3,""price"":130,""amount"":390,""discount"":""0.000"",""lbl_unit"":""pcs"",""unit"":""5165360"",""description"":"""",""hsn_code"":"""",""weighted_price"":130,""invoice_date"":""2026-07-02"",""sap_code"":"""",""purchase_doc_number"":"""",""purchase_invoice_number"":"""",""tax1"":0,""tax2"":0,""tax3"":0,""tax1_amount"":0,""tax2_amount"":0,""tax3_amount"":0,""expiry_date"":"""",""manufacturing_date"":"""",""sap_group_master_id"":0,""category"":""Food"",""yield_qty"":""0"",""discount_application"":""B"",""container_weight"":0,""net_weight"":""3"",""gross_weight"":""3"",""tax_type"":0,""excise_duty"":0,""tax1_label"":""CGST"",""tax2_label"":""SGST"",""tax3_label"":""IGST""},{""prev_price"":""105.000000"",""item_id"":""46282817"",""itemname"":""Spring Onion ."",""qty"":1,""price"":105,""amount"":105,""discount"":""0.000"",""lbl_unit"":""Kg"",""unit"":""4907667"",""description"":"""",""hsn_code"":"""",""weighted_price"":105,""invoice_date"":""2026-07-02"",""sap_code"":"""",""purchase_doc_number"":"""",""purchase_invoice_number"":"""",""tax1"":0,""tax2"":0,""tax3"":0,""tax1_amount"":0,""tax2_amount"":0,""tax3_amount"":0,""expiry_date"":"""",""manufacturing_date"":"""",""sap_group_master_id"":0,""category"":""Food"",""rmconv_qty"":""1000"",""rmconv_qty_total"":1000,""rmconv_unit_id"":""4907673"",""rmconv_unit"":""GM"",""yield_qty"":""0"",""discount_application"":""B"",""container_weight"":0,""net_weight"":""1"",""gross_weight"":""1"",""tax_type"":0,""excise_duty"":0,""tax1_label"":""CGST"",""tax2_label"":""SGST"",""tax3_label"":""IGST""},{""prev_price"":""320.000000"",""item_id"":""46282704"",""itemname"":""Broccoli"",""qty"":5,""price"":320,""amount"":1600,""discount"":""0.000"",""lbl_unit"":""Kg"",""unit"":""4907667"",""description"":"""",""hsn_code"":"""",""weighted_price"":320,""invoice_date"":""2026-07-02"",""sap_code"":"""",""purchase_doc_number"":"""",""purchase_invoice_number"":"""",""tax1"":0,""tax2"":0,""tax3"":0,""tax1_amount"":0,""tax2_amount"":0,""tax3_amount"":0,""expiry_date"":"""",""manufacturing_date"":"""",""sap_group_master_id"":0,""category"":""Food"",""rmconv_qty"":""1000"",""rmconv_qty_total"":5000,""rmconv_unit_id"":""4907673"",""rmconv_unit"":""GM"",""yield_qty"":""0"",""discount_application"":""B"",""container_weight"":0,""net_weight"":""5"",""gross_weight"":""5"",""tax_type"":0,""excise_duty"":0,""tax1_label"":""CGST"",""tax2_label"":""SGST"",""tax3_label"":""IGST""},{""prev_price"":""32.000000"",""item_id"":""46282722"",""itemname"":""Onion"",""qty"":3,""price"":32,""amount"":96,""discount"":""0.000"",""lbl_unit"":""Kg"",""unit"":""4907667"",""description"":"""",""hsn_code"":"""",""weighted_price"":32,""invoice_date"":""2026-07-02"",""sap_code"":"""",""purchase_doc_number"":"""",""purchase_invoice_number"":"""",""tax1"":0,""tax2"":0,""tax3"":0,""tax1_amount"":0,""tax2_amount"":0,""tax3_amount"":0,""expiry_date"":"""",""manufacturing_date"":"""",""sap_group_master_id"":0,""category"":""Food"",""rmconv_qty"":""1000"",""rmconv_qty_total"":3000,""rmconv_unit_id"":""4907673"",""rmconv_unit"":""GM"",""yield_qty"":""0"",""discount_application"":""B"",""container_weight"":0,""net_weight"":""3"",""gross_weight"":""3"",""tax_type"":0,""excise_duty"":0,""tax1_label"":""CGST"",""tax2_label"":""SGST"",""tax3_label"":""IGST""},{""prev_price"":""240.000000"",""item_id"":""46283370"",""itemname"":""Peeled Garlic."",""qty"":3,""price"":240,""amount"":720,""discount"":""0.000"",""lbl_unit"":""Kg"",""unit"":""4907667"",""description"":"""",""hsn_code"":"""",""weighted_price"":240,""invoice_date"":""2026-07-02"",""sap_code"":"""",""purchase_doc_number"":"""",""purchase_invoice_number"":"""",""tax1"":0,""tax2"":0,""tax3"":0,""tax1_amount"":0,""tax2_amount"":0,""tax3_amount"":0,""expiry_date"":"""",""manufacturing_date"":"""",""sap_group_master_id"":0,""category"":""Food"",""rmconv_qty"":""1000"",""rmconv_qty_total"":3000,""rmconv_unit_id"":""4907673"",""rmconv_unit"":""GM"",""yield_qty"":""0"",""discount_application"":""B"",""container_weight"":0,""net_weight"":""3"",""gross_weight"":""3"",""tax_type"":0,""excise_duty"":0,""tax1_label"":""CGST"",""tax2_label"":""SGST"",""tax3_label"":""IGST""},{""prev_price"":""189.000000"",""item_id"":""46283369"",""itemname"":""Ginger."",""qty"":0.5,""price"":189,""amount"":94.5,""discount"":""0.000"",""lbl_unit"":""Kg"",""unit"":""4907667"",""description"":"""",""hsn_code"":"""",""weighted_price"":189,""invoice_date"":""2026-07-02"",""sap_code"":"""",""purchase_doc_number"":"""",""purchase_invoice_number"":"""",""tax1"":0,""tax2"":0,""tax3"":0,""tax1_amount"":0,""tax2_amount"":0,""tax3_amount"":0,""expiry_date"":"""",""manufacturing_date"":"""",""sap_group_master_id"":0,""category"":""Food"",""rmconv_qty"":""1000"",""rmconv_qty_total"":500,""rmconv_unit_id"":""4907673"",""rmconv_unit"":""GM"",""yield_qty"":""0"",""discount_application"":""B"",""container_weight"":0,""net_weight"":""0.5"",""gross_weight"":""0.5"",""tax_type"":0,""excise_duty"":0,""tax1_label"":""CGST"",""tax2_label"":""SGST"",""tax3_label"":""IGST""},{""prev_price"":""199.000000"",""item_id"":""46282709"",""itemname"":""Green Garlic"",""qty"":1,""price"":199,""amount"":199,""discount"":""0.000"",""lbl_unit"":""Kg"",""unit"":""4907667"",""description"":"""",""hsn_code"":"""",""weighted_price"":199,""invoice_date"":""2026-07-02"",""sap_code"":"""",""purchase_doc_number"":"""",""purchase_invoice_number"":"""",""tax1"":0,""tax2"":0,""tax3"":0,""tax1_amount"":0,""tax2_amount"":0,""tax3_amount"":0,""expiry_date"":"""",""manufacturing_date"":"""",""sap_group_master_id"":0,""category"":""Food"",""rmconv_qty"":""1000"",""rmconv_qty_total"":1000,""rmconv_unit_id"":""4907673"",""rmconv_unit"":""GM"",""yield_qty"":""0"",""discount_application"":""B"",""container_weight"":0,""net_weight"":""1"",""gross_weight"":""1"",""tax_type"":0,""excise_duty"":0,""tax1_label"":""CGST"",""tax2_label"":""SGST"",""tax3_label"":""IGST""}]",[],0,0,,,[],[],,,,,,,1,,,,,,,,,,,,,,,,,,,,,,,,,,,,,,,,,,,,,,,,,,,,,,,,,,,,,,,,,,,,,,,,,,,,,,,,,,,,,,,,,,,,,,,,,,,,,,,,,,,,,,,,,,,,,,,,,,,,,,,,,,,,,,,,,,,,,,,,,,,,,,,,,,,,,,,,,,,,,,,,,,,,,,,,,,,,,,,,,,,,,,,,,,,,,,,,,,,,,,,,,,,,,,,,,,,,,,,,,,,,,,,,,,,,,,,,,,,,,,,,,,,,6a48a190-cbc0-4a78-ab2e-27a03c0081b3,6a50d219-69d8-430b-a0ef-40f03c0082a3,60.0.158.135,60.0.130.163,,,,,,,,,,,,,,,,,,,,,,,,,,,,,,,,,,,,,,,,,,,,,,,,,,,,,,,,,,,,,,,,,,,,,,,,,,,,,,,,,,,,,,,,,,,,,,,,,,,,,,,,,,,,,,,,,,,,,,,,,,,,,,,,,,,,,,,,,,,,,,,,,,,,,,,,,,,,,,,,,,,,,,,,,,,,,,,,,,,,,,,,,,,,,,,,,,,,,,,,,,,,,,,,,,,,,,,,,,,,,,,,,,,,,,,,,,,,,,,,,,,,,,,,,,,,,,,,,,,,,,,,,,,,,,,,,,,,,,,,,,,,,,,,,,,,,,,,,,,,,,,,,,,,,,,,,,,,,,,,,,,,,,,,,,,,,,,,,,,,,,,,,,,,,,,,,,,,,,,,,,,,,,,,,,,,,,,,,,,,,,,,,,,,,,,,,,,,,,,,,,,,,,,,,,,,,,,,,,,,,,,,,,,,,,,,,,,,,,,,,,,,,,,,,,,,,,,,,,,,,,,,,,,,,,,,,,,,,,,,,,,,,,,,,,,,,,,
Surat Prep Kitchen,376017,133963041,Normal,,2571,INV-26y0702-0007,2026-07-02,3365,0,Active,Unpaid,,3365,0,0,0,0.00,0,0,0,0,2026-07-04 10:15:00,2026-07-10 16:37:27,891257,Supplier,,Surat,Surat Prep Kitchen,Gujarat,,"Gujarat Hira Bourse , Ichchapore",9016168269,,,,,Vr Agro,Supplier,rajmewara004@gmail.com,Gujarat,,"56 basement NSTM sardar ,market puna kumbahraiya road, surat -395010",7096748177,0,,,,,1,,,0,,"[{""prev_price"":""36.000000"",""item_id"":""46283340"",""itemname"":""Cabbage"",""qty"":1,""price"":36,""amount"":36,""discount"":""0.000"",""lbl_unit"":""Kg"",""unit"":""4907667"",""description"":"""",""hsn_code"":"""",""weighted_price"":36,""invoice_date"":""2026-07-02"",""sap_code"":"""",""purchase_doc_number"":"""",""purchase_invoice_number"":"""",""tax1"":0,""tax2"":0,""tax3"":0,""tax1_amount"":0,""tax2_amount"":0,""tax3_amount"":0,""expiry_date"":"""",""manufacturing_date"":"""",""sap_group_master_id"":0,""category"":""Food"",""yield_qty"":""0"",""discount_application"":""B"",""container_weight"":0,""net_weight"":""1"",""gross_weight"":""1"",""tax_type"":0,""excise_duty"":0,""tax1_label"":""CGST"",""tax2_label"":""SGST"",""tax3_label"":""IGST""},{""prev_price"":""105.000000"",""item_id"":""46282817"",""itemname"":""Spring Onion ."",""qty"":3,""price"":105,""amount"":315,""discount"":""0.000"",""lbl_unit"":""Kg"",""unit"":""4907667"",""description"":"""",""hsn_code"":"""",""weighted_price"":105,""invoice_date"":""2026-07-02"",""sap_code"":"""",""purchase_doc_number"":"""",""purchase_invoice_number"":"""",""tax1"":0,""tax2"":0,""tax3"":0,""tax1_amount"":0,""tax2_amount"":0,""tax3_amount"":0,""expiry_date"":"""",""manufacturing_date"":"""",""sap_group_master_id"":0,""category"":""Food"",""rmconv_qty"":""1000"",""rmconv_qty_total"":3000,""rmconv_unit_id"":""4907673"",""rmconv_unit"":""GM"",""yield_qty"":""0"",""discount_application"":""B"",""container_weight"":0,""net_weight"":""3"",""gross_weight"":""3"",""tax_type"":0,""excise_duty"":0,""tax1_label"":""CGST"",""tax2_label"":""SGST"",""tax3_label"":""IGST""},{""prev_price"":""190.000000"",""item_id"":""46283369"",""itemname"":""Ginger."",""qty"":1,""price"":190,""amount"":190,""discount"":""0.000"",""lbl_unit"":""Kg"",""unit"":""4907667"",""description"":"""",""hsn_code"":"""",""weighted_price"":190,""invoice_date"":""2026-07-02"",""sap_code"":"""",""purchase_doc_number"":"""",""purchase_invoice_number"":"""",""tax1"":0,""tax2"":0,""tax3"":0,""tax1_amount"":0,""tax2_amount"":0,""tax3_amount"":0,""expiry_date"":"""",""manufacturing_date"":"""",""sap_group_master_id"":0,""category"":""Food"",""rmconv_qty"":""1000"",""rmconv_qty_total"":1000,""rmconv_unit_id"":""4907673"",""rmconv_unit"":""GM"",""yield_qty"":""0"",""discount_application"":""B"",""container_weight"":0,""net_weight"":""1"",""gross_weight"":""1"",""tax_type"":0,""excise_duty"":0,""tax1_label"":""CGST"",""tax2_label"":""SGST"",""tax3_label"":""IGST""},{""prev_price"":""25.000000"",""item_id"":""46283211"",""itemname"":""Mint Leaves"",""qty"":1,""price"":25,""amount"":25,""discount"":""0.000"",""lbl_unit"":""Piece"",""unit"":""4907666"",""description"":"""",""hsn_code"":"""",""weighted_price"":25,""invoice_date"":""2026-07-02"",""sap_code"":"""",""purchase_doc_number"":"""",""purchase_invoice_number"":"""",""tax1"":0,""tax2"":0,""tax3"":0,""tax1_amount"":0,""tax2_amount"":0,""tax3_amount"":0,""expiry_date"":"""",""manufacturing_date"":"""",""sap_group_master_id"":0,""category"":""Food"",""yield_qty"":""0"",""discount_application"":""B"",""container_weight"":0,""net_weight"":""1"",""gross_weight"":""1"",""tax_type"":0,""excise_duty"":0,""tax1_label"":""CGST"",""tax2_label"":""SGST"",""tax3_label"":""IGST""},{""prev_price"":""33.000000"",""item_id"":""46282722"",""itemname"":""Onion"",""qty"":3,""price"":33,""amount"":99,""discount"":""0.000"",""lbl_unit"":""Kg"",""unit"":""4907667"",""description"":"""",""hsn_code"":"""",""weighted_price"":33,""invoice_date"":""2026-07-02"",""sap_code"":"""",""purchase_doc_number"":"""",""purchase_invoice_number"":"""",""tax1"":0,""tax2"":0,""tax3"":0,""tax1_amount"":0,""tax2_amount"":0,""tax3_amount"":0,""expiry_date"":"""",""manufacturing_date"":"""",""sap_group_master_id"":0,""category"":""Food"",""rmconv_qty"":""1000"",""rmconv_qty_total"":3000,""rmconv_unit_id"":""4907673"",""rmconv_unit"":""GM"",""yield_qty"":""0"",""discount_application"":""B"",""container_weight"":0,""net_weight"":""3"",""gross_weight"":""3"",""tax_type"":0,""excise_duty"":0,""tax1_label"":""CGST"",""tax2_label"":""SGST"",""tax3_label"":""IGST""},{""prev_price"":""240.000000"",""item_id"":""46283370"",""itemname"":""Peeled Garlic."",""qty"":3,""price"":240,""amount"":720,""discount"":""0.000"",""lbl_unit"":""Kg"",""unit"":""4907667"",""description"":"""",""hsn_code"":"""",""weighted_price"":240,""invoice_date"":""2026-07-02"",""sap_code"":"""",""purchase_doc_number"":"""",""purchase_invoice_number"":"""",""tax1"":0,""tax2"":0,""tax3"":0,""tax1_amount"":0,""tax2_amount"":0,""tax3_amount"":0,""expiry_date"":"""",""manufacturing_date"":"""",""sap_group_master_id"":0,""category"":""Food"",""rmconv_qty"":""1000"",""rmconv_qty_total"":3000,""rmconv_unit_id"":""4907673"",""rmconv_unit"":""GM"",""yield_qty"":""0"",""discount_application"":""B"",""container_weight"":0,""net_weight"":""3"",""gross_weight"":""3"",""tax_type"":0,""excise_duty"":0,""tax1_label"":""CGST"",""tax2_label"":""SGST"",""tax3_label"":""IGST""},{""prev_price"":""110.000000"",""item_id"":""46283365"",""itemname"":""Coriander"",""qty"":1,""price"":110,""amount"":110,""discount"":""0.000"",""lbl_unit"":""Kg"",""unit"":""4907667"",""description"":"""",""hsn_code"":"""",""weighted_price"":110,""invoice_date"":""2026-07-02"",""sap_code"":"""",""purchase_doc_number"":"""",""purchase_invoice_number"":"""",""tax1"":0,""tax2"":0,""tax3"":0,""tax1_amount"":0,""tax2_amount"":0,""tax3_amount"":0,""expiry_date"":"""",""manufacturing_date"":"""",""sap_group_master_id"":0,""category"":""Food"",""rmconv_qty"":""1000"",""rmconv_qty_total"":1000,""rmconv_unit_id"":""4907673"",""rmconv_unit"":""GM"",""yield_qty"":""0"",""discount_application"":""B"",""container_weight"":0,""net_weight"":""1"",""gross_weight"":""1"",""tax_type"":0,""excise_duty"":0,""tax1_label"":""CGST"",""tax2_label"":""SGST"",""tax3_label"":""IGST""},{""prev_price"":""90.000000"",""item_id"":""46282718"",""itemname"":""Lemon"",""qty"":3,""price"":90,""amount"":270,""discount"":""0.000"",""lbl_unit"":""Kg"",""unit"":""4907667"",""description"":"""",""hsn_code"":"""",""weighted_price"":90,""invoice_date"":""2026-07-02"",""sap_code"":"""",""purchase_doc_number"":"""",""purchase_invoice_number"":"""",""tax1"":0,""tax2"":0,""tax3"":0,""tax1_amount"":0,""tax2_amount"":0,""tax3_amount"":0,""expiry_date"":"""",""manufacturing_date"":"""",""sap_group_master_id"":0,""category"":""Food"",""yield_qty"":""0"",""discount_application"":""B"",""container_weight"":0,""net_weight"":""3"",""gross_weight"":""3"",""tax_type"":0,""excise_duty"":0,""tax1_label"":""CGST"",""tax2_label"":""SGST"",""tax3_label"":""IGST""},{""prev_price"":""320.000000"",""item_id"":""46282704"",""itemname"":""Broccoli"",""qty"":5,""price"":320,""amount"":1600,""discount"":""0.000"",""lbl_unit"":""Kg"",""unit"":""4907667"",""description"":"""",""hsn_code"":"""",""weighted_price"":320,""invoice_date"":""2026-07-02"",""sap_code"":"""",""purchase_doc_number"":"""",""purchase_invoice_number"":"""",""tax1"":0,""tax2"":0,""tax3"":0,""tax1_amount"":0,""tax2_amount"":0,""tax3_amount"":0,""expiry_date"":"""",""manufacturing_date"":"""",""sap_group_master_id"":0,""category"":""Food"",""rmconv_qty"":""1000"",""rmconv_qty_total"":5000,""rmconv_unit_id"":""4907673"",""rmconv_unit"":""GM"",""yield_qty"":""0"",""discount_application"":""B"",""container_weight"":0,""net_weight"":""5"",""gross_weight"":""5"",""tax_type"":0,""excise_duty"":0,""tax1_label"":""CGST"",""tax2_label"":""SGST"",""tax3_label"":""IGST""}]",[],0,0,,,[],[],,,,,,,1,,,,,,,,,,,,,,,,,,,,,,,,,,,,,,,,,,,,,,,,,,,,,,,,,,,,,,,,,,,,,,,,,,,,,,,,,,,,,,,,,,,,,,,,,,,,,,,,,,,,,,,,,,,,,,,,,,,,,,,,,,,,,,,,,,,,,,,,,,,,,,,,,,,,,,,,,,,,,,,,,,,,,,,,,,,,,,,,,,,,,,,,,,,,,,,,,,,,,,,,,,,,,,,,,,,,,,,,,,,,,,,,,,,,,,,,,,,,,,,,,,,,,,,,6a488c89-646c-48d6-a72b-25183c008b09,6a50d265-ccc0-4ce2-9396-09a33c009fc0,60.0.139.9,60.0.140.168,,,,,,,,,,,,,,,,,,,,,,,,,,,,,,,,,,,,,,,,,,,,,,,,,,,,,,,,,,,,,,,,,,,,,,,,,,,,,,,,,,,,,,,,,,,,,,,,,,,,,,,,,,,,,,,,,,,,,,,,,,,,,,,,,,,,,,,,,,,,,,,,,,,,,,,,,,,,,,,,,,,,,,,,,,,,,,,,,,,,,,,,,,,,,,,,,,,,,,,,,,,,,,,,,,,,,,,,,,,,,,,,,,,,,,,,,,,,,,,,,,,,,,,,,,,,,,,,,,,,,,,,,,,,,,,,,,,,,,,,,,,,,,,,,,,,,,,,,,,,,,,,,,,,,,,,,,,,,,,,,,,,,,,,,,,,,,,,,,,,,,,,,,,,,,,,,,,,,,,,,,,,,,,,,,,,,,,,,,,,,,,,,,,,,,,,,,,,,,,,,,,,,,,,,,,,,,,,,,,,,,,,,,,,,,,,,,,,,,,,,,,,,,,,,,,,,,,,,,,,,,,,,,,,,,,,,,,,,,,,,,,,,,,,,,,
Surat Prep Kitchen,376017,133962293,Normal,,2570,4958,2026-07-03,1144,0,Active,Unpaid,,1144,0,0,0,0.00,0,0,0,0,2026-07-04 09:59:24,2026-07-10 15:20:50,892196,Supplier,,Surat,Surat Prep Kitchen,Gujarat,,"Gujarat Hira Bourse , Ichchapore",9016168269,,,,,Nature Fresh Exotic Vegetables,Supplier,,Gujarat,,,9825135103,0,,,,,1,,,0,,"[{""prev_price"":""195.000000"",""item_id"":""46282883"",""itemname"":""Fresh Babycorn"",""qty"":0.55,""price"":195,""amount"":107.25,""discount"":""0.000"",""lbl_unit"":""Kg"",""unit"":""4907667"",""description"":"""",""hsn_code"":"""",""weighted_price"":195,""invoice_date"":""2026-07-03"",""sap_code"":"""",""purchase_doc_number"":"""",""purchase_invoice_number"":"""",""tax1"":0,""tax2"":0,""tax3"":0,""tax1_amount"":0,""tax2_amount"":0,""tax3_amount"":0,""expiry_date"":"""",""manufacturing_date"":"""",""sap_group_master_id"":0,""category"":""Food"",""rmconv_qty"":""1000"",""rmconv_qty_total"":550,""rmconv_unit_id"":""4907673"",""rmconv_unit"":""GM"",""yield_qty"":""0"",""discount_application"":""B"",""container_weight"":0,""net_weight"":""0.55"",""gross_weight"":""0.55"",""tax_type"":0,""excise_duty"":0,""tax1_label"":""CGST"",""tax2_label"":""SGST"",""tax3_label"":""IGST""},{""prev_price"":""80.000000"",""item_id"":""46283356"",""itemname"":""Baby Spinach 100gms"",""qty"":2,""price"":80,""amount"":160,""discount"":""0.000"",""lbl_unit"":""Kg"",""unit"":""4907667"",""description"":"""",""hsn_code"":"""",""weighted_price"":80,""invoice_date"":""2026-07-03"",""sap_code"":"""",""purchase_doc_number"":"""",""purchase_invoice_number"":"""",""tax1"":0,""tax2"":0,""tax3"":0,""tax1_amount"":0,""tax2_amount"":0,""tax3_amount"":0,""expiry_date"":"""",""manufacturing_date"":"""",""sap_group_master_id"":0,""category"":""Food"",""rmconv_qty"":""1000"",""rmconv_qty_total"":2000,""rmconv_unit_id"":""4907673"",""rmconv_unit"":""GM"",""yield_qty"":""0"",""discount_application"":""B"",""container_weight"":0,""net_weight"":""2"",""gross_weight"":""2"",""tax_type"":0,""excise_duty"":0,""tax1_label"":""CGST"",""tax2_label"":""SGST"",""tax3_label"":""IGST""},{""prev_price"":""170.000000"",""item_id"":""46283158"",""itemname"":""Chinese Cabbage"",""qty"":1.2,""price"":170,""amount"":204,""discount"":""0.000"",""lbl_unit"":""Kg"",""unit"":""4907667"",""description"":"""",""hsn_code"":"""",""weighted_price"":170,""invoice_date"":""2026-07-03"",""sap_code"":"""",""purchase_doc_number"":"""",""purchase_invoice_number"":"""",""tax1"":0,""tax2"":0,""tax3"":0,""tax1_amount"":0,""tax2_amount"":0,""tax3_amount"":0,""expiry_date"":"""",""manufacturing_date"":"""",""sap_group_master_id"":0,""category"":""Food"",""rmconv_qty"":""1000"",""rmconv_qty_total"":1200,""rmconv_unit_id"":""4907673"",""rmconv_unit"":""GM"",""yield_qty"":""0"",""discount_application"":""B"",""container_weight"":0,""net_weight"":""1.2"",""gross_weight"":""1.2"",""tax_type"":0,""excise_duty"":0,""tax1_label"":""CGST"",""tax2_label"":""SGST"",""tax3_label"":""IGST""},{""prev_price"":""95.000000"",""item_id"":""46283359"",""itemname"":""Leek"",""qty"":0.5,""price"":95,""amount"":47.5,""discount"":""0.000"",""lbl_unit"":""Qty"",""unit"":""4907684"",""description"":"""",""hsn_code"":"""",""weighted_price"":95,""invoice_date"":""2026-07-03"",""sap_code"":"""",""purchase_doc_number"":"""",""purchase_invoice_number"":"""",""tax1"":0,""tax2"":0,""tax3"":0,""tax1_amount"":0,""tax2_amount"":0,""tax3_amount"":0,""expiry_date"":"""",""manufacturing_date"":"""",""sap_group_master_id"":0,""category"":""Food"",""yield_qty"":""0"",""discount_application"":""B"",""container_weight"":0,""net_weight"":""0.5"",""gross_weight"":""0.5"",""tax_type"":0,""excise_duty"":0,""tax1_label"":""CGST"",""tax2_label"":""SGST"",""tax3_label"":""IGST""},{""prev_price"":""0.000000"",""item_id"":""46283364"",""itemname"":""Bokchoy"",""qty"":1.65,""price"":115,""amount"":189.75,""discount"":""0.000"",""lbl_unit"":""Kg"",""unit"":""4907667"",""description"":"""",""hsn_code"":"""",""weighted_price"":115,""invoice_date"":""2026-07-03"",""sap_code"":"""",""purchase_doc_number"":"""",""purchase_invoice_number"":"""",""tax1"":0,""tax2"":0,""tax3"":0,""tax1_amount"":0,""tax2_amount"":0,""tax3_amount"":0,""expiry_date"":"""",""manufacturing_date"":"""",""sap_group_master_id"":0,""category"":""Food"",""rmconv_qty"":""1000"",""rmconv_qty_total"":1650,""rmconv_unit_id"":""4907673"",""rmconv_unit"":""GM"",""yield_qty"":""0"",""discount_application"":""B"",""container_weight"":0,""net_weight"":""1.65"",""gross_weight"":0,""tax_type"":0,""excise_duty"":0,""tax1_label"":""CGST"",""tax2_label"":""SGST"",""tax3_label"":""IGST""},{""prev_price"":""670.000000"",""item_id"":""46282721"",""itemname"":""Rocket /arugula Leaves"",""qty"":0.65,""price"":670,""amount"":435.5,""discount"":""0.000"",""lbl_unit"":""Kg"",""unit"":""4907667"",""description"":"""",""hsn_code"":"""",""weighted_price"":670,""invoice_date"":""2026-07-03"",""sap_code"":"""",""purchase_doc_number"":"""",""purchase_invoice_number"":"""",""tax1"":0,""tax2"":0,""tax3"":0,""tax1_amount"":0,""tax2_amount"":0,""tax3_amount"":0,""expiry_date"":"""",""manufacturing_date"":"""",""sap_group_master_id"":0,""category"":""Food"",""rmconv_qty"":""1000"",""rmconv_qty_total"":650,""rmconv_unit_id"":""4907673"",""rmconv_unit"":""GM"",""yield_qty"":""0"",""discount_application"":""B"",""container_weight"":0,""net_weight"":""0.65"",""gross_weight"":""0.65"",""tax_type"":0,""excise_duty"":0,""tax1_label"":""CGST"",""tax2_label"":""SGST"",""tax3_label"":""IGST""}]",[],0,0,,,[],[],,,,,,,1,,,,,,,,,,,,,,,,,,,,,,,,,,,,,,,,,,,,,,,,,,,,,,,,,,,,,,,,,,,,,,,,,,,,,,,,,,,,,,,,,,,,,,,,,,,,,,,,,,,,,,,,,,,,,,,,,,,,,,,,,,,,,,,,,,,,,,,,,,,,,,,,,,,,,,,,,,,,,,,,,,,,,,,,,,,,,,,,,,,,,,,,,,,,,,,,,,,,,,,,,,,,,,,,,,,,,,,,,,,,,,,,,,,,,,,,,,,,,,,,,,,,,,,,,,,,6a488b7f-4510-461c-b1bd-66093c009e87,6a50c06a-f574-4ba8-abcd-28b13c0082a3,60.0.158.135,60.0.158.135,,,,,,,,,,,,,,,,,,,,,,,,,,,,,,,,,,,,,,,,,,,,,,,,,,,,,,,,,,,,,,,,,,,,,,,,,,,,,,,,,,,,,,,,,,,,,,,,,,,,,,,,,,,,,,,,,,,,,,,,,,,,,,,,,,,,,,,,,,,,,,,,,,,,,,,,,,,,,,,,,,,,,,,,,,,,,,,,,,,,,,,,,,,,,,,,,,,,,,,,,,,,,,,,,,,,,,,,,,,,,,,,,,,,,,,,,,,,,,,,,,,,,,,,,,,,,,,,,,,,,,,,,,,,,,,,,,,,,,,,,,,,,,,,,,,,,,,,,,,,,,,,,,,,,,,,,,,,,,,,,,,,,,,,,,,,,,,,,,,,,,,,,,,,,,,,,,,,,,,,,,,,,,,,,,,,,,,,,,,,,,,,,,,,,,,,,,,,,,,,,,,,,,,,,,,,,,,,,,,,,,,,,,,,,,,,,,,,,,,,,,,,,,,,,,,,,,,,,,,,,,,,,,,,,,,,,,,,,,,,,,,,,,,
Surat Prep Kitchen,376017,133962123,Normal,,2569,4903,2026-07-02,3219.5,0,Active,Unpaid,,3219.5,0,0,0,0.00,0,0,0,0,2026-07-04 09:55:44,2026-07-10 15:53:08,892196,Supplier,,Surat,Surat Prep Kitchen,Gujarat,,"Gujarat Hira Bourse , Ichchapore",9016168269,,,,,Nature Fresh Exotic Vegetables,Supplier,,Gujarat,,,9825135103,0,,,,,1,,,0,,"[{""prev_price"":""120.000000"",""item_id"":""46283103"",""itemname"":""Edible Flower"",""qty"":1,""price"":120,""amount"":120,""discount"":""0.000"",""lbl_unit"":""Pkt"",""unit"":""5165362"",""description"":"""",""hsn_code"":"""",""weighted_price"":120,""invoice_date"":""2026-07-02"",""sap_code"":"""",""purchase_doc_number"":"""",""purchase_invoice_number"":"""",""tax1"":0,""tax2"":0,""tax3"":0,""tax1_amount"":0,""tax2_amount"":0,""tax3_amount"":0,""expiry_date"":"""",""manufacturing_date"":"""",""sap_group_master_id"":0,""category"":""Food"",""yield_qty"":""0"",""discount_application"":""B"",""container_weight"":0,""net_weight"":""1"",""gross_weight"":""1"",""tax_type"":0,""excise_duty"":0,""tax1_label"":""CGST"",""tax2_label"":""SGST"",""tax3_label"":""IGST""},{""prev_price"":""520.000000"",""item_id"":""46283191"",""itemname"":""Hass Avocado"",""qty"":2.15,""price"":520,""amount"":1118,""discount"":""0.000"",""lbl_unit"":""Kg"",""unit"":""4907667"",""description"":"""",""hsn_code"":"""",""weighted_price"":520,""invoice_date"":""2026-07-02"",""sap_code"":"""",""purchase_doc_number"":"""",""purchase_invoice_number"":"""",""tax1"":0,""tax2"":0,""tax3"":0,""tax1_amount"":0,""tax2_amount"":0,""tax3_amount"":0,""expiry_date"":"""",""manufacturing_date"":"""",""sap_group_master_id"":0,""category"":""Food"",""rmconv_qty"":""1000"",""rmconv_qty_total"":2150,""rmconv_unit_id"":""4907673"",""rmconv_unit"":""GM"",""yield_qty"":""0"",""discount_application"":""B"",""container_weight"":0,""net_weight"":""2.15"",""gross_weight"":""2.15"",""tax_type"":0,""excise_duty"":0,""tax1_label"":""CGST"",""tax2_label"":""SGST"",""tax3_label"":""IGST""},{""prev_price"":""320.000000"",""item_id"":""46283219"",""itemname"":""Fresh Jalepenos Green"",""qty"":2,""price"":320,""amount"":640,""discount"":""0.000"",""lbl_unit"":""Kg"",""unit"":""4907667"",""description"":"""",""hsn_code"":"""",""weighted_price"":320,""invoice_date"":""2026-07-02"",""sap_code"":"""",""purchase_doc_number"":"""",""purchase_invoice_number"":"""",""tax1"":0,""tax2"":0,""tax3"":0,""tax1_amount"":0,""tax2_amount"":0,""tax3_amount"":0,""expiry_date"":"""",""manufacturing_date"":"""",""sap_group_master_id"":0,""category"":""Food"",""rmconv_qty"":""1000"",""rmconv_qty_total"":2000,""rmconv_unit_id"":""4907673"",""rmconv_unit"":""GM"",""yield_qty"":""0"",""discount_application"":""B"",""container_weight"":0,""net_weight"":""2"",""gross_weight"":""2"",""tax_type"":0,""excise_duty"":0,""tax1_label"":""CGST"",""tax2_label"":""SGST"",""tax3_label"":""IGST""},{""prev_price"":""95.000000"",""item_id"":""46283359"",""itemname"":""Leek"",""qty"":0.75,""price"":95,""amount"":71.25,""discount"":""0.000"",""lbl_unit"":""Qty"",""unit"":""4907684"",""description"":"""",""hsn_code"":"""",""weighted_price"":95,""invoice_date"":""2026-07-02"",""sap_code"":"""",""purchase_doc_number"":"""",""purchase_invoice_number"":"""",""tax1"":0,""tax2"":0,""tax3"":0,""tax1_amount"":0,""tax2_amount"":0,""tax3_amount"":0,""expiry_date"":"""",""manufacturing_date"":"""",""sap_group_master_id"":0,""category"":""Food"",""yield_qty"":""0"",""discount_application"":""B"",""container_weight"":0,""net_weight"":""0.75"",""gross_weight"":""0.75"",""tax_type"":0,""excise_duty"":0,""tax1_label"":""CGST"",""tax2_label"":""SGST"",""tax3_label"":""IGST""},{""prev_price"":""195.000000"",""item_id"":""46283213"",""itemname"":""Iceburg Lettuce"",""qty"":1.05,""price"":195,""amount"":204.75,""discount"":""0.000"",""lbl_unit"":""Kg"",""unit"":""4907667"",""description"":"""",""hsn_code"":"""",""weighted_price"":195,""invoice_date"":""2026-07-02"",""sap_code"":"""",""purchase_doc_number"":"""",""purchase_invoice_number"":"""",""tax1"":0,""tax2"":0,""tax3"":0,""tax1_amount"":0,""tax2_amount"":0,""tax3_amount"":0,""expiry_date"":"""",""manufacturing_date"":"""",""sap_group_master_id"":0,""category"":""Food"",""rmconv_qty"":""1000"",""rmconv_qty_total"":1050,""rmconv_unit_id"":""4907673"",""rmconv_unit"":""GM"",""yield_qty"":""0"",""discount_application"":""B"",""container_weight"":0,""net_weight"":""1.05"",""gross_weight"":""1.05"",""tax_type"":0,""excise_duty"":0,""tax1_label"":""CGST"",""tax2_label"":""SGST"",""tax3_label"":""IGST""},{""prev_price"":""195.000000"",""item_id"":""46283109"",""itemname"":""Romaine"",""qty"":1.2,""price"":195,""amount"":234,""discount"":""0.000"",""lbl_unit"":""Kg"",""unit"":""4907667"",""description"":"""",""hsn_code"":"""",""weighted_price"":195,""invoice_date"":""2026-07-02"",""sap_code"":"""",""purchase_doc_number"":"""",""purchase_invoice_number"":"""",""tax1"":0,""tax2"":0,""tax3"":0,""tax1_amount"":0,""tax2_amount"":0,""tax3_amount"":0,""expiry_date"":"""",""manufacturing_date"":"""",""sap_group_master_id"":0,""category"":""Food"",""rmconv_qty"":""1000"",""rmconv_qty_total"":1200,""rmconv_unit_id"":""4907673"",""rmconv_unit"":""GM"",""yield_qty"":""0"",""discount_application"":""B"",""container_weight"":0,""net_weight"":""1.2"",""gross_weight"":""1.2"",""tax_type"":0,""excise_duty"":0,""tax1_label"":""CGST"",""tax2_label"":""SGST"",""tax3_label"":""IGST""},{""prev_price"":""370.000000"",""item_id"":""46283112"",""itemname"":""Lollo Rosso"",""qty"":0.45,""price"":370,""amount"":166.5,""discount"":""0.000"",""lbl_unit"":""Kg"",""unit"":""4907667"",""description"":"""",""hsn_code"":"""",""weighted_price"":370,""invoice_date"":""2026-07-02"",""sap_code"":"""",""purchase_doc_number"":"""",""purchase_invoice_number"":"""",""tax1"":0,""tax2"":0,""tax3"":0,""tax1_amount"":0,""tax2_amount"":0,""tax3_amount"":0,""expiry_date"":"""",""manufacturing_date"":"""",""sap_group_master_id"":0,""category"":""Food"",""rmconv_qty"":""1000"",""rmconv_qty_total"":450,""rmconv_unit_id"":""4907673"",""rmconv_unit"":""GM"",""yield_qty"":""0"",""discount_application"":""B"",""container_weight"":0,""net_weight"":""0.45"",""gross_weight"":""0.45"",""tax_type"":0,""excise_duty"":0,""tax1_label"":""CGST"",""tax2_label"":""SGST"",""tax3_label"":""IGST""},{""prev_price"":""950.000000"",""item_id"":""46283212"",""itemname"":""Shimeji White"",""qty"":0.7,""price"":950,""amount"":665,""discount"":""0.000"",""lbl_unit"":""Kg"",""unit"":""4907667"",""description"":"""",""hsn_code"":"""",""weighted_price"":950,""invoice_date"":""2026-07-02"",""sap_code"":"""",""purchase_doc_number"":"""",""purchase_invoice_number"":"""",""tax1"":0,""tax2"":0,""tax3"":0,""tax1_amount"":0,""tax2_amount"":0,""tax3_amount"":0,""expiry_date"":"""",""manufacturing_date"":"""",""sap_group_master_id"":0,""category"":""Food"",""rmconv_qty"":""1000"",""rmconv_qty_total"":700,""rmconv_unit_id"":""4907673"",""rmconv_unit"":""GM"",""yield_qty"":""0"",""discount_application"":""B"",""container_weight"":0,""net_weight"":""0.7"",""gross_weight"":""0.7"",""tax_type"":0,""excise_duty"":0,""tax1_label"":""CGST"",""tax2_label"":""SGST"",""tax3_label"":""IGST""}]",[],0,0,,,[],[],,,,,,,1,,,,,,,,,,,,,,,,,,,,,,,,,,,,,,,,,,,,,,,,,,,,,,,,,,,,,,,,,,,,,,,,,,,,,,,,,,,,,,,,,,,,,,,,,,,,,,,,,,,,,,,,,,,,,,,,,,,,,,,,,,,,,,,,,,,,,,,,,,,,,,,,,,,,,,,,,,,,,,,,,,,,,,,,,,,,,,,,,,,,,,,,,,,,,,,,,,,,,,,,,,,,,,,,,,,,,,,,,,,,,,,,,,,,,,,,,,,,,,,,,,,,,,,,,,,,,,,,6a488aa8-dcdc-41d3-b00c-6c0c3c009e87,6a50c7c8-bac8-4ec0-9b42-699c3c009fc0,60.0.158.135,60.0.130.163,,,,,,,,,,,,,,,,,,,,,,,,,,,,,,,,,,,,,,,,,,,,,,,,,,,,,,,,,,,,,,,,,,,,,,,,,,,,,,,,,,,,,,,,,,,,,,,,,,,,,,,,,,,,,,,,,,,,,,,,,,,,,,,,,,,,,,,,,,,,,,,,,,,,,,,,,,,,,,,,,,,,,,,,,,,,,,,,,,,,,,,,,,,,,,,,,,,,,,,,,,,,,,,,,,,,,,,,,,,,,,,,,,,,,,,,,,,,,,,,,,,,,,,,,,,,,,,,,,,,,,,,,,,,,,,,,,,,,,,,,,,,,,,,,,,,,,,,,,,,,,,,,,,,,,,,,,,,,,,,,,,,,,,,,,,,,,,,,,,,,,,,,,,,,,,,,,,,,,,,,,,,,,,,,,,,,,,,,,,,,,,,,,,,,,,,,,,,,,,,,,,,,,,,,,,,,,,,,,,,,,,,,,,,,,,,,,,,,,,,,,,,,,,,,,,,,,,,,,,,,,,,,,,,,,,,,,,,,,,,,,,
Surat Prep Kitchen,376017,133950471,From Sales,117337822,109,,2026-07-02,63211.264,0,Active,Unpaid,,63211.264,0,0,0,0.00,0,0,0,0,2026-07-03 23:15:06,2026-07-03 23:15:06,117185,Kitchen,,Surat,Surat Prep Kitchen,Gujarat,,"Gujarat Hira Bourse , Ichchapore",9016168269,,,,Surat,Surat Store,Kitchen,,Gujarat,,"1st Floor, Samanvay, Near Chandni Chowk, Gymkhana Rd, Piplod, Surat",9825184377,0,,1,PO0080977709,PO0080977709,1,,0,0,0,"[{""prev_price"":""176.250000"",""item_id"":""46281931"",""itemname"":""Dry Yeast 500gm"",""qty"":1,""price"":176.25,""amount"":176.25,""discount"":""0.000"",""lbl_unit"":""Qty"",""unit"":""4907684"",""description"":"""",""hsn_code"":"""",""weighted_price"":176.25,""invoice_date"":""2026-07-02"",""sap_code"":"""",""purchase_doc_number"":"""",""purchase_invoice_number"":"""",""tax1"":0,""tax2"":0,""tax3"":0,""tax1_amount"":0,""tax2_amount"":0,""tax3_amount"":0,""expiry_date"":"""",""manufacturing_date"":"""",""actual_qty"":""1.000"",""actual_unit_id"":""2418165"",""actual_unit_name"":""Qty"",""sap_group_master_id"":0,""category"":""Food"",""yield_qty"":""0"",""discount_application"":""B"",""container_weight"":0,""net_weight"":""1"",""gross_weight"":0,""tax_type"":0,""excise_duty"":0,""tax1_label"":""CGST"",""tax2_label"":""SGST"",""tax3_label"":""IGST""},{""prev_price"":""82.000000"",""item_id"":""46281643"",""itemname"":""Brown Sugar 1 Kg"",""qty"":1,""price"":82,""amount"":82,""discount"":""0.000"",""lbl_unit"":""Qty"",""unit"":""4907684"",""description"":"""",""hsn_code"":"""",""weighted_price"":82,""invoice_date"":""2026-07-02"",""sap_code"":"""",""purchase_doc_number"":"""",""purchase_invoice_number"":"""",""tax1"":0,""tax2"":0,""tax3"":0,""tax1_amount"":0,""tax2_amount"":0,""tax3_amount"":0,""expiry_date"":"""",""manufacturing_date"":"""",""actual_qty"":""1.000"",""actual_unit_id"":""2418165"",""actual_unit_name"":""Qty"",""sap_group_master_id"":0,""category"":""Food"",""yield_qty"":""0"",""discount_application"":""B"",""container_weight"":0,""net_weight"":""1"",""gross_weight"":0,""tax_type"":0,""excise_duty"":0,""tax1_label"":""CGST"",""tax2_label"":""SGST"",""tax3_label"":""IGST""},{""prev_price"":""114.960000"",""item_id"":""46281930"",""itemname"":""Malted Barley Flour (diastatic) 1kg"",""qty"":1,""price"":114.96,""amount"":114.96,""discount"":""0.000"",""lbl_unit"":""Qty"",""unit"":""4907684"",""description"":"""",""hsn_code"":"""",""weighted_price"":114.96,""invoice_date"":""2026-07-02"",""sap_code"":"""",""purchase_doc_number"":"""",""purchase_invoice_number"":"""",""tax1"":0,""tax2"":0,""tax3"":0,""tax1_amount"":0,""tax2_amount"":0,""tax3_amount"":0,""expiry_date"":"""",""manufacturing_date"":"""",""actual_qty"":""1.000"",""actual_unit_id"":""2418165"",""actual_unit_name"":""Qty"",""sap_group_master_id"":0,""category"":""Food"",""yield_qty"":""0"",""discount_application"":""B"",""container_weight"":0,""net_weight"":""1"",""gross_weight"":0,""tax_type"":0,""excise_duty"":0,""tax1_label"":""CGST"",""tax2_label"":""SGST"",""tax3_label"":""IGST""},{""prev_price"":""29.000000"",""item_id"":""46282592"",""itemname"":""Salt 1kg"",""qty"":2,""price"":29,""amount"":58,""discount"":""0.000"",""lbl_unit"":""Qty"",""unit"":""4907684"",""description"":"""",""hsn_code"":"""",""weighted_price"":29,""invoice_date"":""2026-07-02"",""sap_code"":"""",""purchase_doc_number"":"""",""purchase_invoice_number"":"""",""tax1"":0,""tax2"":0,""tax3"":0,""tax1_amount"":0,""tax2_amount"":0,""tax3_amount"":0,""expiry_date"":"""",""manufacturing_date"":"""",""actual_qty"":""2.000"",""actual_unit_id"":""2418165"",""actual_unit_name"":""Qty"",""sap_group_master_id"":0,""category"":""Food"",""yield_qty"":""0"",""discount_application"":""B"",""container_weight"":0,""net_weight"":""2"",""gross_weight"":0,""tax_type"":0,""excise_duty"":0,""tax1_label"":""CGST"",""tax2_label"":""SGST"",""tax3_label"":""IGST""},{""prev_price"":""4150.000000"",""item_id"":""46282862"",""itemname"":""Extra Virgin Olive Oil 5ltr"",""qty"":1,""price"":4150,""amount"":4150,""discount"":""0.000"",""lbl_unit"":""Qty"",""unit"":""4907684"",""description"":"""",""hsn_code"":"""",""weighted_price"":4150,""invoice_date"":""2026-07-02"",""sap_code"":"""",""purchase_doc_number"":"""",""purchase_invoice_number"":"""",""tax1"":0,""tax2"":0,""tax3"":0,""tax1_amount"":0,""tax2_amount"":0,""tax3_amount"":0,""expiry_date"":"""",""manufacturing_date"":"""",""actual_qty"":""1.000"",""actual_unit_id"":""2418165"",""actual_unit_name"":""Qty"",""sap_group_master_id"":0,""category"":""Food"",""yield_qty"":""0"",""discount_application"":""B"",""container_weight"":0,""net_weight"":""1"",""gross_weight"":0,""tax_type"":0,""excise_duty"":0,""tax1_label"":""CGST"",""tax2_label"":""SGST"",""tax3_label"":""IGST""},{""prev_price"":""40.000000"",""item_id"":""46281903"",""itemname"":""Soya Plain Paneer 200gm"",""qty"":5,""price"":40,""amount"":200,""discount"":""0.000"",""lbl_unit"":""Qty"",""unit"":""4907684"",""description"":"""",""hsn_code"":"""",""weighted_price"":40,""invoice_date"":""2026-07-02"",""sap_code"":"""",""purchase_doc_number"":"""",""purchase_invoice_number"":"""",""tax1"":0,""tax2"":0,""tax3"":0,""tax1_amount"":0,""tax2_amount"":0,""tax3_amount"":0,""expiry_date"":"""",""manufacturing_date"":"""",""actual_qty"":""5.000"",""actual_unit_id"":""2418165"",""actual_unit_name"":""Qty"",""sap_group_master_id"":0,""category"":""Food"",""yield_qty"":""0"",""discount_application"":""B"",""container_weight"":0,""net_weight"":""5"",""gross_weight"":0,""tax_type"":0,""excise_duty"":0,""tax1_label"":""CGST"",""tax2_label"":""SGST"",""tax3_label"":""IGST""},{""prev_price"":""198.000000"",""item_id"":""46281183"",""itemname"":""Extra Firm Silken Tofu 308 Gm"",""qty"":2,""price"":198,""amount"":396,""discount"":""0.000"",""lbl_unit"":""Qty"",""unit"":""4907684"",""description"":"""",""hsn_code"":"""",""weighted_price"":198,""invoice_date"":""2026-07-02"",""sap_code"":"""",""purchase_doc_number"":"""",""purchase_invoice_number"":"""",""tax1"":0,""tax2"":0,""tax3"":0,""tax1_amount"":0,""tax2_amount"":0,""tax3_amount"":0,""expiry_date"":"""",""manufacturing_date"":"""",""actual_qty"":""2.000"",""actual_unit_id"":""2418165"",""actual_unit_name"":""Qty"",""sap_group_master_id"":0,""category"":""Food"",""yield_qty"":""0"",""discount_application"":""B"",""pricing_method"":""0"",""container_weight"":0,""net_weight"":""2"",""gross_weight"":0,""tax_type"":0,""excise_duty"":0,""tax1_label"":""CGST"",""tax2_label"":""SGST"",""tax3_label"":""IGST""},{""prev_price"":""155.240000"",""item_id"":""46281853"",""itemname"":""Aromat 500gm"",""qty"":1,""price"":155.24,""amount"":155.24,""discount"":""0.000"",""lbl_unit"":""Qty"",""unit"":""4907684"",""description"":"""",""hsn_code"":"""",""weighted_price"":155.24,""invoice_date"":""2026-07-02"",""sap_code"":"""",""purchase_doc_number"":"""",""purchase_invoice_number"":"""",""tax1"":0,""tax2"":0,""tax3"":0,""tax1_amount"":0,""tax2_amount"":0,""tax3_amount"":0,""expiry_date"":"""",""manufacturing_date"":"""",""actual_qty"":""1.000"",""actual_unit_id"":""2418165"",""actual_unit_name"":""Qty"",""sap_group_master_id"":0,""category"":""Food"",""yield_qty"":""0"",""discount_application"":""B"",""container_weight"":0,""net_weight"":""1"",""gross_weight"":0,""tax_type"":0,""excise_duty"":0,""tax1_label"":""CGST"",""tax2_label"":""SGST"",""tax3_label"":""IGST""},{""prev_price"":""145.000000"",""item_id"":""46281907"",""itemname"":""Water Chestnuts 567 Gm"",""qty"":5,""price"":145,""amount"":725,""discount"":""0.000"",""lbl_unit"":""Qty"",""unit"":""4907684"",""description"":"""",""hsn_code"":"""",""weighted_price"":145,""invoice_date"":""2026-07-02"",""sap_code"":"""",""purchase_doc_number"":"""",""purchase_invoice_number"":"""",""tax1"":0,""tax2"":0,""tax3"":0,""tax1_amount"":0,""tax2_amount"":0,""tax3_amount"":0,""expiry_date"":"""",""manufacturing_date"":"""",""actual_qty"":""5.000"",""actual_unit_id"":""2418165"",""actual_unit_name"":""Qty"",""sap_group_master_id"":0,""category"":""Food"",""yield_qty"":""0"",""discount_application"":""B"",""container_weight"":0,""net_weight"":""5"",""gross_weight"":0,""tax_type"":0,""excise_duty"":0,""tax1_label"":""CGST"",""tax2_label"":""SGST"",""tax3_label"":""IGST""},{""prev_price"":""652.380000"",""item_id"":""46282743"",""itemname"":""Df Cream Cheese 1kg"",""qty"":6,""price"":652.38,""amount"":3914.28,""discount"":""0.000"",""lbl_unit"":""Qty"",""unit"":""4907684"",""description"":"""",""hsn_code"":"""",""weighted_price"":652.38,""invoice_date"":""2026-07-02"",""sap_code"":"""",""purchase_doc_number"":"""",""purchase_invoice_number"":"""",""tax1"":0,""tax2"":0,""tax3"":0,""tax1_amount"":0,""tax2_amount"":0,""tax3_amount"":0,""expiry_date"":"""",""manufacturing_date"":"""",""actual_qty"":""6.000"",""actual_unit_id"":""2418165"",""actual_unit_name"":""Qty"",""sap_group_master_id"":0,""category"":""Food"",""yield_qty"":""0"",""discount_application"":""B"",""container_weight"":0,""net_weight"":""6"",""gross_weight"":0,""tax_type"":0,""excise_duty"":0,""tax1_label"":""CGST"",""tax2_label"":""SGST"",""tax3_label"":""IGST""},{""prev_price"":""271.430000"",""item_id"":""46282630"",""itemname"":""Amul Butter - 500gm"",""qty"":8,""price"":271.43,""amount"":2171.44,""discount"":""0.000"",""lbl_unit"":""Qty"",""unit"":""4907684"",""description"":"""",""hsn_code"":"""",""weighted_price"":271.43,""invoice_date"":""2026-07-02"",""sap_code"":"""",""purchase_doc_number"":"""",""purchase_invoice_number"":"""",""tax1"":0,""tax2"":0,""tax3"":0,""tax1_amount"":0,""tax2_amount"":0,""tax3_amount"":0,""expiry_date"":"""",""manufacturing_date"":"""",""actual_qty"":""8.000"",""actual_unit_id"":""2418165"",""actual_unit_name"":""Qty"",""sap_group_master_id"":0,""category"":""Food"",""yield_qty"":""0"",""discount_application"":""B"",""pricing_method"":""0"",""container_weight"":0,""net_weight"":""8"",""gross_weight"":0,""tax_type"":0,""excise_duty"":0,""tax1_label"":""CGST"",""tax2_label"":""SGST"",""tax3_label"":""IGST""},{""prev_price"":""78.023000"",""item_id"":""46282613"",""itemname"":""Gold Milk 1 Ltr"",""qty"":24,""price"":78.023,""amount"":1872.552,""discount"":""0.000"",""lbl_unit"":""Qty"",""unit"":""4907684"",""description"":"""",""hsn_code"":"""",""weighted_price"":78.023,""invoice_date"":""2026-07-02"",""sap_code"":"""",""purchase_doc_number"":"""",""purchase_invoice_number"":"""",""tax1"":0,""tax2"":0,""tax3"":0,""tax1_amount"":0,""tax2_amount"":0,""tax3_amount"":0,""expiry_date"":"""",""manufacturing_date"":"""",""actual_qty"":""24.000"",""actual_unit_id"":""2418165"",""actual_unit_name"":""Qty"",""sap_group_master_id"":0,""category"":""Food"",""yield_qty"":""0"",""discount_application"":""B"",""pricing_method"":""0"",""container_weight"":0,""net_weight"":""24"",""gross_weight"":0,""tax_type"":0,""excise_duty"":0,""tax1_label"":""CGST"",""tax2_label"":""SGST"",""tax3_label"":""IGST""},{""prev_price"":""2280.000000"",""item_id"":""46281932"",""itemname"":""00 Flour 20kg Bag"",""qty"":3,""price"":2280,""amount"":6840,""discount"":""0.000"",""lbl_unit"":""Qty"",""unit"":""4907684"",""description"":"""",""hsn_code"":"""",""weighted_price"":2280,""invoice_date"":""2026-07-02"",""sap_code"":"""",""purchase_doc_number"":"""",""purchase_invoice_number"":"""",""tax1"":0,""tax2"":0,""tax3"":0,""tax1_amount"":0,""tax2_amount"":0,""tax3_amount"":0,""expiry_date"":"""",""manufacturing_date"":"""",""actual_qty"":""3.000"",""actual_unit_id"":""2418165"",""actual_unit_name"":""Qty"",""sap_group_master_id"":0,""category"":""Food"",""yield_qty"":""0"",""discount_application"":""B"",""container_weight"":0,""net_weight"":""3"",""gross_weight"":0,""tax_type"":0,""excise_duty"":0,""tax1_label"":""CGST"",""tax2_label"":""SGST"",""tax3_label"":""IGST""},{""prev_price"":""540.000000"",""item_id"":""46282884"",""itemname"":""Dolce Vita Peeled Tomatoes 3kg"",""qty"":24,""price"":540,""amount"":12960,""discount"":""0.000"",""lbl_unit"":""TIN"",""unit"":""4907676"",""description"":"""",""hsn_code"":"""",""weighted_price"":540,""invoice_date"":""2026-07-02"",""sap_code"":"""",""purchase_doc_number"":"""",""purchase_invoice_number"":"""",""tax1"":0,""tax2"":0,""tax3"":0,""tax1_amount"":0,""tax2_amount"":0,""tax3_amount"":0,""expiry_date"":"""",""manufacturing_date"":"""",""actual_qty"":""24.000"",""actual_unit_id"":""2418157"",""actual_unit_name"":""TIN"",""sap_group_master_id"":0,""category"":""Food"",""yield_qty"":""0"",""discount_application"":""B"",""container_weight"":0,""net_weight"":""24"",""gross_weight"":0,""tax_type"":0,""excise_duty"":0,""tax1_label"":""CGST"",""tax2_label"":""SGST"",""tax3_label"":""IGST""},{""prev_price"":""215.000000"",""item_id"":""46282196"",""itemname"":""M Size Hand Gloves Nitrile"",""qty"":4,""price"":215,""amount"":860,""discount"":""0.000"",""lbl_unit"":""Qty"",""unit"":""4907684"",""description"":"""",""hsn_code"":"""",""weighted_price"":215,""invoice_date"":""2026-07-02"",""sap_code"":"""",""purchase_doc_number"":"""",""purchase_invoice_number"":"""",""tax1"":0,""tax2"":0,""tax3"":0,""tax1_amount"":0,""tax2_amount"":0,""tax3_amount"":0,""expiry_date"":"""",""manufacturing_date"":"""",""actual_qty"":""4.000"",""actual_unit_id"":""2418165"",""actual_unit_name"":""Qty"",""sap_group_master_id"":0,""category"":""Housekeeping Hygiene"",""yield_qty"":""0"",""discount_application"":""B"",""container_weight"":0,""net_weight"":""4"",""gross_weight"":0,""tax_type"":0,""excise_duty"":0,""tax1_label"":""CGST"",""tax2_label"":""SGST"",""tax3_label"":""IGST""},{""prev_price"":""466.790000"",""item_id"":""46281934"",""itemname"":""Buffalo Mozzarella Cheese 580gm"",""qty"":2,""price"":466.79,""amount"":933.58,""discount"":""0.000"",""lbl_unit"":""Qty"",""unit"":""4907684"",""description"":"""",""hsn_code"":"""",""weighted_price"":466.79,""invoice_date"":""2026-07-02"",""sap_code"":"""",""purchase_doc_number"":"""",""purchase_invoice_number"":"""",""tax1"":0,""tax2"":0,""tax3"":0,""tax1_amount"":0,""tax2_amount"":0,""tax3_amount"":0,""expiry_date"":"""",""manufacturing_date"":"""",""actual_qty"":""2.000"",""actual_unit_id"":""2418165"",""actual_unit_name"":""Qty"",""sap_group_master_id"":0,""category"":""Food"",""yield_qty"":""0"",""discount_application"":""B"",""pricing_method"":""0"",""container_weight"":0,""net_weight"":""2"",""gross_weight"":0,""tax_type"":0,""excise_duty"":0,""tax1_label"":""CGST"",""tax2_label"":""SGST"",""tax3_label"":""IGST""},{""prev_price"":""544.170000"",""item_id"":""46281935"",""itemname"":""Mozzarella Cheese 1kg"",""qty"":25,""price"":544.17,""amount"":13604.25,""discount"":""0.000"",""lbl_unit"":""Qty"",""unit"":""4907684"",""description"":"""",""hsn_code"":"""",""weighted_price"":544.17,""invoice_date"":""2026-07-02"",""sap_code"":"""",""purchase_doc_number"":"""",""purchase_invoice_number"":"""",""tax1"":0,""tax2"":0,""tax3"":0,""tax1_amount"":0,""tax2_amount"":0,""tax3_amount"":0,""expiry_date"":"""",""manufacturing_date"":"""",""actual_qty"":""25.000"",""actual_unit_id"":""2418165"",""actual_unit_name"":""Qty"",""sap_group_master_id"":0,""category"":""Food"",""yield_qty"":""0"",""discount_application"":""B"",""pricing_method"":""0"",""container_weight"":0,""net_weight"":""25"",""gross_weight"":0,""tax_type"":0,""excise_duty"":0,""tax1_label"":""CGST"",""tax2_label"":""SGST"",""tax3_label"":""IGST""},{""prev_price"":""608.190000"",""item_id"":""46282166"",""itemname"":""Smoked Mozzarella Cheese 1kg"",""qty"":3,""price"":608.19,""amount"":1824.57,""discount"":""0.000"",""lbl_unit"":""Qty"",""unit"":""4907684"",""description"":"""",""hsn_code"":"""",""weighted_price"":608.19,""invoice_date"":""2026-07-02"",""sap_code"":"""",""purchase_doc_number"":"""",""purchase_invoice_number"":"""",""tax1"":0,""tax2"":0,""tax3"":0,""tax1_amount"":0,""tax2_amount"":0,""tax3_amount"":0,""expiry_date"":"""",""manufacturing_date"":"""",""actual_qty"":""3.000"",""actual_unit_id"":""2418165"",""actual_unit_name"":""Qty"",""sap_group_master_id"":0,""category"":""Food"",""yield_qty"":""0"",""discount_application"":""B"",""container_weight"":0,""net_weight"":""3"",""gross_weight"":0,""tax_type"":0,""excise_duty"":0,""tax1_label"":""CGST"",""tax2_label"":""SGST"",""tax3_label"":""IGST""},{""prev_price"":""612.000000"",""item_id"":""46281192"",""itemname"":""Cheddar Cheese 1kg"",""qty"":1,""price"":612,""amount"":612,""discount"":""0.000"",""lbl_unit"":""Qty"",""unit"":""4907684"",""description"":"""",""hsn_code"":"""",""weighted_price"":612,""invoice_date"":""2026-07-02"",""sap_code"":"""",""purchase_doc_number"":"""",""purchase_invoice_number"":"""",""tax1"":0,""tax2"":0,""tax3"":0,""tax1_amount"":0,""tax2_amount"":0,""tax3_amount"":0,""expiry_date"":"""",""manufacturing_date"":"""",""actual_qty"":""1.000"",""actual_unit_id"":""2418165"",""actual_unit_name"":""Qty"",""sap_group_master_id"":0,""category"":""Food"",""yield_qty"":""0"",""discount_application"":""B"",""container_weight"":0,""net_weight"":""1"",""gross_weight"":0,""tax_type"":0,""excise_duty"":0,""tax1_label"":""CGST"",""tax2_label"":""SGST"",""tax3_label"":""IGST""},{""prev_price"":""2371.430000"",""item_id"":""46281663"",""itemname"":""Sunflower Refined Oil 13kg"",""qty"":2,""price"":2371.43,""amount"":4742.86,""discount"":""0.000"",""lbl_unit"":""Qty"",""unit"":""4907684"",""description"":"""",""hsn_code"":"""",""weighted_price"":2371.43,""invoice_date"":""2026-07-02"",""sap_code"":"""",""purchase_doc_number"":"""",""purchase_invoice_number"":"""",""tax1"":0,""tax2"":0,""tax3"":0,""tax1_amount"":0,""tax2_amount"":0,""tax3_amount"":0,""expiry_date"":"""",""manufacturing_date"":"""",""actual_qty"":""2.000"",""actual_unit_id"":""2418165"",""actual_unit_name"":""Qty"",""sap_group_master_id"":0,""category"":""Food"",""yield_qty"":""0"",""discount_application"":""B"",""container_weight"":0,""net_weight"":""2"",""gross_weight"":0,""tax_type"":0,""excise_duty"":0,""tax1_label"":""CGST"",""tax2_label"":""SGST"",""tax3_label"":""IGST""},{""prev_price"":""880.000000"",""item_id"":""46281664"",""itemname"":""Almond 1kg"",""qty"":2,""price"":880,""amount"":1760,""discount"":""0.000"",""lbl_unit"":""Kg"",""unit"":""4907667"",""description"":"""",""hsn_code"":"""",""weighted_price"":880,""invoice_date"":""2026-07-02"",""sap_code"":"""",""purchase_doc_number"":"""",""purchase_invoice_number"":"""",""tax1"":0,""tax2"":0,""tax3"":0,""tax1_amount"":0,""tax2_amount"":0,""tax3_amount"":0,""expiry_date"":"""",""manufacturing_date"":"""",""actual_qty"":""2.000"",""actual_unit_id"":""2418148"",""actual_unit_name"":""Kg"",""sap_group_master_id"":0,""category"":""Food"",""yield_qty"":""0"",""discount_application"":""B"",""container_weight"":0,""net_weight"":""2"",""gross_weight"":0,""tax_type"":0,""excise_duty"":0,""tax1_label"":""CGST"",""tax2_label"":""SGST"",""tax3_label"":""IGST""},{""prev_price"":""2.500000"",""item_id"":""46281199"",""itemname"":""Ghaslet Bottle"",""qty"":120,""price"":2.5,""amount"":300,""discount"":""0.000"",""lbl_unit"":""Qty"",""unit"":""4907684"",""description"":"""",""hsn_code"":"""",""weighted_price"":2.5,""invoice_date"":""2026-07-02"",""sap_code"":"""",""purchase_doc_number"":"""",""purchase_invoice_number"":"""",""tax1"":0,""tax2"":0,""tax3"":0,""tax1_amount"":0,""tax2_amount"":0,""tax3_amount"":0,""expiry_date"":"""",""manufacturing_date"":"""",""actual_qty"":""100.000"",""actual_unit_id"":""2418165"",""actual_unit_name"":""Qty"",""sap_group_master_id"":0,""category"":""Packaging"",""yield_qty"":""0"",""discount_application"":""B"",""container_weight"":0,""net_weight"":""120"",""gross_weight"":0,""tax_type"":0,""excise_duty"":0,""tax1_label"":""CGST"",""tax2_label"":""SGST"",""tax3_label"":""IGST""},{""prev_price"":""260.000000"",""item_id"":""46281205"",""itemname"":""Madhur Sugar 5 Kg"",""qty"":1,""price"":260,""amount"":260,""discount"":""0.000"",""lbl_unit"":""Qty"",""unit"":""4907684"",""description"":"""",""hsn_code"":"""",""weighted_price"":260,""invoice_date"":""2026-07-02"",""sap_code"":"""",""purchase_doc_number"":"""",""purchase_invoice_number"":"""",""tax1"":0,""tax2"":0,""tax3"":0,""tax1_amount"":0,""tax2_amount"":0,""tax3_amount"":0,""expiry_date"":"""",""manufacturing_date"":"""",""actual_qty"":""1.000"",""actual_unit_id"":""2418165"",""actual_unit_name"":""Qty"",""sap_group_master_id"":0,""category"":""Food"",""yield_qty"":""0"",""discount_application"":""B"",""container_weight"":0,""net_weight"":""1"",""gross_weight"":0,""tax_type"":0,""excise_duty"":0,""tax1_label"":""CGST"",""tax2_label"":""SGST"",""tax3_label"":""IGST""},{""prev_price"":""16.100000"",""item_id"":""46281929"",""itemname"":""Synthetic Vinegar 650ml"",""qty"":12,""price"":16.1,""amount"":193.2,""discount"":""0.000"",""lbl_unit"":""Qty"",""unit"":""4907684"",""description"":"""",""hsn_code"":"""",""weighted_price"":16.1,""invoice_date"":""2026-07-02"",""sap_code"":"""",""purchase_doc_number"":"""",""purchase_invoice_number"":"""",""tax1"":0,""tax2"":0,""tax3"":0,""tax1_amount"":0,""tax2_amount"":0,""tax3_amount"":0,""expiry_date"":"""",""manufacturing_date"":"""",""actual_qty"":""12.000"",""actual_unit_id"":""2418165"",""actual_unit_name"":""Qty"",""sap_group_master_id"":0,""category"":""Food"",""yield_qty"":""0"",""discount_application"":""B"",""container_weight"":0,""net_weight"":""12"",""gross_weight"":0,""tax_type"":0,""excise_duty"":0,""tax1_label"":""CGST"",""tax2_label"":""SGST"",""tax3_label"":""IGST""},{""prev_price"":""180.949997"",""item_id"":""46282416"",""itemname"":""Tomato Paste 800 Gm"",""qty"":2,""price"":180.949997,""amount"":361.9,""discount"":""0.000"",""lbl_unit"":""Qty"",""unit"":""4907684"",""description"":"""",""hsn_code"":"""",""weighted_price"":180.949997,""invoice_date"":""2026-07-02"",""sap_code"":"""",""purchase_doc_number"":"""",""purchase_invoice_number"":"""",""tax1"":0,""tax2"":0,""tax3"":0,""tax1_amount"":0,""tax2_amount"":0,""tax3_amount"":0,""expiry_date"":"""",""manufacturing_date"":"""",""actual_qty"":""2.000"",""actual_unit_id"":""2418165"",""actual_unit_name"":""Qty"",""sap_group_master_id"":0,""category"":""Food"",""yield_qty"":""0"",""discount_application"":""B"",""container_weight"":0,""net_weight"":""2"",""gross_weight"":0,""tax_type"":0,""excise_duty"":0,""tax1_label"":""CGST"",""tax2_label"":""SGST"",""tax3_label"":""IGST""},{""prev_price"":""223.810000"",""item_id"":""46281779"",""itemname"":""Spaghetti 1kg"",""qty"":6,""price"":223.81,""amount"":1342.86,""discount"":""0.000"",""lbl_unit"":""Qty"",""unit"":""4907684"",""description"":"""",""hsn_code"":"""",""weighted_price"":223.81,""invoice_date"":""2026-07-02"",""sap_code"":"""",""purchase_doc_number"":"""",""purchase_invoice_number"":"""",""tax1"":0,""tax2"":0,""tax3"":0,""tax1_amount"":0,""tax2_amount"":0,""tax3_amount"":0,""expiry_date"":"""",""manufacturing_date"":"""",""actual_qty"":""6.000"",""actual_unit_id"":""2418165"",""actual_unit_name"":""Qty"",""sap_group_master_id"":0,""category"":""Food"",""yield_qty"":""0"",""discount_application"":""B"",""pricing_method"":""0"",""container_weight"":0,""net_weight"":""6"",""gross_weight"":0,""tax_type"":0,""excise_duty"":0,""tax1_label"":""CGST"",""tax2_label"":""SGST"",""tax3_label"":""IGST""},{""prev_price"":""49.000000"",""item_id"":""46281823"",""itemname"":""Macaroni Pasta 500gm"",""qty"":4,""price"":49,""amount"":196,""discount"":""0.000"",""lbl_unit"":""Qty"",""unit"":""4907684"",""description"":"""",""hsn_code"":"""",""weighted_price"":49,""invoice_date"":""2026-07-02"",""sap_code"":"""",""purchase_doc_number"":"""",""purchase_invoice_number"":"""",""tax1"":0,""tax2"":0,""tax3"":0,""tax1_amount"":0,""tax2_amount"":0,""tax3_amount"":0,""expiry_date"":"""",""manufacturing_date"":"""",""actual_qty"":""4.000"",""actual_unit_id"":""2418165"",""actual_unit_name"":""Qty"",""sap_group_master_id"":0,""category"":""Food"",""yield_qty"":""0"",""discount_application"":""B"",""container_weight"":0,""net_weight"":""4"",""gross_weight"":0,""tax_type"":0,""excise_duty"":0,""tax1_label"":""CGST"",""tax2_label"":""SGST"",""tax3_label"":""IGST""},{""prev_price"":""49.000000"",""item_id"":""46281824"",""itemname"":""Fettuccine Pasta 500 Gm"",""qty"":5,""price"":49,""amount"":245,""discount"":""0.000"",""lbl_unit"":""Qty"",""unit"":""4907684"",""description"":"""",""hsn_code"":"""",""weighted_price"":49,""invoice_date"":""2026-07-02"",""sap_code"":"""",""purchase_doc_number"":"""",""purchase_invoice_number"":"""",""tax1"":0,""tax2"":0,""tax3"":0,""tax1_amount"":0,""tax2_amount"":0,""tax3_amount"":0,""expiry_date"":"""",""manufacturing_date"":"""",""actual_qty"":""5.000"",""actual_unit_id"":""2418165"",""actual_unit_name"":""Qty"",""sap_group_master_id"":0,""category"":""Food"",""yield_qty"":""0"",""discount_application"":""B"",""container_weight"":0,""net_weight"":""5"",""gross_weight"":0,""tax_type"":0,""excise_duty"":0,""tax1_label"":""CGST"",""tax2_label"":""SGST"",""tax3_label"":""IGST""},{""prev_price"":""150.000000"",""item_id"":""46282473"",""itemname"":""Bucatini Pasta 500 Gm"",""qty"":4,""price"":150,""amount"":600,""discount"":""0.000"",""lbl_unit"":""Qty"",""unit"":""4907684"",""description"":"""",""hsn_code"":"""",""weighted_price"":150,""invoice_date"":""2026-07-02"",""sap_code"":"""",""purchase_doc_number"":"""",""purchase_invoice_number"":"""",""tax1"":0,""tax2"":0,""tax3"":0,""tax1_amount"":0,""tax2_amount"":0,""tax3_amount"":0,""expiry_date"":"""",""manufacturing_date"":"""",""actual_qty"":""4.000"",""actual_unit_id"":""2418165"",""actual_unit_name"":""Qty"",""sap_group_master_id"":0,""category"":""Food"",""yield_qty"":""0"",""discount_application"":""B"",""container_weight"":0,""net_weight"":""4"",""gross_weight"":0,""tax_type"":0,""excise_duty"":0,""tax1_label"":""CGST"",""tax2_label"":""SGST"",""tax3_label"":""IGST""},{""prev_price"":""64.000000"",""item_id"":""46281772"",""itemname"":""Chilli Broad Beans 120gm"",""qty"":4,""price"":64,""amount"":256,""discount"":""0.000"",""lbl_unit"":""Qty"",""unit"":""4907684"",""description"":"""",""hsn_code"":"""",""weighted_price"":64,""invoice_date"":""2026-07-02"",""sap_code"":"""",""purchase_doc_number"":"""",""purchase_invoice_number"":"""",""tax1"":0,""tax2"":0,""tax3"":0,""tax1_amount"":0,""tax2_amount"":0,""tax3_amount"":0,""expiry_date"":"""",""manufacturing_date"":"""",""actual_qty"":""4.000"",""actual_unit_id"":""2418165"",""actual_unit_name"":""Qty"",""sap_group_master_id"":0,""category"":""Food"",""yield_qty"":""0"",""discount_application"":""B"",""container_weight"":0,""net_weight"":""4"",""gross_weight"":0,""tax_type"":0,""excise_duty"":0,""tax1_label"":""CGST"",""tax2_label"":""SGST"",""tax3_label"":""IGST""},{""prev_price"":""177.000000"",""item_id"":""46282192"",""itemname"":""Kitchen Roll"",""qty"":2,""price"":177,""amount"":354,""discount"":""0.000"",""lbl_unit"":""Qty"",""unit"":""4907684"",""description"":"""",""hsn_code"":"""",""weighted_price"":177,""invoice_date"":""2026-07-02"",""sap_code"":"""",""purchase_doc_number"":"""",""purchase_invoice_number"":"""",""tax1"":0,""tax2"":0,""tax3"":0,""tax1_amount"":0,""tax2_amount"":0,""tax3_amount"":0,""expiry_date"":"""",""manufacturing_date"":"""",""actual_qty"":""2.000"",""actual_unit_id"":""2418165"",""actual_unit_name"":""Qty"",""sap_group_master_id"":0,""category"":""Housekeeping Hygiene"",""yield_qty"":""0"",""discount_application"":""B"",""container_weight"":0,""net_weight"":""2"",""gross_weight"":0,""tax_type"":0,""excise_duty"":0,""tax1_label"":""CGST"",""tax2_label"":""SGST"",""tax3_label"":""IGST""},{""prev_price"":""89.830500"",""item_id"":""46282155"",""itemname"":""Piping Bag"",""qty"":4,""price"":89.8305,""amount"":359.322,""discount"":""0.000"",""lbl_unit"":""Pkts"",""unit"":""4907674"",""description"":"""",""hsn_code"":"""",""weighted_price"":89.8305,""invoice_date"":""2026-07-02"",""sap_code"":"""",""purchase_doc_number"":"""",""purchase_invoice_number"":"""",""tax1"":0,""tax2"":0,""tax3"":0,""tax1_amount"":0,""tax2_amount"":0,""tax3_amount"":0,""expiry_date"":"""",""manufacturing_date"":"""",""actual_qty"":""4.000"",""actual_unit_id"":""2418155"",""actual_unit_name"":""Pkts"",""sap_group_master_id"":0,""category"":""Packaging"",""yield_qty"":""0"",""discount_application"":""B"",""container_weight"":0,""net_weight"":""4"",""gross_weight"":0,""tax_type"":0,""excise_duty"":0,""tax1_label"":""CGST"",""tax2_label"":""SGST"",""tax3_label"":""IGST""},{""prev_price"":""295.000000"",""item_id"":""46281945"",""itemname"":""Dark Miso Paste 500gm"",""qty"":2,""price"":295,""amount"":590,""discount"":""0.000"",""lbl_unit"":""Qty"",""unit"":""4907684"",""description"":"""",""hsn_code"":"""",""weighted_price"":295,""invoice_date"":""2026-07-02"",""sap_code"":"""",""purchase_doc_number"":"""",""purchase_invoice_number"":"""",""tax1"":0,""tax2"":0,""tax3"":0,""tax1_amount"":0,""tax2_amount"":0,""tax3_amount"":0,""expiry_date"":"""",""manufacturing_date"":"""",""sap_group_master_id"":0,""category"":""Food"",""yield_qty"":""0"",""discount_application"":""B"",""container_weight"":0,""net_weight"":""2"",""gross_weight"":0,""tax_type"":0,""excise_duty"":0,""tax1_label"":""CGST"",""tax2_label"":""SGST"",""tax3_label"":""IGST""}]",[],0,0,,,[],[],,,,,,,,,,,,,,,,,,,,,,,,,,,,,,,,,,,,,,,,,,,,,,,,,,,,,,,,,,,,,,,,,,,,,,,,,,,,,,,,,,,,,,,,,,,,,,,,,,,,,,,,,,,,,,,,,,,,,,,,,,,,,,,,,,,,,,,,,,,,,,,,,,,,,,,,,,,,,,,,,,,,,,,,,,,,,,,,,,,,,,,,,,,,,,,,,,,,,,,,,,,,,,,,,,,,,,,,,,,,,,,,,,,,,,,,,,,,,,,,,,,,,,,,,,,,,,,,,,,,,,,,,,,6a47f4f1-c628-4eb7-bd79-63913c0082a9,60.0.130.169,,,,,,,,,,,,,,,,,,,,,,,,,,,,,,,,,,,,,,,,,,,,,,,,,,,,,,,,,,,,,,,,,,,,,,,,,,,,,,,,,,,,,,,,,,,,,,,,,,,,,,,,,,,,,,,,,,,,,,,,,,,,,,,,,,,,,,,,,,,,,,,,,,,,,,,,,,,,,,,,,,,,,,,,,,,,,,,,,,,,,,,,,,,,,,,,,,,,,,,,,,,,,,,,,,,,,,,,,,,,,,,,,,,,,,,,,,,,,,,,,,,,,,,,,,,,,,,,,,,,,,,,,,,,,,,,,,,,,,,,,,,,,,,,,,,,,,,,,,,,,,,,,,,,,,,,,,,,,,,,,,,,,,,,,,,,,,,,,,,,,,,,,,,,,,,,,,,,,,,,,,,,,,,,,,,,,,,,,,,,,,,,,,,,,,,,,,,,,,,,,,,,,,,,,,,,,,,,,,,,,,,,,,,,,,,,,,,,,,,,,,,,,,,,,,,,,,,,,,,,,,,,,,,,,,,,,,,,,,,,,
Surat Prep Kitchen,376017,133950362,From Sales,117343713,108,,2026-07-01,420,0,Active,Unpaid,,420,0,0,0,0.00,0,0,0,0,2026-07-03 23:14:13,2026-07-03 23:14:13,117185,Kitchen,,Surat,Surat Prep Kitchen,Gujarat,,"Gujarat Hira Bourse , Ichchapore",9016168269,,,,Surat,Surat Store,Kitchen,,Gujarat,,"1st Floor, Samanvay, Near Chandni Chowk, Gymkhana Rd, Piplod, Surat",9825184377,0,,1,PO0080979151,PO0080979151,1,,0,0,0,"[{""prev_price"":""420.000000"",""item_id"":""46282758"",""itemname"":""Garam Masala"",""qty"":1,""price"":420,""amount"":420,""discount"":""0.000"",""lbl_unit"":""Qty"",""unit"":""4907684"",""description"":"""",""hsn_code"":"""",""weighted_price"":420,""invoice_date"":""2026-07-01"",""sap_code"":"""",""purchase_doc_number"":"""",""purchase_invoice_number"":"""",""tax1"":0,""tax2"":0,""tax3"":0,""tax1_amount"":0,""tax2_amount"":0,""tax3_amount"":0,""expiry_date"":"""",""manufacturing_date"":"""",""actual_qty"":""1.000"",""actual_unit_id"":""2418165"",""actual_unit_name"":""Qty"",""sap_group_master_id"":0,""category"":""Food"",""yield_qty"":""0"",""discount_application"":""B"",""container_weight"":0,""net_weight"":""1"",""gross_weight"":0,""tax_type"":0,""excise_duty"":0,""tax1_label"":""CGST"",""tax2_label"":""SGST"",""tax3_label"":""IGST""}]",[],0,0,,,[],[],,,,,,,,,,,,,,,,,,,,,,,,,,,,,,,,,,,,,,,,,,,,,,,,,,,,,,,,,,,,,,,,,,,,,,,,,,,,,,,,,,,,,,,,,,,,,,,,,,,,,,,,,,,,,,,,,,,,,,,,,,,,,,,,,,,,,,,,,,,,,,,,,,,,,,,,,,,,,,,,,,,,,,,,,,,,,,,,,,,,,,,,,,,,,,,,,,,,,,,,,,,,,,,,,,,,,,,,,,,,,,,,,,,,,,,,,,,,,,,,,,,,,,,,,,,,,,,,,,,,,,,,,,,,,6a47f4bf-7280-4a1a-9096-72fe3c0082a9,60.0.158.135,,,,,,,,,,,,,,,,,,,,,,,,,,,,,,,,,,,,,,,,,,,,,,,,,,,,,,,,,,,,,,,,,,,,,,,,,,,,,,,,,,,,,,,,,,,,,,,,,,,,,,,,,,,,,,,,,,,,,,,,,,,,,,,,,,,,,,,,,,,,,,,,,,,,,,,,,,,,,,,,,,,,,,,,,,,,,,,,,,,,,,,,,,,,,,,,,,,,,,,,,,,,,,,,,,,,,,,,,,,,,,,,,,,,,,,,,,,,,,,,,,,,,,,,,,,,,,,,,,,,,,,,,,,,,,,,,,,,,,,,,,,,,,,,,,,,,,,,,,,,,,,,,,,,,,,,,,,,,,,,,,,,,,,,,,,,,,,,,,,,,,,,,,,,,,,,,,,,,,,,,,,,,,,,,,,,,,,,,,,,,,,,,,,,,,,,,,,,,,,,,,,,,,,,,,,,,,,,,,,,,,,,,,,,,,,,,,,,,,,,,,,,,,,,,,,,,,,,,,,,,,,,,,,,,,,,,,,,,,,
Surat Prep Kitchen,376017,133950312,From Sales,117346794,107,,2026-07-01,1400,0,Active,Unpaid,,1400,0,0,0,0.00,0,0,0,0,2026-07-03 23:13:23,2026-07-03 23:13:23,117185,Kitchen,,Surat,Surat Prep Kitchen,Gujarat,,"Gujarat Hira Bourse , Ichchapore",9016168269,,,,Surat,Surat Store,Kitchen,,Gujarat,,"1st Floor, Samanvay, Near Chandni Chowk, Gymkhana Rd, Piplod, Surat",9825184377,0,,1,PO0080979752,PO0080979752,1,,0,0,0,"[{""prev_price"":""28.000000"",""item_id"":""46282042"",""itemname"":""Hot Sauce Bottle 180ml"",""qty"":50,""price"":28,""amount"":1400,""discount"":""0.000"",""lbl_unit"":""Qty"",""unit"":""4907684"",""description"":"""",""hsn_code"":"""",""weighted_price"":28,""invoice_date"":""2026-07-01"",""sap_code"":"""",""purchase_doc_number"":"""",""purchase_invoice_number"":"""",""tax1"":0,""tax2"":0,""tax3"":0,""tax1_amount"":0,""tax2_amount"":0,""tax3_amount"":0,""expiry_date"":"""",""manufacturing_date"":"""",""actual_qty"":""50.000"",""actual_unit_id"":""2418165"",""actual_unit_name"":""Qty"",""sap_group_master_id"":0,""category"":""Packaging"",""yield_qty"":""0"",""discount_application"":""B"",""container_weight"":0,""net_weight"":""50"",""gross_weight"":0,""tax_type"":0,""excise_duty"":0,""tax1_label"":""CGST"",""tax2_label"":""SGST"",""tax3_label"":""IGST""}]",[],0,0,,,[],[],,,,,,,,,,,,,,,,,,,,,,,,,,,,,,,,,,,,,,,,,,,,,,,,,,,,,,,,,,,,,,,,,,,,,,,,,,,,,,,,,,,,,,,,,,,,,,,,,,,,,,,,,,,,,,,,,,,,,,,,,,,,,,,,,,,,,,,,,,,,,,,,,,,,,,,,,,,,,,,,,,,,,,,,,,,,,,,,,,,,,,,,,,,,,,,,,,,,,,,,,,,,,,,,,,,,,,,,,,,,,,,,,,,,,,,,,,,,,,,,,,,,,,,,,,,,,,,,,,,,,,,,,,,,,,,6a47f4a9-be34-469a-8f6d-5bbd3c0082a9,60.0.130.169,,,,,,,,,,,,,,,,,,,,,,,,,,,,,,,,,,,,,,,,,,,,,,,,,,,,,,,,,,,,,,,,,,,,,,,,,,,,,,,,,,,,,,,,,,,,,,,,,,,,,,,,,,,,,,,,,,,,,,,,,,,,,,,,,,,,,,,,,,,,,,,,,,,,,,,,,,,,,,,,,,,,,,,,,,,,,,,,,,,,,,,,,,,,,,,,,,,,,,,,,,,,,,,,,,,,,,,,,,,,,,,,,,,,,,,,,,,,,,,,,,,,,,,,,,,,,,,,,,,,,,,,,,,,,,,,,,,,,,,,,,,,,,,,,,,,,,,,,,,,,,,,,,,,,,,,,,,,,,,,,,,,,,,,,,,,,,,,,,,,,,,,,,,,,,,,,,,,,,,,,,,,,,,,,,,,,,,,,,,,,,,,,,,,,,,,,,,,,,,,,,,,,,,,,,,,,,,,,,,,,,,,,,,,,,,,,,,,,,,,,,,,,,,,,,,,,,,,,,,,,,,,,,,,,,,,,,,,,
Surat Prep Kitchen,376017,133950252,From Sales,117448255,106,,2026-07-01,26250,0,Active,Unpaid,,26250,0,0,0,0.00,0,0,0,0,2026-07-03 23:13:02,2026-07-03 23:13:02,117185,Kitchen,,Surat,Surat Prep Kitchen,Gujarat,,"Gujarat Hira Bourse , Ichchapore",9016168269,,,,Surat,Surat Store,Kitchen,,Gujarat,,"1st Floor, Samanvay, Near Chandni Chowk, Gymkhana Rd, Piplod, Surat",9825184377,0,,1,PO0080996128,PO0080996128,1,,0,0,0,"[{""prev_price"":""525.000000"",""item_id"":""46282578"",""itemname"":""Kashmiri Red Chilly Dry Whole Loose"",""qty"":50,""price"":525,""amount"":26250,""discount"":""0.000"",""lbl_unit"":""Kg"",""unit"":""4907667"",""description"":"""",""hsn_code"":"""",""weighted_price"":525,""invoice_date"":""2026-07-01"",""sap_code"":"""",""purchase_doc_number"":"""",""purchase_invoice_number"":"""",""tax1"":0,""tax2"":0,""tax3"":0,""tax1_amount"":0,""tax2_amount"":0,""tax3_amount"":0,""expiry_date"":"""",""manufacturing_date"":"""",""actual_qty"":""50.000"",""actual_unit_id"":""2418148"",""actual_unit_name"":""Kg"",""sap_group_master_id"":0,""category"":""Food"",""yield_qty"":""0"",""discount_application"":""B"",""container_weight"":0,""net_weight"":""50"",""gross_weight"":0,""tax_type"":0,""excise_duty"":0,""tax1_label"":""CGST"",""tax2_label"":""SGST"",""tax3_label"":""IGST""}]",[],0,0,,,[],[],,,,,,,,,,,,,,,,,,,,,,,,,,,,,,,,,,,,,,,,,,,,,,,,,,,,,,,,,,,,,,,,,,,,,,,,,,,,,,,,,,,,,,,,,,,,,,,,,,,,,,,,,,,,,,,,,,,,,,,,,,,,,,,,,,,,,,,,,,,,,,,,,,,,,,,,,,,,,,,,,,,,,,,,,,,,,,,,,,,,,,,,,,,,,,,,,,,,,,,,,,,,,,,,,,,,,,,,,,,,,,,,,,,,,,,,,,,,,,,,,,,,,,,,,,,,,,,,,,,,,,,,,,,,,,,,,6a47f487-1d1c-42c6-8c5d-75c73c0082a9,60.0.130.169,,,,,,,,,,,,,,,,,,,,,,,,,,,,,,,,,,,,,,,,,,,,,,,,,,,,,,,,,,,,,,,,,,,,,,,,,,,,,,,,,,,,,,,,,,,,,,,,,,,,,,,,,,,,,,,,,,,,,,,,,,,,,,,,,,,,,,,,,,,,,,,,,,,,,,,,,,,,,,,,,,,,,,,,,,,,,,,,,,,,,,,,,,,,,,,,,,,,,,,,,,,,,,,,,,,,,,,,,,,,,,,,,,,,,,,,,,,,,,,,,,,,,,,,,,,,,,,,,,,,,,,,,,,,,,,,,,,,,,,,,,,,,,,,,,,,,,,,,,,,,,,,,,,,,,,,,,,,,,,,,,,,,,,,,,,,,,,,,,,,,,,,,,,,,,,,,,,,,,,,,,,,,,,,,,,,,,,,,,,,,,,,,,,,,,,,,,,,,,,,,,,,,,,,,,,,,,,,,,,,,,,,,,,,,,,,,,,,,,,,,,,,,,,,,,,,,,,,,,,,,,,,,,,,,,,,,,,
Surat Prep Kitchen,376017,133950233,From Sales,117520325,105,,2026-07-01,27620.006,0,Active,Unpaid,,27620.006,0,0,0,0.00,0,0,0,0,2026-07-03 23:12:27,2026-07-03 23:12:27,117185,Kitchen,,Surat,Surat Prep Kitchen,Gujarat,,"Gujarat Hira Bourse , Ichchapore",9016168269,,,,Surat,Surat Store,Kitchen,,Gujarat,,"1st Floor, Samanvay, Near Chandni Chowk, Gymkhana Rd, Piplod, Surat",9825184377,0,,1,PO0081008401,PO0081008401,1,,0,0,0,"[{""prev_price"":""215.000000"",""item_id"":""46282196"",""itemname"":""M Size Hand Gloves Nitrile"",""qty"":5,""price"":215,""amount"":1075,""discount"":""0.000"",""lbl_unit"":""Qty"",""unit"":""4907684"",""description"":"""",""hsn_code"":"""",""weighted_price"":215,""invoice_date"":""2026-07-01"",""sap_code"":"""",""purchase_doc_number"":"""",""purchase_invoice_number"":"""",""tax1"":0,""tax2"":0,""tax3"":0,""tax1_amount"":0,""tax2_amount"":0,""tax3_amount"":0,""expiry_date"":"""",""manufacturing_date"":"""",""actual_qty"":""5.000"",""actual_unit_id"":""2418165"",""actual_unit_name"":""Qty"",""sap_group_master_id"":0,""category"":""Housekeeping Hygiene"",""yield_qty"":""0"",""discount_application"":""B"",""container_weight"":0,""net_weight"":""5"",""gross_weight"":0,""tax_type"":0,""excise_duty"":0,""tax1_label"":""CGST"",""tax2_label"":""SGST"",""tax3_label"":""IGST""},{""prev_price"":""690.000000"",""item_id"":""46281747"",""itemname"":""Kitchen Cleaner 5ltr"",""qty"":2,""price"":690,""amount"":1380,""discount"":""0.000"",""lbl_unit"":""Qty"",""unit"":""4907684"",""description"":"""",""hsn_code"":"""",""weighted_price"":690,""invoice_date"":""2026-07-01"",""sap_code"":"""",""purchase_doc_number"":"""",""purchase_invoice_number"":"""",""tax1"":0,""tax2"":0,""tax3"":0,""tax1_amount"":0,""tax2_amount"":0,""tax3_amount"":0,""expiry_date"":"""",""manufacturing_date"":"""",""actual_qty"":""2.000"",""actual_unit_id"":""2418165"",""actual_unit_name"":""Qty"",""sap_group_master_id"":0,""category"":""Housekeeping Liquids"",""yield_qty"":""0"",""discount_application"":""B"",""container_weight"":0,""net_weight"":""2"",""gross_weight"":0,""tax_type"":0,""excise_duty"":0,""tax1_label"":""CGST"",""tax2_label"":""SGST"",""tax3_label"":""IGST""},{""prev_price"":""400.000000"",""item_id"":""46282832"",""itemname"":""Cashew"",""qty"":2,""price"":400,""amount"":800,""discount"":""0.000"",""lbl_unit"":""Qty"",""unit"":""4907684"",""description"":"""",""hsn_code"":"""",""weighted_price"":400,""invoice_date"":""2026-07-01"",""sap_code"":"""",""purchase_doc_number"":"""",""purchase_invoice_number"":"""",""tax1"":0,""tax2"":0,""tax3"":0,""tax1_amount"":0,""tax2_amount"":0,""tax3_amount"":0,""expiry_date"":"""",""manufacturing_date"":"""",""actual_qty"":""2.000"",""actual_unit_id"":""2418165"",""actual_unit_name"":""Qty"",""sap_group_master_id"":0,""category"":""Food"",""yield_qty"":""0"",""discount_application"":""B"",""container_weight"":0,""net_weight"":""2"",""gross_weight"":0,""tax_type"":0,""excise_duty"":0,""tax1_label"":""CGST"",""tax2_label"":""SGST"",""tax3_label"":""IGST""},{""prev_price"":""29.000000"",""item_id"":""46282592"",""itemname"":""Salt 1kg"",""qty"":3,""price"":29,""amount"":87,""discount"":""0.000"",""lbl_unit"":""Qty"",""unit"":""4907684"",""description"":"""",""hsn_code"":"""",""weighted_price"":29,""invoice_date"":""2026-07-01"",""sap_code"":"""",""purchase_doc_number"":"""",""purchase_invoice_number"":"""",""tax1"":0,""tax2"":0,""tax3"":0,""tax1_amount"":0,""tax2_amount"":0,""tax3_amount"":0,""expiry_date"":"""",""manufacturing_date"":"""",""actual_qty"":""3.000"",""actual_unit_id"":""2418165"",""actual_unit_name"":""Qty"",""sap_group_master_id"":0,""category"":""Food"",""yield_qty"":""0"",""discount_application"":""B"",""container_weight"":0,""net_weight"":""3"",""gross_weight"":0,""tax_type"":0,""excise_duty"":0,""tax1_label"":""CGST"",""tax2_label"":""SGST"",""tax3_label"":""IGST""},{""prev_price"":""2371.430000"",""item_id"":""46281663"",""itemname"":""Sunflower Refined Oil 13kg"",""qty"":1,""price"":2371.43,""amount"":2371.43,""discount"":""0.000"",""lbl_unit"":""Qty"",""unit"":""4907684"",""description"":"""",""hsn_code"":"""",""weighted_price"":2371.43,""invoice_date"":""2026-07-01"",""sap_code"":"""",""purchase_doc_number"":"""",""purchase_invoice_number"":"""",""tax1"":0,""tax2"":0,""tax3"":0,""tax1_amount"":0,""tax2_amount"":0,""tax3_amount"":0,""expiry_date"":"""",""manufacturing_date"":"""",""actual_qty"":""1.000"",""actual_unit_id"":""2418165"",""actual_unit_name"":""Qty"",""sap_group_master_id"":0,""category"":""Food"",""yield_qty"":""0"",""discount_application"":""B"",""container_weight"":0,""net_weight"":""1"",""gross_weight"":0,""tax_type"":0,""excise_duty"":0,""tax1_label"":""CGST"",""tax2_label"":""SGST"",""tax3_label"":""IGST""},{""prev_price"":""340.000000"",""item_id"":""46281826"",""itemname"":""Coconut Flakes 1kg"",""qty"":1,""price"":340,""amount"":340,""discount"":""0.000"",""lbl_unit"":""Qty"",""unit"":""4907684"",""description"":"""",""hsn_code"":"""",""weighted_price"":340,""invoice_date"":""2026-07-01"",""sap_code"":"""",""purchase_doc_number"":"""",""purchase_invoice_number"":"""",""tax1"":0,""tax2"":0,""tax3"":0,""tax1_amount"":0,""tax2_amount"":0,""tax3_amount"":0,""expiry_date"":"""",""manufacturing_date"":"""",""actual_qty"":""2.000"",""actual_unit_id"":""2418165"",""actual_unit_name"":""Qty"",""sap_group_master_id"":0,""category"":""Food"",""yield_qty"":""0"",""discount_application"":""B"",""container_weight"":0,""net_weight"":""1"",""gross_weight"":0,""tax_type"":0,""excise_duty"":0,""tax1_label"":""CGST"",""tax2_label"":""SGST"",""tax3_label"":""IGST""},{""prev_price"":""2.500000"",""item_id"":""46281199"",""itemname"":""Ghaslet Bottle"",""qty"":120,""price"":2.5,""amount"":300,""discount"":""0.000"",""lbl_unit"":""Qty"",""unit"":""4907684"",""description"":"""",""hsn_code"":"""",""weighted_price"":2.5,""invoice_date"":""2026-07-01"",""sap_code"":"""",""purchase_doc_number"":"""",""purchase_invoice_number"":"""",""tax1"":0,""tax2"":0,""tax3"":0,""tax1_amount"":0,""tax2_amount"":0,""tax3_amount"":0,""expiry_date"":"""",""manufacturing_date"":"""",""actual_qty"":""700.000"",""actual_unit_id"":""2418165"",""actual_unit_name"":""Qty"",""sap_group_master_id"":0,""category"":""Packaging"",""yield_qty"":""0"",""discount_application"":""B"",""container_weight"":0,""net_weight"":""120"",""gross_weight"":0,""tax_type"":0,""excise_duty"":0,""tax1_label"":""CGST"",""tax2_label"":""SGST"",""tax3_label"":""IGST""},{""prev_price"":""571.420000"",""item_id"":""46281882"",""itemname"":""Vital Wheat Gluten 1kg"",""qty"":1,""price"":571.42,""amount"":571.42,""discount"":""0.000"",""lbl_unit"":""Kg"",""unit"":""4907667"",""description"":"""",""hsn_code"":"""",""weighted_price"":571.42,""invoice_date"":""2026-07-01"",""sap_code"":"""",""purchase_doc_number"":"""",""purchase_invoice_number"":"""",""tax1"":0,""tax2"":0,""tax3"":0,""tax1_amount"":0,""tax2_amount"":0,""tax3_amount"":0,""expiry_date"":"""",""manufacturing_date"":"""",""actual_qty"":""1.000"",""actual_unit_id"":""2418148"",""actual_unit_name"":""Kg"",""sap_group_master_id"":0,""category"":""Food"",""rmconv_qty"":""1000"",""rmconv_qty_total"":1000,""rmconv_unit_id"":""4907673"",""rmconv_unit"":""GM"",""yield_qty"":""0"",""discount_application"":""B"",""container_weight"":0,""net_weight"":""1"",""gross_weight"":0,""tax_type"":0,""excise_duty"":0,""tax1_label"":""CGST"",""tax2_label"":""SGST"",""tax3_label"":""IGST""},{""prev_price"":""145.000000"",""item_id"":""46281907"",""itemname"":""Water Chestnuts 567 Gm"",""qty"":5,""price"":145,""amount"":725,""discount"":""0.000"",""lbl_unit"":""Qty"",""unit"":""4907684"",""description"":"""",""hsn_code"":"""",""weighted_price"":145,""invoice_date"":""2026-07-01"",""sap_code"":"""",""purchase_doc_number"":"""",""purchase_invoice_number"":"""",""tax1"":0,""tax2"":0,""tax3"":0,""tax1_amount"":0,""tax2_amount"":0,""tax3_amount"":0,""expiry_date"":"""",""manufacturing_date"":"""",""actual_qty"":""5.000"",""actual_unit_id"":""2418165"",""actual_unit_name"":""Qty"",""sap_group_master_id"":0,""category"":""Food"",""yield_qty"":""0"",""discount_application"":""B"",""container_weight"":0,""net_weight"":""5"",""gross_weight"":0,""tax_type"":0,""excise_duty"":0,""tax1_label"":""CGST"",""tax2_label"":""SGST"",""tax3_label"":""IGST""},{""prev_price"":""155.240000"",""item_id"":""46281853"",""itemname"":""Aromat 500gm"",""qty"":4,""price"":155.24,""amount"":620.96,""discount"":""0.000"",""lbl_unit"":""Qty"",""unit"":""4907684"",""description"":"""",""hsn_code"":"""",""weighted_price"":155.24,""invoice_date"":""2026-07-01"",""sap_code"":"""",""purchase_doc_number"":"""",""purchase_invoice_number"":"""",""tax1"":0,""tax2"":0,""tax3"":0,""tax1_amount"":0,""tax2_amount"":0,""tax3_amount"":0,""expiry_date"":"""",""manufacturing_date"":"""",""actual_qty"":""4.000"",""actual_unit_id"":""2418165"",""actual_unit_name"":""Qty"",""sap_group_master_id"":0,""category"":""Food"",""yield_qty"":""0"",""discount_application"":""B"",""container_weight"":0,""net_weight"":""4"",""gross_weight"":0,""tax_type"":0,""excise_duty"":0,""tax1_label"":""CGST"",""tax2_label"":""SGST"",""tax3_label"":""IGST""},{""prev_price"":""1429.000000"",""item_id"":""46281898"",""itemname"":""Black Truffle Pate 90gm"",""qty"":1,""price"":1429,""amount"":1429,""discount"":""0.000"",""lbl_unit"":""Qty"",""unit"":""4907684"",""description"":"""",""hsn_code"":"""",""weighted_price"":1429,""invoice_date"":""2026-07-01"",""sap_code"":"""",""purchase_doc_number"":"""",""purchase_invoice_number"":"""",""tax1"":0,""tax2"":0,""tax3"":0,""tax1_amount"":0,""tax2_amount"":0,""tax3_amount"":0,""expiry_date"":"""",""manufacturing_date"":"""",""actual_qty"":""1.000"",""actual_unit_id"":""2418165"",""actual_unit_name"":""Qty"",""sap_group_master_id"":0,""category"":""Food"",""yield_qty"":""0"",""discount_application"":""B"",""container_weight"":0,""net_weight"":""1"",""gross_weight"":0,""tax_type"":0,""excise_duty"":0,""tax1_label"":""CGST"",""tax2_label"":""SGST"",""tax3_label"":""IGST""},{""prev_price"":""1400.000000"",""item_id"":""46282764"",""itemname"":""White Pepper Mari"",""qty"":1,""price"":1400,""amount"":1400,""discount"":""0.000"",""lbl_unit"":""Kg"",""unit"":""4907667"",""description"":"""",""hsn_code"":"""",""weighted_price"":1400,""invoice_date"":""2026-07-01"",""sap_code"":"""",""purchase_doc_number"":"""",""purchase_invoice_number"":"""",""tax1"":0,""tax2"":0,""tax3"":0,""tax1_amount"":0,""tax2_amount"":0,""tax3_amount"":0,""expiry_date"":"""",""manufacturing_date"":"""",""actual_qty"":""1.000"",""actual_unit_id"":""2418148"",""actual_unit_name"":""Kg"",""sap_group_master_id"":0,""category"":""Food"",""yield_qty"":""0"",""discount_application"":""B"",""container_weight"":0,""net_weight"":""1"",""gross_weight"":0,""tax_type"":0,""excise_duty"":0,""tax1_label"":""CGST"",""tax2_label"":""SGST"",""tax3_label"":""IGST""},{""prev_price"":""82.000000"",""item_id"":""46281622"",""itemname"":""Caster Sugar 1kg"",""qty"":2,""price"":82,""amount"":164,""discount"":""0.000"",""lbl_unit"":""Qty"",""unit"":""4907684"",""description"":"""",""hsn_code"":"""",""weighted_price"":82,""invoice_date"":""2026-07-01"",""sap_code"":"""",""purchase_doc_number"":"""",""purchase_invoice_number"":"""",""tax1"":0,""tax2"":0,""tax3"":0,""tax1_amount"":0,""tax2_amount"":0,""tax3_amount"":0,""expiry_date"":"""",""manufacturing_date"":"""",""actual_qty"":""2.000"",""actual_unit_id"":""2418165"",""actual_unit_name"":""Qty"",""sap_group_master_id"":0,""category"":""Food"",""yield_qty"":""0"",""discount_application"":""B"",""container_weight"":0,""net_weight"":""2"",""gross_weight"":0,""tax_type"":0,""excise_duty"":0,""tax1_label"":""CGST"",""tax2_label"":""SGST"",""tax3_label"":""IGST""},{""prev_price"":""780.000000"",""item_id"":""46281481"",""itemname"":""Black Pepper Powder"",""qty"":1,""price"":780,""amount"":780,""discount"":""0.000"",""lbl_unit"":""Kg"",""unit"":""4907667"",""description"":"""",""hsn_code"":"""",""weighted_price"":780,""invoice_date"":""2026-07-01"",""sap_code"":"""",""purchase_doc_number"":"""",""purchase_invoice_number"":"""",""tax1"":0,""tax2"":0,""tax3"":0,""tax1_amount"":0,""tax2_amount"":0,""tax3_amount"":0,""expiry_date"":"""",""manufacturing_date"":"""",""actual_qty"":""1.000"",""actual_unit_id"":""2418148"",""actual_unit_name"":""Kg"",""sap_group_master_id"":0,""category"":""Food"",""rmconv_qty"":""1000"",""rmconv_qty_total"":1000,""rmconv_unit_id"":""4907673"",""rmconv_unit"":""GM"",""yield_qty"":""0"",""discount_application"":""B"",""container_weight"":0,""net_weight"":""1"",""gross_weight"":0,""tax_type"":0,""excise_duty"":0,""tax1_label"":""CGST"",""tax2_label"":""SGST"",""tax3_label"":""IGST""},{""prev_price"":""72.029999"",""item_id"":""46281915"",""itemname"":""Gd Ajinomoto 500gm"",""qty"":5,""price"":72.029999,""amount"":360.15,""discount"":""0.000"",""lbl_unit"":""Qty"",""unit"":""4907684"",""description"":"""",""hsn_code"":"""",""weighted_price"":72.029999,""invoice_date"":""2026-07-01"",""sap_code"":"""",""purchase_doc_number"":"""",""purchase_invoice_number"":"""",""tax1"":0,""tax2"":0,""tax3"":0,""tax1_amount"":0,""tax2_amount"":0,""tax3_amount"":0,""expiry_date"":"""",""manufacturing_date"":"""",""actual_qty"":""5.000"",""actual_unit_id"":""2418165"",""actual_unit_name"":""Qty"",""sap_group_master_id"":0,""category"":""Food"",""yield_qty"":""0"",""discount_application"":""B"",""container_weight"":0,""net_weight"":""5"",""gross_weight"":0,""tax_type"":0,""excise_duty"":0,""tax1_label"":""CGST"",""tax2_label"":""SGST"",""tax3_label"":""IGST""},{""prev_price"":""544.170000"",""item_id"":""46281935"",""itemname"":""Mozzarella Cheese 1kg"",""qty"":7,""price"":544.17,""amount"":3809.19,""discount"":""0.000"",""lbl_unit"":""Qty"",""unit"":""4907684"",""description"":"""",""hsn_code"":"""",""weighted_price"":544.17,""invoice_date"":""2026-07-01"",""sap_code"":"""",""purchase_doc_number"":"""",""purchase_invoice_number"":"""",""tax1"":0,""tax2"":0,""tax3"":0,""tax1_amount"":0,""tax2_amount"":0,""tax3_amount"":0,""expiry_date"":"""",""manufacturing_date"":"""",""actual_qty"":""7.000"",""actual_unit_id"":""2418165"",""actual_unit_name"":""Qty"",""sap_group_master_id"":0,""category"":""Food"",""yield_qty"":""0"",""discount_application"":""B"",""pricing_method"":""0"",""container_weight"":0,""net_weight"":""7"",""gross_weight"":0,""tax_type"":0,""excise_duty"":0,""tax1_label"":""CGST"",""tax2_label"":""SGST"",""tax3_label"":""IGST""},{""prev_price"":""14.700000"",""item_id"":""46282201"",""itemname"":""1000 Ml Container"",""qty"":50,""price"":14.7,""amount"":735,""discount"":""0.000"",""lbl_unit"":""Qty"",""unit"":""4907684"",""description"":"""",""hsn_code"":"""",""weighted_price"":14.7,""invoice_date"":""2026-07-01"",""sap_code"":"""",""purchase_doc_number"":"""",""purchase_invoice_number"":"""",""tax1"":0,""tax2"":0,""tax3"":0,""tax1_amount"":0,""tax2_amount"":0,""tax3_amount"":0,""expiry_date"":"""",""manufacturing_date"":"""",""actual_qty"":""50.000"",""actual_unit_id"":""2418165"",""actual_unit_name"":""Qty"",""sap_group_master_id"":0,""category"":""Packaging"",""yield_qty"":""0"",""discount_application"":""B"",""container_weight"":0,""net_weight"":""50"",""gross_weight"":0,""tax_type"":0,""excise_duty"":0,""tax1_label"":""CGST"",""tax2_label"":""SGST"",""tax3_label"":""IGST""},{""prev_price"":""25.000000"",""item_id"":""46859899"",""itemname"":""Chilli Crisp Jar 250ml"",""qty"":6,""price"":25,""amount"":150,""discount"":""0.000"",""lbl_unit"":""Qty"",""unit"":""4907684"",""description"":"""",""hsn_code"":"""",""weighted_price"":25,""invoice_date"":""2026-07-01"",""sap_code"":"""",""purchase_doc_number"":"""",""purchase_invoice_number"":"""",""tax1"":0,""tax2"":0,""tax3"":0,""tax1_amount"":0,""tax2_amount"":0,""tax3_amount"":0,""expiry_date"":"""",""manufacturing_date"":"""",""actual_qty"":""6.000"",""actual_unit_id"":""2418165"",""actual_unit_name"":""Qty"",""sap_group_master_id"":0,""category"":""Food"",""yield_qty"":""0"",""discount_application"":""B"",""container_weight"":0,""net_weight"":""6"",""gross_weight"":0,""tax_type"":0,""excise_duty"":0,""tax1_label"":""CGST"",""tax2_label"":""SGST"",""tax3_label"":""IGST""},{""prev_price"":""232.500000"",""item_id"":""46281918"",""itemname"":""Fresh Cream 1ltr"",""qty"":12,""price"":232.5,""amount"":2790,""discount"":""0.000"",""lbl_unit"":""Qty"",""unit"":""4907684"",""description"":"""",""hsn_code"":"""",""weighted_price"":232.5,""invoice_date"":""2026-07-01"",""sap_code"":"""",""purchase_doc_number"":"""",""purchase_invoice_number"":"""",""tax1"":0,""tax2"":0,""tax3"":0,""tax1_amount"":0,""tax2_amount"":0,""tax3_amount"":0,""expiry_date"":"""",""manufacturing_date"":"""",""actual_qty"":""12.000"",""actual_unit_id"":""2418165"",""actual_unit_name"":""Qty"",""sap_group_master_id"":0,""category"":""Food"",""yield_qty"":""0"",""discount_application"":""B"",""container_weight"":0,""net_weight"":""12"",""gross_weight"":0,""tax_type"":0,""excise_duty"":0,""tax1_label"":""CGST"",""tax2_label"":""SGST"",""tax3_label"":""IGST""},{""prev_price"":""78.023000"",""item_id"":""46282613"",""itemname"":""Gold Milk 1 Ltr"",""qty"":12,""price"":78.023,""amount"":936.276,""discount"":""0.000"",""lbl_unit"":""Qty"",""unit"":""4907684"",""description"":"""",""hsn_code"":"""",""weighted_price"":78.023,""invoice_date"":""2026-07-01"",""sap_code"":"""",""purchase_doc_number"":"""",""purchase_invoice_number"":"""",""tax1"":0,""tax2"":0,""tax3"":0,""tax1_amount"":0,""tax2_amount"":0,""tax3_amount"":0,""expiry_date"":"""",""manufacturing_date"":"""",""actual_qty"":""12.000"",""actual_unit_id"":""2418165"",""actual_unit_name"":""Qty"",""sap_group_master_id"":0,""category"":""Food"",""yield_qty"":""0"",""discount_application"":""B"",""pricing_method"":""0"",""container_weight"":0,""net_weight"":""12"",""gross_weight"":0,""tax_type"":0,""excise_duty"":0,""tax1_label"":""CGST"",""tax2_label"":""SGST"",""tax3_label"":""IGST""},{""prev_price"":""466.790000"",""item_id"":""46281934"",""itemname"":""Buffalo Mozzarella Cheese 580gm"",""qty"":2,""price"":466.79,""amount"":933.58,""discount"":""0.000"",""lbl_unit"":""Qty"",""unit"":""4907684"",""description"":"""",""hsn_code"":"""",""weighted_price"":466.79,""invoice_date"":""2026-07-01"",""sap_code"":"""",""purchase_doc_number"":"""",""purchase_invoice_number"":"""",""tax1"":0,""tax2"":0,""tax3"":0,""tax1_amount"":0,""tax2_amount"":0,""tax3_amount"":0,""expiry_date"":"""",""manufacturing_date"":"""",""actual_qty"":""2.000"",""actual_unit_id"":""2418165"",""actual_unit_name"":""Qty"",""sap_group_master_id"":0,""category"":""Food"",""yield_qty"":""0"",""discount_application"":""B"",""pricing_method"":""0"",""container_weight"":0,""net_weight"":""2"",""gross_weight"":0,""tax_type"":0,""excise_duty"":0,""tax1_label"":""CGST"",""tax2_label"":""SGST"",""tax3_label"":""IGST""},{""prev_price"":""40.000000"",""item_id"":""46281903"",""itemname"":""Soya Plain Paneer 200gm"",""qty"":4,""price"":40,""amount"":160,""discount"":""0.000"",""lbl_unit"":""Qty"",""unit"":""4907684"",""description"":"""",""hsn_code"":"""",""weighted_price"":40,""invoice_date"":""2026-07-01"",""sap_code"":"""",""purchase_doc_number"":"""",""purchase_invoice_number"":"""",""tax1"":0,""tax2"":0,""tax3"":0,""tax1_amount"":0,""tax2_amount"":0,""tax3_amount"":0,""expiry_date"":"""",""manufacturing_date"":"""",""actual_qty"":""4.000"",""actual_unit_id"":""2418165"",""actual_unit_name"":""Qty"",""sap_group_master_id"":0,""category"":""Food"",""yield_qty"":""0"",""discount_application"":""B"",""container_weight"":0,""net_weight"":""4"",""gross_weight"":0,""tax_type"":0,""excise_duty"":0,""tax1_label"":""CGST"",""tax2_label"":""SGST"",""tax3_label"":""IGST""},{""prev_price"":""400.000000"",""item_id"":""46282207"",""itemname"":""Hand Wash 5ltr"",""qty"":1,""price"":400,""amount"":400,""discount"":""0.000"",""lbl_unit"":""Qty"",""unit"":""4907684"",""description"":"""",""hsn_code"":"""",""weighted_price"":400,""invoice_date"":""2026-07-01"",""sap_code"":"""",""purchase_doc_number"":"""",""purchase_invoice_number"":"""",""tax1"":0,""tax2"":0,""tax3"":0,""tax1_amount"":0,""tax2_amount"":0,""tax3_amount"":0,""expiry_date"":"""",""manufacturing_date"":"""",""actual_qty"":""1.000"",""actual_unit_id"":""2418165"",""actual_unit_name"":""Qty"",""sap_group_master_id"":0,""category"":""Housekeeping Liquids"",""yield_qty"":""0"",""discount_application"":""B"",""container_weight"":0,""net_weight"":""1"",""gross_weight"":0,""tax_type"":0,""excise_duty"":0,""tax1_label"":""CGST"",""tax2_label"":""SGST"",""tax3_label"":""IGST""},{""prev_price"":""290.000000"",""item_id"":""46282121"",""itemname"":""Laundry Detergent 5ltr"",""qty"":1,""price"":290,""amount"":290,""discount"":""0.000"",""lbl_unit"":""Qty"",""unit"":""4907684"",""description"":"""",""hsn_code"":"""",""weighted_price"":290,""invoice_date"":""2026-07-01"",""sap_code"":"""",""purchase_doc_number"":"""",""purchase_invoice_number"":"""",""tax1"":0,""tax2"":0,""tax3"":0,""tax1_amount"":0,""tax2_amount"":0,""tax3_amount"":0,""expiry_date"":"""",""manufacturing_date"":"""",""actual_qty"":""1.000"",""actual_unit_id"":""2418165"",""actual_unit_name"":""Qty"",""sap_group_master_id"":0,""category"":""Housekeeping Liquids"",""yield_qty"":""0"",""discount_application"":""B"",""container_weight"":0,""net_weight"":""1"",""gross_weight"":0,""tax_type"":0,""excise_duty"":0,""tax1_label"":""CGST"",""tax2_label"":""SGST"",""tax3_label"":""IGST""},{""prev_price"":""525.000000"",""item_id"":""46282208"",""itemname"":""Floor Cleaner 5ltr"",""qty"":1,""price"":525,""amount"":525,""discount"":""0.000"",""lbl_unit"":""Qty"",""unit"":""4907684"",""description"":"""",""hsn_code"":"""",""weighted_price"":525,""invoice_date"":""2026-07-01"",""sap_code"":"""",""purchase_doc_number"":"""",""purchase_invoice_number"":"""",""tax1"":0,""tax2"":0,""tax3"":0,""tax1_amount"":0,""tax2_amount"":0,""tax3_amount"":0,""expiry_date"":"""",""manufacturing_date"":"""",""actual_qty"":""1.000"",""actual_unit_id"":""2418165"",""actual_unit_name"":""Qty"",""sap_group_master_id"":0,""category"":""Housekeeping Liquids"",""yield_qty"":""0"",""discount_application"":""B"",""container_weight"":0,""net_weight"":""1"",""gross_weight"":0,""tax_type"":0,""excise_duty"":0,""tax1_label"":""CGST"",""tax2_label"":""SGST"",""tax3_label"":""IGST""},{""prev_price"":""90.000000"",""item_id"":""46282198"",""itemname"":""Green Garbage Bag 5kg"",""qty"":5,""price"":90,""amount"":450,""discount"":""0.000"",""lbl_unit"":""Kgs"",""unit"":""6630677"",""description"":"""",""hsn_code"":"""",""weighted_price"":90,""invoice_date"":""2026-07-01"",""sap_code"":"""",""purchase_doc_number"":"""",""purchase_invoice_number"":"""",""tax1"":0,""tax2"":0,""tax3"":0,""tax1_amount"":0,""tax2_amount"":0,""tax3_amount"":0,""expiry_date"":"""",""manufacturing_date"":"""",""actual_qty"":""1.000"",""actual_unit_id"":""4741262"",""actual_unit_name"":""Kgs"",""sap_group_master_id"":0,""category"":""Housekeeping Hygiene"",""yield_qty"":""0"",""discount_application"":""B"",""container_weight"":0,""net_weight"":""5"",""gross_weight"":0,""tax_type"":0,""excise_duty"":0,""tax1_label"":""CGST"",""tax2_label"":""SGST"",""tax3_label"":""IGST""},{""prev_price"":""85.000000"",""item_id"":""46282197"",""itemname"":""Black Garbage Bag 5kg"",""qty"":5,""price"":85,""amount"":425,""discount"":""0.000"",""lbl_unit"":""Kgs"",""unit"":""6630677"",""description"":"""",""hsn_code"":"""",""weighted_price"":85,""invoice_date"":""2026-07-01"",""sap_code"":"""",""purchase_doc_number"":"""",""purchase_invoice_number"":"""",""tax1"":0,""tax2"":0,""tax3"":0,""tax1_amount"":0,""tax2_amount"":0,""tax3_amount"":0,""expiry_date"":"""",""manufacturing_date"":"""",""actual_qty"":""1.000"",""actual_unit_id"":""4741262"",""actual_unit_name"":""Kgs"",""sap_group_master_id"":0,""category"":""Housekeeping Hygiene"",""yield_qty"":""0"",""discount_application"":""B"",""container_weight"":0,""net_weight"":""5"",""gross_weight"":0,""tax_type"":0,""excise_duty"":0,""tax1_label"":""CGST"",""tax2_label"":""SGST"",""tax3_label"":""IGST""},{""prev_price"":""32.000000"",""item_id"":""46282204"",""itemname"":""Scotch Brite"",""qty"":1,""price"":32,""amount"":32,""discount"":""0.000"",""lbl_unit"":""Qty"",""unit"":""4907684"",""description"":"""",""hsn_code"":"""",""weighted_price"":32,""invoice_date"":""2026-07-01"",""sap_code"":"""",""purchase_doc_number"":"""",""purchase_invoice_number"":"""",""tax1"":0,""tax2"":0,""tax3"":0,""tax1_amount"":0,""tax2_amount"":0,""tax3_amount"":0,""expiry_date"":"""",""manufacturing_date"":"""",""actual_qty"":""1.000"",""actual_unit_id"":""2418165"",""actual_unit_name"":""Qty"",""sap_group_master_id"":0,""category"":""Housekeeping Liquids"",""yield_qty"":""0"",""discount_application"":""B"",""container_weight"":0,""net_weight"":""1"",""gross_weight"":0,""tax_type"":0,""excise_duty"":0,""tax1_label"":""CGST"",""tax2_label"":""SGST"",""tax3_label"":""IGST""},{""prev_price"":""260.000000"",""item_id"":""46281205"",""itemname"":""Madhur Sugar 5 Kg"",""qty"":5,""price"":260,""amount"":1300,""discount"":""0.000"",""lbl_unit"":""Qty"",""unit"":""4907684"",""description"":"""",""hsn_code"":"""",""weighted_price"":260,""invoice_date"":""2026-07-01"",""sap_code"":"""",""purchase_doc_number"":"""",""purchase_invoice_number"":"""",""tax1"":0,""tax2"":0,""tax3"":0,""tax1_amount"":0,""tax2_amount"":0,""tax3_amount"":0,""expiry_date"":"""",""manufacturing_date"":"""",""actual_qty"":""5.000"",""actual_unit_id"":""2418165"",""actual_unit_name"":""Qty"",""sap_group_master_id"":0,""category"":""Food"",""yield_qty"":""0"",""discount_application"":""B"",""container_weight"":0,""net_weight"":""5"",""gross_weight"":0,""tax_type"":0,""excise_duty"":0,""tax1_label"":""CGST"",""tax2_label"":""SGST"",""tax3_label"":""IGST""},{""prev_price"":""2280.000000"",""item_id"":""46281932"",""itemname"":""00 Flour 20kg Bag"",""qty"":1,""price"":2280,""amount"":2280,""discount"":""0.000"",""lbl_unit"":""Qty"",""unit"":""4907684"",""description"":"""",""hsn_code"":"""",""weighted_price"":2280,""invoice_date"":""2026-07-01"",""sap_code"":"""",""purchase_doc_number"":"""",""purchase_invoice_number"":"""",""tax1"":0,""tax2"":0,""tax3"":0,""tax1_amount"":0,""tax2_amount"":0,""tax3_amount"":0,""expiry_date"":"""",""manufacturing_date"":"""",""actual_qty"":""1.000"",""actual_unit_id"":""2418165"",""actual_unit_name"":""Qty"",""sap_group_master_id"":0,""category"":""Food"",""yield_qty"":""0"",""discount_application"":""B"",""container_weight"":0,""net_weight"":""1"",""gross_weight"":0,""tax_type"":0,""excise_duty"":0,""tax1_label"":""CGST"",""tax2_label"":""SGST"",""tax3_label"":""IGST""}]",[],0,0,,,[],[],,,,,,,,,,,,,,,,,,,,,,,,,,,,,,,,,,,,,,,,,,,,,,,,,,,,,,,,,,,,,,,,,,,,,,,,,,,,,,,,,,,,,,,,,,,,,,,,,,,,,,,,,,,,,,,,,,,,,,,,,,,,,,,,,,,,,,,,,,,,,,,,,,,,,,,,,,,,,,,,,,,,,,,,,,,,,,,,,,,,,,,,,,,,,,,,,,,,,,,,,,,,,,,,,,,,,,,,,,,,,,,,,,,,,,,,,,,,,,,,,,,,,,,,,,,,,,,,,,,,,,,,,,,,,,,,,,,6a47f46c-3fb4-4f7e-bf9c-18cf3c009e87,60.0.130.169,,,,,,,,,,,,,,,,,,,,,,,,,,,,,,,,,,,,,,,,,,,,,,,,,,,,,,,,,,,,,,,,,,,,,,,,,,,,,,,,,,,,,,,,,,,,,,,,,,,,,,,,,,,,,,,,,,,,,,,,,,,,,,,,,,,,,,,,,,,,,,,,,,,,,,,,,,,,,,,,,,,,,,,,,,,,,,,,,,,,,,,,,,,,,,,,,,,,,,,,,,,,,,,,,,,,,,,,,,,,,,,,,,,,,,,,,,,,,,,,,,,,,,,,,,,,,,,,,,,,,,,,,,,,,,,,,,,,,,,,,,,,,,,,,,,,,,,,,,,,,,,,,,,,,,,,,,,,,,,,,,,,,,,,,,,,,,,,,,,,,,,,,,,,,,,,,,,,,,,,,,,,,,,,,,,,,,,,,,,,,,,,,,,,,,,,,,,,,,,,,,,,,,,,,,,,,,,,,,,,,,,,,,,,,,,,,,,,,,,,,,,,,,,,,,,,,,,,,,,,,,,,,,,,,,,,,
Surat Prep Kitchen,376017,133950179,From Sales,117546640,104,,2026-07-01,2743.2,0,Active,Unpaid,,2743.2,0,0,0,0.00,0,0,0,0,2026-07-03 23:12:00,2026-07-03 23:12:00,117185,Kitchen,,Surat,Surat Prep Kitchen,Gujarat,,"Gujarat Hira Bourse , Ichchapore",9016168269,,,,Surat,Surat Store,Kitchen,,Gujarat,,"1st Floor, Samanvay, Near Chandni Chowk, Gymkhana Rd, Piplod, Surat",9825184377,0,,1,PO0081012867,PO0081012867,1,,0,0,0,"[{""prev_price"":""170.000000"",""item_id"":""46282116"",""itemname"":""Coriander Powder 500gm"",""qty"":1,""price"":170,""amount"":170,""discount"":""0.000"",""lbl_unit"":""Qty"",""unit"":""4907684"",""description"":"""",""hsn_code"":"""",""weighted_price"":170,""invoice_date"":""2026-07-01"",""sap_code"":"""",""purchase_doc_number"":"""",""purchase_invoice_number"":"""",""tax1"":0,""tax2"":0,""tax3"":0,""tax1_amount"":0,""tax2_amount"":0,""tax3_amount"":0,""expiry_date"":"""",""manufacturing_date"":"""",""actual_qty"":""1.000"",""actual_unit_id"":""2418165"",""actual_unit_name"":""Qty"",""sap_group_master_id"":0,""category"":""Food"",""yield_qty"":""0"",""discount_application"":""B"",""container_weight"":0,""net_weight"":""1"",""gross_weight"":0,""tax_type"":0,""excise_duty"":0,""tax1_label"":""CGST"",""tax2_label"":""SGST"",""tax3_label"":""IGST""},{""prev_price"":""1650.000000"",""item_id"":""46282515"",""itemname"":""Ghost Pepper 454gm"",""qty"":1,""price"":1650,""amount"":1650,""discount"":""0.000"",""lbl_unit"":""Qty"",""unit"":""4907684"",""description"":"""",""hsn_code"":"""",""weighted_price"":1650,""invoice_date"":""2026-07-01"",""sap_code"":"""",""purchase_doc_number"":"""",""purchase_invoice_number"":"""",""tax1"":0,""tax2"":0,""tax3"":0,""tax1_amount"":0,""tax2_amount"":0,""tax3_amount"":0,""expiry_date"":"""",""manufacturing_date"":"""",""actual_qty"":""1.000"",""actual_unit_id"":""2418165"",""actual_unit_name"":""Qty"",""sap_group_master_id"":0,""category"":""Food"",""yield_qty"":""0"",""discount_application"":""B"",""container_weight"":0,""net_weight"":""1"",""gross_weight"":0,""tax_type"":0,""excise_duty"":0,""tax1_label"":""CGST"",""tax2_label"":""SGST"",""tax3_label"":""IGST""},{""prev_price"":""380.000000"",""item_id"":""46282785"",""itemname"":""Korean Gochugaru Pepper Flakes 500gm"",""qty"":1,""price"":380,""amount"":380,""discount"":""0.000"",""lbl_unit"":""Qty"",""unit"":""4907684"",""description"":"""",""hsn_code"":"""",""weighted_price"":380,""invoice_date"":""2026-07-01"",""sap_code"":"""",""purchase_doc_number"":"""",""purchase_invoice_number"":"""",""tax1"":0,""tax2"":0,""tax3"":0,""tax1_amount"":0,""tax2_amount"":0,""tax3_amount"":0,""expiry_date"":"""",""manufacturing_date"":"""",""actual_qty"":""1.000"",""actual_unit_id"":""2418165"",""actual_unit_name"":""Qty"",""sap_group_master_id"":0,""category"":""Food"",""yield_qty"":""0"",""discount_application"":""B"",""container_weight"":0,""net_weight"":""1"",""gross_weight"":0,""tax_type"":0,""excise_duty"":0,""tax1_label"":""CGST"",""tax2_label"":""SGST"",""tax3_label"":""IGST""},{""prev_price"":""16.100000"",""item_id"":""46281929"",""itemname"":""Synthetic Vinegar 650ml"",""qty"":12,""price"":16.1,""amount"":193.2,""discount"":""0.000"",""lbl_unit"":""Qty"",""unit"":""4907684"",""description"":"""",""hsn_code"":"""",""weighted_price"":16.1,""invoice_date"":""2026-07-01"",""sap_code"":"""",""purchase_doc_number"":"""",""purchase_invoice_number"":"""",""tax1"":0,""tax2"":0,""tax3"":0,""tax1_amount"":0,""tax2_amount"":0,""tax3_amount"":0,""expiry_date"":"""",""manufacturing_date"":"""",""actual_qty"":""12.000"",""actual_unit_id"":""2418165"",""actual_unit_name"":""Qty"",""sap_group_master_id"":0,""category"":""Food"",""yield_qty"":""0"",""discount_application"":""B"",""container_weight"":0,""net_weight"":""12"",""gross_weight"":0,""tax_type"":0,""excise_duty"":0,""tax1_label"":""CGST"",""tax2_label"":""SGST"",""tax3_label"":""IGST""},{""prev_price"":""350.000000"",""item_id"":""46281788"",""itemname"":""Chat Masala 500gm"",""qty"":1,""price"":350,""amount"":350,""discount"":""0.000"",""lbl_unit"":""Qty"",""unit"":""4907684"",""description"":"""",""hsn_code"":"""",""weighted_price"":350,""invoice_date"":""2026-07-01"",""sap_code"":"""",""purchase_doc_number"":"""",""purchase_invoice_number"":"""",""tax1"":0,""tax2"":0,""tax3"":0,""tax1_amount"":0,""tax2_amount"":0,""tax3_amount"":0,""expiry_date"":"""",""manufacturing_date"":"""",""actual_qty"":""1.000"",""actual_unit_id"":""2418165"",""actual_unit_name"":""Qty"",""sap_group_master_id"":0,""category"":""Food"",""yield_qty"":""0"",""discount_application"":""B"",""container_weight"":0,""net_weight"":""1"",""gross_weight"":0,""tax_type"":0,""excise_duty"":0,""tax1_label"":""CGST"",""tax2_label"":""SGST"",""tax3_label"":""IGST""}]",[],0,0,,,[],[],,,,,,,,,,,,,,,,,,,,,,,,,,,,,,,,,,,,,,,,,,,,,,,,,,,,,,,,,,,,,,,,,,,,,,,,,,,,,,,,,,,,,,,,,,,,,,,,,,,,,,,,,,,,,,,,,,,,,,,,,,,,,,,,,,,,,,,,,,,,,,,,,,,,,,,,,,,,,,,,,,,,,,,,,,,,,,,,,,,,,,,,,,,,,,,,,,,,,,,,,,,,,,,,,,,,,,,,,,,,,,,,,,,,,,,,,,,,,,,,,,,,,,,,,,,,,,,,,,,,,,,,,,,,,,,,,,,,,6a47f457-6dbc-4b44-a47c-16763c009e87,60.0.158.135,,,,,,,,,,,,,,,,,,,,,,,,,,,,,,,,,,,,,,,,,,,,,,,,,,,,,,,,,,,,,,,,,,,,,,,,,,,,,,,,,,,,,,,,,,,,,,,,,,,,,,,,,,,,,,,,,,,,,,,,,,,,,,,,,,,,,,,,,,,,,,,,,,,,,,,,,,,,,,,,,,,,,,,,,,,,,,,,,,,,,,,,,,,,,,,,,,,,,,,,,,,,,,,,,,,,,,,,,,,,,,,,,,,,,,,,,,,,,,,,,,,,,,,,,,,,,,,,,,,,,,,,,,,,,,,,,,,,,,,,,,,,,,,,,,,,,,,,,,,,,,,,,,,,,,,,,,,,,,,,,,,,,,,,,,,,,,,,,,,,,,,,,,,,,,,,,,,,,,,,,,,,,,,,,,,,,,,,,,,,,,,,,,,,,,,,,,,,,,,,,,,,,,,,,,,,,,,,,,,,,,,,,,,,,,,,,,,,,,,,,,,,,,,,,,,,,,,,,,,,,,,,,,,,,,,
Surat Prep Kitchen,376017,133950165,From Sales,117561328,103,,2026-07-01,250,0,Active,Unpaid,,250,0,0,0,0.00,0,0,0,0,2026-07-03 23:11:36,2026-07-03 23:11:36,117185,Kitchen,,Surat,Surat Prep Kitchen,Gujarat,,"Gujarat Hira Bourse , Ichchapore",9016168269,,,,Surat,Surat Store,Kitchen,,Gujarat,,"1st Floor, Samanvay, Near Chandni Chowk, Gymkhana Rd, Piplod, Surat",9825184377,0,,1,PO0081015272,PO0081015272,1,,0,0,0,"[{""item_id"":""46859899"",""itemname"":""Chilli Crisp Jar 250ml"",""qty"":10,""price"":25,""prev_price"":""25.000000"",""amount"":250,""discount"":""0.000"",""lbl_unit"":""Qty"",""unit"":""4907684"",""description"":"""",""hsn_code"":"""",""weighted_price"":25,""invoice_date"":""2026-07-01"",""sap_code"":"""",""purchase_doc_number"":"""",""purchase_invoice_number"":"""",""tax1"":0,""tax2"":0,""tax3"":0,""tax1_amount"":0,""tax2_amount"":0,""tax3_amount"":0,""expiry_date"":"""",""manufacturing_date"":"""",""actual_qty"":""10.000"",""actual_unit_id"":""2418165"",""actual_unit_name"":""Qty"",""sap_group_master_id"":0,""discount_application"":""B"",""container_weight"":0,""net_weight"":""10"",""gross_weight"":0,""category"":""Food"",""tax_type"":0,""excise_duty"":0,""tax1_label"":""CGST"",""tax2_label"":""SGST"",""tax3_label"":""IGST""}]",[],0,0,,,[],[],,,,,,,,,,,,,,,,,,,,,,,,,,,,,,,,,,,,,,,,,,,,,,,,,,,,,,,,,,,,,,,,,,,,,,,,,,,,,,,,,,,,,,,,,,,,,,,,,,,,,,,,,,,,,,,,,,,,,,,,,,,,,,,,,,,,,,,,,,,,,,,,,,,,,,,,,,,,,,,,,,,,,,,,,,,,,,,,,,,,,,,,,,,,,,,,,,,,,,,,,,,,,,,,,,,,,,,,,,,,,,,,,,,,,,,,,,,,,,,,,,,,,,,,,,,,,,,,,,,,,,,,,,,,,,,,,,,,,,,6a47f424-3ae0-4f34-8d96-5a8b3c0082a9,60.0.130.169,,,,,,,,,,,,,,,,,,,,,,,,,,,,,,,,,,,,,,,,,,,,,,,,,,,,,,,,,,,,,,,,,,,,,,,,,,,,,,,,,,,,,,,,,,,,,,,,,,,,,,,,,,,,,,,,,,,,,,,,,,,,,,,,,,,,,,,,,,,,,,,,,,,,,,,,,,,,,,,,,,,,,,,,,,,,,,,,,,,,,,,,,,,,,,,,,,,,,,,,,,,,,,,,,,,,,,,,,,,,,,,,,,,,,,,,,,,,,,,,,,,,,,,,,,,,,,,,,,,,,,,,,,,,,,,,,,,,,,,,,,,,,,,,,,,,,,,,,,,,,,,,,,,,,,,,,,,,,,,,,,,,,,,,,,,,,,,,,,,,,,,,,,,,,,,,,,,,,,,,,,,,,,,,,,,,,,,,,,,,,,,,,,,,,,,,,,,,,,,,,,,,,,,,,,,,,,,,,,,,,,,,,,,,,,,,,,,,,,,,,,,,,,,,,,,,,,,,,,,,,,,,,,,,,
Surat Prep Kitchen,376017,133950064,From Sales,117622681,102,,2026-07-02,20368.578,0,Active,Unpaid,,20368.578,0,0,0,0.00,0,0,0,0,2026-07-03 23:10:18,2026-07-03 23:10:18,117185,Kitchen,,Surat,Surat Prep Kitchen,Gujarat,,"Gujarat Hira Bourse , Ichchapore",9016168269,,,,Surat,Surat Store,Kitchen,,Gujarat,,"1st Floor, Samanvay, Near Chandni Chowk, Gymkhana Rd, Piplod, Surat",9825184377,0,,1,PO0081024827,PO0081024827,1,,0,0,0,"[{""prev_price"":""544.170000"",""item_id"":""46281935"",""itemname"":""Mozzarella Cheese 1kg"",""qty"":13,""price"":544.17,""amount"":7074.21,""discount"":""0.000"",""lbl_unit"":""Qty"",""unit"":""4907684"",""description"":"""",""hsn_code"":"""",""weighted_price"":544.17,""invoice_date"":""2026-07-02"",""sap_code"":"""",""purchase_doc_number"":"""",""purchase_invoice_number"":"""",""tax1"":0,""tax2"":0,""tax3"":0,""tax1_amount"":0,""tax2_amount"":0,""tax3_amount"":0,""expiry_date"":"""",""manufacturing_date"":"""",""actual_qty"":""13.000"",""actual_unit_id"":""2418165"",""actual_unit_name"":""Qty"",""sap_group_master_id"":0,""category"":""Food"",""yield_qty"":""0"",""discount_application"":""B"",""pricing_method"":""0"",""container_weight"":0,""net_weight"":""13"",""gross_weight"":0,""tax_type"":0,""excise_duty"":0,""tax1_label"":""CGST"",""tax2_label"":""SGST"",""tax3_label"":""IGST""},{""prev_price"":""2280.000000"",""item_id"":""46281932"",""itemname"":""00 Flour 20kg Bag"",""qty"":2,""price"":2280,""amount"":4560,""discount"":""0.000"",""lbl_unit"":""Qty"",""unit"":""4907684"",""description"":"""",""hsn_code"":"""",""weighted_price"":2280,""invoice_date"":""2026-07-02"",""sap_code"":"""",""purchase_doc_number"":"""",""purchase_invoice_number"":"""",""tax1"":0,""tax2"":0,""tax3"":0,""tax1_amount"":0,""tax2_amount"":0,""tax3_amount"":0,""expiry_date"":"""",""manufacturing_date"":"""",""actual_qty"":""2.000"",""actual_unit_id"":""2418165"",""actual_unit_name"":""Qty"",""sap_group_master_id"":0,""category"":""Food"",""yield_qty"":""0"",""discount_application"":""B"",""container_weight"":0,""net_weight"":""2"",""gross_weight"":0,""tax_type"":0,""excise_duty"":0,""tax1_label"":""CGST"",""tax2_label"":""SGST"",""tax3_label"":""IGST""},{""prev_price"":""145.000000"",""item_id"":""46281907"",""itemname"":""Water Chestnuts 567 Gm"",""qty"":3,""price"":145,""amount"":435,""discount"":""0.000"",""lbl_unit"":""Qty"",""unit"":""4907684"",""description"":"""",""hsn_code"":"""",""weighted_price"":145,""invoice_date"":""2026-07-02"",""sap_code"":"""",""purchase_doc_number"":"""",""purchase_invoice_number"":"""",""tax1"":0,""tax2"":0,""tax3"":0,""tax1_amount"":0,""tax2_amount"":0,""tax3_amount"":0,""expiry_date"":"""",""manufacturing_date"":"""",""actual_qty"":""3.000"",""actual_unit_id"":""2418165"",""actual_unit_name"":""Qty"",""sap_group_master_id"":0,""category"":""Food"",""yield_qty"":""0"",""discount_application"":""B"",""container_weight"":0,""net_weight"":""3"",""gross_weight"":0,""tax_type"":0,""excise_duty"":0,""tax1_label"":""CGST"",""tax2_label"":""SGST"",""tax3_label"":""IGST""},{""prev_price"":""215.000000"",""item_id"":""46282196"",""itemname"":""M Size Hand Gloves Nitrile"",""qty"":2,""price"":215,""amount"":430,""discount"":""0.000"",""lbl_unit"":""Qty"",""unit"":""4907684"",""description"":"""",""hsn_code"":"""",""weighted_price"":215,""invoice_date"":""2026-07-02"",""sap_code"":"""",""purchase_doc_number"":"""",""purchase_invoice_number"":"""",""tax1"":0,""tax2"":0,""tax3"":0,""tax1_amount"":0,""tax2_amount"":0,""tax3_amount"":0,""expiry_date"":"""",""manufacturing_date"":"""",""actual_qty"":""2.000"",""actual_unit_id"":""2418165"",""actual_unit_name"":""Qty"",""sap_group_master_id"":0,""category"":""Housekeeping Hygiene"",""yield_qty"":""0"",""discount_application"":""B"",""container_weight"":0,""net_weight"":""2"",""gross_weight"":0,""tax_type"":0,""excise_duty"":0,""tax1_label"":""CGST"",""tax2_label"":""SGST"",""tax3_label"":""IGST""},{""prev_price"":""232.500000"",""item_id"":""46281918"",""itemname"":""Fresh Cream 1ltr"",""qty"":12,""price"":232.5,""amount"":2790,""discount"":""0.000"",""lbl_unit"":""Qty"",""unit"":""4907684"",""description"":"""",""hsn_code"":"""",""weighted_price"":232.5,""invoice_date"":""2026-07-02"",""sap_code"":"""",""purchase_doc_number"":"""",""purchase_invoice_number"":"""",""tax1"":0,""tax2"":0,""tax3"":0,""tax1_amount"":0,""tax2_amount"":0,""tax3_amount"":0,""expiry_date"":"""",""manufacturing_date"":"""",""actual_qty"":""12.000"",""actual_unit_id"":""2418165"",""actual_unit_name"":""Qty"",""sap_group_master_id"":0,""category"":""Food"",""yield_qty"":""0"",""discount_application"":""B"",""container_weight"":0,""net_weight"":""12"",""gross_weight"":0,""tax_type"":0,""excise_duty"":0,""tax1_label"":""CGST"",""tax2_label"":""SGST"",""tax3_label"":""IGST""},{""prev_price"":""29.000000"",""item_id"":""46282592"",""itemname"":""Salt 1kg"",""qty"":2,""price"":29,""amount"":58,""discount"":""0.000"",""lbl_unit"":""Qty"",""unit"":""4907684"",""description"":"""",""hsn_code"":"""",""weighted_price"":29,""invoice_date"":""2026-07-02"",""sap_code"":"""",""purchase_doc_number"":"""",""purchase_invoice_number"":"""",""tax1"":0,""tax2"":0,""tax3"":0,""tax1_amount"":0,""tax2_amount"":0,""tax3_amount"":0,""expiry_date"":"""",""manufacturing_date"":"""",""actual_qty"":""2.000"",""actual_unit_id"":""2418165"",""actual_unit_name"":""Qty"",""sap_group_master_id"":0,""category"":""Food"",""yield_qty"":""0"",""discount_application"":""B"",""container_weight"":0,""net_weight"":""2"",""gross_weight"":0,""tax_type"":0,""excise_duty"":0,""tax1_label"":""CGST"",""tax2_label"":""SGST"",""tax3_label"":""IGST""},{""prev_price"":""89.250000"",""item_id"":""46281906"",""itemname"":""Baking Soda 1kg"",""qty"":2,""price"":89.25,""amount"":178.5,""discount"":""0.000"",""lbl_unit"":""Qty"",""unit"":""4907684"",""description"":"""",""hsn_code"":"""",""weighted_price"":89.25,""invoice_date"":""2026-07-02"",""sap_code"":"""",""purchase_doc_number"":"""",""purchase_invoice_number"":"""",""tax1"":0,""tax2"":0,""tax3"":0,""tax1_amount"":0,""tax2_amount"":0,""tax3_amount"":0,""expiry_date"":"""",""manufacturing_date"":"""",""actual_qty"":""2.000"",""actual_unit_id"":""2418165"",""actual_unit_name"":""Qty"",""sap_group_master_id"":0,""category"":""Food"",""yield_qty"":""0"",""discount_application"":""B"",""container_weight"":0,""net_weight"":""2"",""gross_weight"":0,""tax_type"":0,""excise_duty"":0,""tax1_label"":""CGST"",""tax2_label"":""SGST"",""tax3_label"":""IGST""},{""prev_price"":""566.670000"",""item_id"":""46281108"",""itemname"":""Milk Powder 1kg"",""qty"":1,""price"":566.67,""amount"":566.67,""discount"":""0.000"",""lbl_unit"":""Qty"",""unit"":""4907684"",""description"":"""",""hsn_code"":"""",""weighted_price"":566.67,""invoice_date"":""2026-07-02"",""sap_code"":"""",""purchase_doc_number"":"""",""purchase_invoice_number"":"""",""tax1"":0,""tax2"":0,""tax3"":0,""tax1_amount"":0,""tax2_amount"":0,""tax3_amount"":0,""expiry_date"":"""",""manufacturing_date"":"""",""actual_qty"":""1.000"",""actual_unit_id"":""2418165"",""actual_unit_name"":""Qty"",""sap_group_master_id"":0,""category"":""Food"",""yield_qty"":""0"",""discount_application"":""B"",""container_weight"":0,""net_weight"":""1"",""gross_weight"":0,""tax_type"":0,""excise_duty"":0,""tax1_label"":""CGST"",""tax2_label"":""SGST"",""tax3_label"":""IGST""},{""prev_price"":""177.000000"",""item_id"":""46282192"",""itemname"":""Kitchen Roll"",""qty"":2,""price"":177,""amount"":354,""discount"":""0.000"",""lbl_unit"":""Qty"",""unit"":""4907684"",""description"":"""",""hsn_code"":"""",""weighted_price"":177,""invoice_date"":""2026-07-02"",""sap_code"":"""",""purchase_doc_number"":"""",""purchase_invoice_number"":"""",""tax1"":0,""tax2"":0,""tax3"":0,""tax1_amount"":0,""tax2_amount"":0,""tax3_amount"":0,""expiry_date"":"""",""manufacturing_date"":"""",""actual_qty"":""2.000"",""actual_unit_id"":""2418165"",""actual_unit_name"":""Qty"",""sap_group_master_id"":0,""category"":""Housekeeping Hygiene"",""yield_qty"":""0"",""discount_application"":""B"",""container_weight"":0,""net_weight"":""2"",""gross_weight"":0,""tax_type"":0,""excise_duty"":0,""tax1_label"":""CGST"",""tax2_label"":""SGST"",""tax3_label"":""IGST""},{""prev_price"":""425.000000"",""item_id"":""46282147"",""itemname"":""Cling Film"",""qty"":1,""price"":425,""amount"":425,""discount"":""0.000"",""lbl_unit"":""Qty"",""unit"":""4907684"",""description"":"""",""hsn_code"":"""",""weighted_price"":425,""invoice_date"":""2026-07-02"",""sap_code"":"""",""purchase_doc_number"":"""",""purchase_invoice_number"":"""",""tax1"":0,""tax2"":0,""tax3"":0,""tax1_amount"":0,""tax2_amount"":0,""tax3_amount"":0,""expiry_date"":"""",""manufacturing_date"":"""",""actual_qty"":""1.000"",""actual_unit_id"":""2418165"",""actual_unit_name"":""Qty"",""sap_group_master_id"":0,""category"":""Packaging"",""yield_qty"":""0"",""discount_application"":""B"",""container_weight"":0,""net_weight"":""1"",""gross_weight"":0,""tax_type"":0,""excise_duty"":0,""tax1_label"":""CGST"",""tax2_label"":""SGST"",""tax3_label"":""IGST""},{""prev_price"":""20.000000"",""item_id"":""46281746"",""itemname"":""Masking Tape 6pcs"",""qty"":1,""price"":20,""amount"":20,""discount"":""0.000"",""lbl_unit"":""Qty"",""unit"":""4907684"",""description"":"""",""hsn_code"":"""",""weighted_price"":20,""invoice_date"":""2026-07-02"",""sap_code"":"""",""purchase_doc_number"":"""",""purchase_invoice_number"":"""",""tax1"":0,""tax2"":0,""tax3"":0,""tax1_amount"":0,""tax2_amount"":0,""tax3_amount"":0,""expiry_date"":"""",""manufacturing_date"":"""",""actual_qty"":""1.000"",""actual_unit_id"":""2418165"",""actual_unit_name"":""Qty"",""sap_group_master_id"":0,""category"":""Packaging"",""yield_qty"":""0"",""discount_application"":""B"",""container_weight"":0,""net_weight"":""1"",""gross_weight"":0,""tax_type"":0,""excise_duty"":0,""tax1_label"":""CGST"",""tax2_label"":""SGST"",""tax3_label"":""IGST""},{""prev_price"":""78.023000"",""item_id"":""46282613"",""itemname"":""Gold Milk 1 Ltr"",""qty"":12,""price"":78.023,""amount"":936.276,""discount"":""0.000"",""lbl_unit"":""Qty"",""unit"":""4907684"",""description"":"""",""hsn_code"":"""",""weighted_price"":78.023,""invoice_date"":""2026-07-02"",""sap_code"":"""",""purchase_doc_number"":"""",""purchase_invoice_number"":"""",""tax1"":0,""tax2"":0,""tax3"":0,""tax1_amount"":0,""tax2_amount"":0,""tax3_amount"":0,""expiry_date"":"""",""manufacturing_date"":"""",""actual_qty"":""12.000"",""actual_unit_id"":""2418165"",""actual_unit_name"":""Qty"",""sap_group_master_id"":0,""category"":""Food"",""yield_qty"":""0"",""discount_application"":""B"",""pricing_method"":""0"",""container_weight"":0,""net_weight"":""12"",""gross_weight"":0,""tax_type"":0,""excise_duty"":0,""tax1_label"":""CGST"",""tax2_label"":""SGST"",""tax3_label"":""IGST""},{""prev_price"":""169.492000"",""item_id"":""46282156"",""itemname"":""Ecobake"",""qty"":1,""price"":169.492,""amount"":169.492,""discount"":""0.000"",""lbl_unit"":""Qty"",""unit"":""4907684"",""description"":"""",""hsn_code"":"""",""weighted_price"":169.492,""invoice_date"":""2026-07-02"",""sap_code"":"""",""purchase_doc_number"":"""",""purchase_invoice_number"":"""",""tax1"":0,""tax2"":0,""tax3"":0,""tax1_amount"":0,""tax2_amount"":0,""tax3_amount"":0,""expiry_date"":"""",""manufacturing_date"":"""",""actual_qty"":""1.000"",""actual_unit_id"":""2418165"",""actual_unit_name"":""Qty"",""sap_group_master_id"":0,""category"":""Packaging"",""yield_qty"":""0"",""discount_application"":""B"",""container_weight"":0,""net_weight"":""1"",""gross_weight"":0,""tax_type"":0,""excise_duty"":0,""tax1_label"":""CGST"",""tax2_label"":""SGST"",""tax3_label"":""IGST""},{""prev_price"":""2371.430000"",""item_id"":""46281663"",""itemname"":""Sunflower Refined Oil 13kg"",""qty"":1,""price"":2371.43,""amount"":2371.43,""discount"":""0.000"",""lbl_unit"":""Qty"",""unit"":""4907684"",""description"":"""",""hsn_code"":"""",""weighted_price"":2371.43,""invoice_date"":""2026-07-02"",""sap_code"":"""",""purchase_doc_number"":"""",""purchase_invoice_number"":"""",""tax1"":0,""tax2"":0,""tax3"":0,""tax1_amount"":0,""tax2_amount"":0,""tax3_amount"":0,""expiry_date"":"""",""manufacturing_date"":"""",""actual_qty"":""1.000"",""actual_unit_id"":""2418165"",""actual_unit_name"":""Qty"",""sap_group_master_id"":0,""category"":""Food"",""yield_qty"":""0"",""discount_application"":""B"",""container_weight"":0,""net_weight"":""1"",""gross_weight"":0,""tax_type"":0,""excise_duty"":0,""tax1_label"":""CGST"",""tax2_label"":""SGST"",""tax3_label"":""IGST""}]",[],0,0,,,[],[],,,,,,,,,,,,,,,,,,,,,,,,,,,,,,,,,,,,,,,,,,,,,,,,,,,,,,,,,,,,,,,,,,,,,,,,,,,,,,,,,,,,,,,,,,,,,,,,,,,,,,,,,,,,,,,,,,,,,,,,,,,,,,,,,,,,,,,,,,,,,,,,,,,,,,,,,,,,,,,,,,,,,,,,,,,,,,,,,,,,,,,,,,,,,,,,,,,,,,,,,,,,,,,,,,,,,,,,,,,,,,,,,,,,,,,,,,,,,,,,,,,,,,,,,,,,,,,,,,,,,,,,,,,,,,,,,,,,,,,,,6a47f3d6-5318-4315-9eb1-673a3c0082a9,60.0.130.169,,,,,,,,,,,,,,,,,,,,,,,,,,,,,,,,,,,,,,,,,,,,,,,,,,,,,,,,,,,,,,,,,,,,,,,,,,,,,,,,,,,,,,,,,,,,,,,,,,,,,,,,,,,,,,,,,,,,,,,,,,,,,,,,,,,,,,,,,,,,,,,,,,,,,,,,,,,,,,,,,,,,,,,,,,,,,,,,,,,,,,,,,,,,,,,,,,,,,,,,,,,,,,,,,,,,,,,,,,,,,,,,,,,,,,,,,,,,,,,,,,,,,,,,,,,,,,,,,,,,,,,,,,,,,,,,,,,,,,,,,,,,,,,,,,,,,,,,,,,,,,,,,,,,,,,,,,,,,,,,,,,,,,,,,,,,,,,,,,,,,,,,,,,,,,,,,,,,,,,,,,,,,,,,,,,,,,,,,,,,,,,,,,,,,,,,,,,,,,,,,,,,,,,,,,,,,,,,,,,,,,,,,,,,,,,,,,,,,,,,,,,,,,,,,,,,,,,,,,,,,,,,,,,
Surat Prep Kitchen,376017,133949998,From Sales,117659196,101,,2026-07-02,164,0,Active,Unpaid,,164,0,0,0,0.00,0,0,0,0,2026-07-03 23:09:24,2026-07-03 23:09:24,117185,Kitchen,,Surat,Surat Prep Kitchen,Gujarat,,"Gujarat Hira Bourse , Ichchapore",9016168269,,,,Surat,Surat Store,Kitchen,,Gujarat,,"1st Floor, Samanvay, Near Chandni Chowk, Gymkhana Rd, Piplod, Surat",9825184377,0,,1,PO0081031861,PO0081031861,1,,0,0,0,"[{""prev_price"":""20.000000"",""item_id"":""46282074"",""itemname"":""Acid Bottle 1ltr"",""qty"":4,""price"":20,""amount"":80,""discount"":""0.000"",""lbl_unit"":""Qty"",""unit"":""4907684"",""description"":"""",""hsn_code"":"""",""weighted_price"":20,""invoice_date"":""2026-07-02"",""sap_code"":"""",""purchase_doc_number"":"""",""purchase_invoice_number"":"""",""tax1"":0,""tax2"":0,""tax3"":0,""tax1_amount"":0,""tax2_amount"":0,""tax3_amount"":0,""expiry_date"":"""",""manufacturing_date"":"""",""actual_qty"":""4.000"",""actual_unit_id"":""2418165"",""actual_unit_name"":""Qty"",""sap_group_master_id"":0,""category"":""Housekeeping Liquids"",""yield_qty"":""0"",""discount_application"":""B"",""container_weight"":0,""net_weight"":""4"",""gross_weight"":0,""tax_type"":0,""excise_duty"":0,""tax1_label"":""CGST"",""tax2_label"":""SGST"",""tax3_label"":""IGST""},{""prev_price"":""21.000000"",""item_id"":""46282007"",""itemname"":""Drainex Powder"",""qty"":4,""price"":21,""amount"":84,""discount"":""0.000"",""lbl_unit"":""Qty"",""unit"":""4907684"",""description"":"""",""hsn_code"":"""",""weighted_price"":21,""invoice_date"":""2026-07-02"",""sap_code"":"""",""purchase_doc_number"":"""",""purchase_invoice_number"":"""",""tax1"":0,""tax2"":0,""tax3"":0,""tax1_amount"":0,""tax2_amount"":0,""tax3_amount"":0,""expiry_date"":"""",""manufacturing_date"":"""",""actual_qty"":""4.000"",""actual_unit_id"":""2418165"",""actual_unit_name"":""Qty"",""sap_group_master_id"":0,""category"":""Housekeeping Liquids"",""yield_qty"":""0"",""discount_application"":""B"",""container_weight"":0,""net_weight"":""4"",""gross_weight"":0,""tax_type"":0,""excise_duty"":0,""tax1_label"":""CGST"",""tax2_label"":""SGST"",""tax3_label"":""IGST""}]",[],0,0,,,[],[],,,,,,,,,,,,,,,,,,,,,,,,,,,,,,,,,,,,,,,,,,,,,,,,,,,,,,,,,,,,,,,,,,,,,,,,,,,,,,,,,,,,,,,,,,,,,,,,,,,,,,,,,,,,,,,,,,,,,,,,,,,,,,,,,,,,,,,,,,,,,,,,,,,,,,,,,,,,,,,,,,,,,,,,,,,,,,,,,,,,,,,,,,,,,,,,,,,,,,,,,,,,,,,,,,,,,,,,,,,,,,,,,,,,,,,,,,,,,,,,,,,,,,,,,,,,,,,,,,,,,,,,,,,,,,,,,,,,,,,,,,,6a47f3b0-1644-4050-a0e8-10033c009e87,60.0.130.169,,,,,,,,,,,,,,,,,,,,,,,,,,,,,,,,,,,,,,,,,,,,,,,,,,,,,,,,,,,,,,,,,,,,,,,,,,,,,,,,,,,,,,,,,,,,,,,,,,,,,,,,,,,,,,,,,,,,,,,,,,,,,,,,,,,,,,,,,,,,,,,,,,,,,,,,,,,,,,,,,,,,,,,,,,,,,,,,,,,,,,,,,,,,,,,,,,,,,,,,,,,,,,,,,,,,,,,,,,,,,,,,,,,,,,,,,,,,,,,,,,,,,,,,,,,,,,,,,,,,,,,,,,,,,,,,,,,,,,,,,,,,,,,,,,,,,,,,,,,,,,,,,,,,,,,,,,,,,,,,,,,,,,,,,,,,,,,,,,,,,,,,,,,,,,,,,,,,,,,,,,,,,,,,,,,,,,,,,,,,,,,,,,,,,,,,,,,,,,,,,,,,,,,,,,,,,,,,,,,,,,,,,,,,,,,,,,,,,,,,,,,,,,,,,,,,,,,,,,,,,,,,,
Surat Prep Kitchen,376017,133949912,From Sales,117669357,100,,2026-07-02,1200,0,Active,Unpaid,,1200,0,0,0,0.00,0,0,0,0,2026-07-03 23:08:53,2026-07-03 23:08:53,117185,Kitchen,,Surat,Surat Prep Kitchen,Gujarat,,"Gujarat Hira Bourse , Ichchapore",9016168269,,,,Surat,Surat Store,Kitchen,,Gujarat,,"1st Floor, Samanvay, Near Chandni Chowk, Gymkhana Rd, Piplod, Surat",9825184377,0,,1,,,1,,0,0,0,"[{""prev_price"":""30.000000"",""item_id"":""46282623"",""itemname"":""Ice Cubes"",""qty"":40,""price"":30,""amount"":1200,""discount"":""0.000"",""lbl_unit"":""Kg"",""unit"":""4907667"",""description"":"""",""hsn_code"":"""",""weighted_price"":30,""invoice_date"":""2026-07-02"",""sap_code"":"""",""purchase_doc_number"":"""",""purchase_invoice_number"":"""",""tax1"":0,""tax2"":0,""tax3"":0,""tax1_amount"":0,""tax2_amount"":0,""tax3_amount"":0,""expiry_date"":"""",""manufacturing_date"":"""",""sap_group_master_id"":0,""category"":""Packaging"",""rmconv_qty"":""1000"",""rmconv_qty_total"":40000,""rmconv_unit_id"":""4907673"",""rmconv_unit"":""GM"",""yield_qty"":""0"",""discount_application"":""B"",""container_weight"":0,""net_weight"":""40"",""gross_weight"":0,""tax_type"":0,""excise_duty"":0,""tax1_label"":""CGST"",""tax2_label"":""SGST"",""tax3_label"":""IGST""}]",[],0,0,,,[],[],,,,,,,,,,,,,,,,,,,,,,,,,,,,,,,,,,,,,,,,,,,,,,,,,,,,,,,,,,,,,,,,,,,,,,,,,,,,,,,,,,,,,,,,,,,,,,,,,,,,,,,,,,,,,,,,,,,,,,,,,,,,,,,,,,,,,,,,,,,,,,,,,,,,,,,,,,,,,,,,,,,,,,,,,,,,,,,,,,,,,,,,,,,,,,,,,,,,,,,,,,,,,,,,,,,,,,,,,,,,,,,,,,,,,,,,,,,,,,,,,,,,,,,,,,,,,,,,,,,,,,,,,,,,,,,,,,,,,,,,,,,,,6a47f398-af44-4610-9b70-107a3c009e87,60.0.130.169,,,,,,,,,,,,,,,,,,,,,,,,,,,,,,,,,,,,,,,,,,,,,,,,,,,,,,,,,,,,,,,,,,,,,,,,,,,,,,,,,,,,,,,,,,,,,,,,,,,,,,,,,,,,,,,,,,,,,,,,,,,,,,,,,,,,,,,,,,,,,,,,,,,,,,,,,,,,,,,,,,,,,,,,,,,,,,,,,,,,,,,,,,,,,,,,,,,,,,,,,,,,,,,,,,,,,,,,,,,,,,,,,,,,,,,,,,,,,,,,,,,,,,,,,,,,,,,,,,,,,,,,,,,,,,,,,,,,,,,,,,,,,,,,,,,,,,,,,,,,,,,,,,,,,,,,,,,,,,,,,,,,,,,,,,,,,,,,,,,,,,,,,,,,,,,,,,,,,,,,,,,,,,,,,,,,,,,,,,,,,,,,,,,,,,,,,,,,,,,,,,,,,,,,,,,,,,,,,,,,,,,,,,,,,,,,,,,,,,,,,,,,,,,,,,,,,,,,,,,,,,,
Surat Prep Kitchen,376017,133949889,From Sales,117714342,99,,2026-07-03,24355.976,0,Active,Unpaid,,24355.976,0,0,0,0.00,0,0,0,0,2026-07-03 23:08:28,2026-07-03 23:08:28,117185,Kitchen,,Surat,Surat Prep Kitchen,Gujarat,,"Gujarat Hira Bourse , Ichchapore",9016168269,,,,Surat,Surat Store,Kitchen,,Gujarat,,"1st Floor, Samanvay, Near Chandni Chowk, Gymkhana Rd, Piplod, Surat",9825184377,0,,1,PO0081042027,PO0081042027,1,,0,0,0,"[{""prev_price"":""466.790000"",""item_id"":""46281934"",""itemname"":""Buffalo Mozzarella Cheese 580gm"",""qty"":2,""price"":466.79,""amount"":933.58,""discount"":""0.000"",""lbl_unit"":""Qty"",""unit"":""4907684"",""description"":"""",""hsn_code"":"""",""weighted_price"":466.79,""invoice_date"":""2026-07-03"",""sap_code"":"""",""purchase_doc_number"":"""",""purchase_invoice_number"":"""",""tax1"":0,""tax2"":0,""tax3"":0,""tax1_amount"":0,""tax2_amount"":0,""tax3_amount"":0,""expiry_date"":"""",""manufacturing_date"":"""",""actual_qty"":""2.000"",""actual_unit_id"":""2418165"",""actual_unit_name"":""Qty"",""sap_group_master_id"":0,""category"":""Food"",""yield_qty"":""0"",""discount_application"":""B"",""pricing_method"":""0"",""container_weight"":0,""net_weight"":""2"",""gross_weight"":0,""tax_type"":0,""excise_duty"":0,""tax1_label"":""CGST"",""tax2_label"":""SGST"",""tax3_label"":""IGST""},{""prev_price"":""544.170000"",""item_id"":""46281935"",""itemname"":""Mozzarella Cheese 1kg"",""qty"":6,""price"":544.17,""amount"":3265.02,""discount"":""0.000"",""lbl_unit"":""Qty"",""unit"":""4907684"",""description"":"""",""hsn_code"":"""",""weighted_price"":544.17,""invoice_date"":""2026-07-03"",""sap_code"":"""",""purchase_doc_number"":"""",""purchase_invoice_number"":"""",""tax1"":0,""tax2"":0,""tax3"":0,""tax1_amount"":0,""tax2_amount"":0,""tax3_amount"":0,""expiry_date"":"""",""manufacturing_date"":"""",""actual_qty"":""6.000"",""actual_unit_id"":""2418165"",""actual_unit_name"":""Qty"",""sap_group_master_id"":0,""category"":""Food"",""yield_qty"":""0"",""discount_application"":""B"",""pricing_method"":""0"",""container_weight"":0,""net_weight"":""6"",""gross_weight"":0,""tax_type"":0,""excise_duty"":0,""tax1_label"":""CGST"",""tax2_label"":""SGST"",""tax3_label"":""IGST""},{""prev_price"":""1380.000000"",""item_id"":""46281908"",""itemname"":""Truffle Oil 250ml"",""qty"":1,""price"":1380,""amount"":1380,""discount"":""0.000"",""lbl_unit"":""Qty"",""unit"":""4907684"",""description"":"""",""hsn_code"":"""",""weighted_price"":1380,""invoice_date"":""2026-07-03"",""sap_code"":"""",""purchase_doc_number"":"""",""purchase_invoice_number"":"""",""tax1"":0,""tax2"":0,""tax3"":0,""tax1_amount"":0,""tax2_amount"":0,""tax3_amount"":0,""expiry_date"":"""",""manufacturing_date"":"""",""actual_qty"":""1.000"",""actual_unit_id"":""2418165"",""actual_unit_name"":""Qty"",""sap_group_master_id"":0,""category"":""Food"",""yield_qty"":""0"",""discount_application"":""B"",""container_weight"":0,""net_weight"":""1"",""gross_weight"":0,""tax_type"":0,""excise_duty"":0,""tax1_label"":""CGST"",""tax2_label"":""SGST"",""tax3_label"":""IGST""},{""prev_price"":""1429.000000"",""item_id"":""46281898"",""itemname"":""Black Truffle Pate 90gm"",""qty"":1,""price"":1429,""amount"":1429,""discount"":""0.000"",""lbl_unit"":""Qty"",""unit"":""4907684"",""description"":"""",""hsn_code"":"""",""weighted_price"":1429,""invoice_date"":""2026-07-03"",""sap_code"":"""",""purchase_doc_number"":"""",""purchase_invoice_number"":"""",""tax1"":0,""tax2"":0,""tax3"":0,""tax1_amount"":0,""tax2_amount"":0,""tax3_amount"":0,""expiry_date"":"""",""manufacturing_date"":"""",""actual_qty"":""1.000"",""actual_unit_id"":""2418165"",""actual_unit_name"":""Qty"",""sap_group_master_id"":0,""category"":""Food"",""yield_qty"":""0"",""discount_application"":""B"",""container_weight"":0,""net_weight"":""1"",""gross_weight"":0,""tax_type"":0,""excise_duty"":0,""tax1_label"":""CGST"",""tax2_label"":""SGST"",""tax3_label"":""IGST""},{""prev_price"":""145.000000"",""item_id"":""46281907"",""itemname"":""Water Chestnuts 567 Gm"",""qty"":4,""price"":145,""amount"":580,""discount"":""0.000"",""lbl_unit"":""Qty"",""unit"":""4907684"",""description"":"""",""hsn_code"":"""",""weighted_price"":145,""invoice_date"":""2026-07-03"",""sap_code"":"""",""purchase_doc_number"":"""",""purchase_invoice_number"":"""",""tax1"":0,""tax2"":0,""tax3"":0,""tax1_amount"":0,""tax2_amount"":0,""tax3_amount"":0,""expiry_date"":"""",""manufacturing_date"":"""",""actual_qty"":""4.000"",""actual_unit_id"":""2418165"",""actual_unit_name"":""Qty"",""sap_group_master_id"":0,""category"":""Food"",""yield_qty"":""0"",""discount_application"":""B"",""container_weight"":0,""net_weight"":""4"",""gross_weight"":0,""tax_type"":0,""excise_duty"":0,""tax1_label"":""CGST"",""tax2_label"":""SGST"",""tax3_label"":""IGST""},{""prev_price"":""198.000000"",""item_id"":""46281183"",""itemname"":""Extra Firm Silken Tofu 308 Gm"",""qty"":2,""price"":198,""amount"":396,""discount"":""0.000"",""lbl_unit"":""Qty"",""unit"":""4907684"",""description"":"""",""hsn_code"":"""",""weighted_price"":198,""invoice_date"":""2026-07-03"",""sap_code"":"""",""purchase_doc_number"":"""",""purchase_invoice_number"":"""",""tax1"":0,""tax2"":0,""tax3"":0,""tax1_amount"":0,""tax2_amount"":0,""tax3_amount"":0,""expiry_date"":"""",""manufacturing_date"":"""",""actual_qty"":""2.000"",""actual_unit_id"":""2418165"",""actual_unit_name"":""Qty"",""sap_group_master_id"":0,""category"":""Food"",""yield_qty"":""0"",""discount_application"":""B"",""pricing_method"":""0"",""container_weight"":0,""net_weight"":""2"",""gross_weight"":0,""tax_type"":0,""excise_duty"":0,""tax1_label"":""CGST"",""tax2_label"":""SGST"",""tax3_label"":""IGST""},{""prev_price"":""40.000000"",""item_id"":""46281903"",""itemname"":""Soya Plain Paneer 200gm"",""qty"":4,""price"":40,""amount"":160,""discount"":""0.000"",""lbl_unit"":""Qty"",""unit"":""4907684"",""description"":"""",""hsn_code"":"""",""weighted_price"":40,""invoice_date"":""2026-07-03"",""sap_code"":"""",""purchase_doc_number"":"""",""purchase_invoice_number"":"""",""tax1"":0,""tax2"":0,""tax3"":0,""tax1_amount"":0,""tax2_amount"":0,""tax3_amount"":0,""expiry_date"":"""",""manufacturing_date"":"""",""actual_qty"":""4.000"",""actual_unit_id"":""2418165"",""actual_unit_name"":""Qty"",""sap_group_master_id"":0,""category"":""Food"",""yield_qty"":""0"",""discount_application"":""B"",""container_weight"":0,""net_weight"":""4"",""gross_weight"":0,""tax_type"":0,""excise_duty"":0,""tax1_label"":""CGST"",""tax2_label"":""SGST"",""tax3_label"":""IGST""},{""prev_price"":""199.000000"",""item_id"":""46281871"",""itemname"":""Edamame Kernal 500gm"",""qty"":4,""price"":199,""amount"":796,""discount"":""0.000"",""lbl_unit"":""Qty"",""unit"":""4907684"",""description"":"""",""hsn_code"":"""",""weighted_price"":199,""invoice_date"":""2026-07-03"",""sap_code"":"""",""purchase_doc_number"":"""",""purchase_invoice_number"":"""",""tax1"":0,""tax2"":0,""tax3"":0,""tax1_amount"":0,""tax2_amount"":0,""tax3_amount"":0,""expiry_date"":"""",""manufacturing_date"":"""",""actual_qty"":""4.000"",""actual_unit_id"":""2418165"",""actual_unit_name"":""Qty"",""sap_group_master_id"":0,""category"":""Food"",""yield_qty"":""0"",""discount_application"":""B"",""container_weight"":0,""net_weight"":""4"",""gross_weight"":0,""tax_type"":0,""excise_duty"":0,""tax1_label"":""CGST"",""tax2_label"":""SGST"",""tax3_label"":""IGST""},{""prev_price"":""2371.430000"",""item_id"":""46281663"",""itemname"":""Sunflower Refined Oil 13kg"",""qty"":2,""price"":2371.43,""amount"":4742.86,""discount"":""0.000"",""lbl_unit"":""Qty"",""unit"":""4907684"",""description"":"""",""hsn_code"":"""",""weighted_price"":2371.43,""invoice_date"":""2026-07-03"",""sap_code"":"""",""purchase_doc_number"":"""",""purchase_invoice_number"":"""",""tax1"":0,""tax2"":0,""tax3"":0,""tax1_amount"":0,""tax2_amount"":0,""tax3_amount"":0,""expiry_date"":"""",""manufacturing_date"":"""",""actual_qty"":""2.000"",""actual_unit_id"":""2418165"",""actual_unit_name"":""Qty"",""sap_group_master_id"":0,""category"":""Food"",""yield_qty"":""0"",""discount_application"":""B"",""container_weight"":0,""net_weight"":""2"",""gross_weight"":0,""tax_type"":0,""excise_duty"":0,""tax1_label"":""CGST"",""tax2_label"":""SGST"",""tax3_label"":""IGST""},{""prev_price"":""78.023000"",""item_id"":""46282613"",""itemname"":""Gold Milk 1 Ltr"",""qty"":12,""price"":78.023,""amount"":936.276,""discount"":""0.000"",""lbl_unit"":""Qty"",""unit"":""4907684"",""description"":"""",""hsn_code"":"""",""weighted_price"":78.023,""invoice_date"":""2026-07-03"",""sap_code"":"""",""purchase_doc_number"":"""",""purchase_invoice_number"":"""",""tax1"":0,""tax2"":0,""tax3"":0,""tax1_amount"":0,""tax2_amount"":0,""tax3_amount"":0,""expiry_date"":"""",""manufacturing_date"":"""",""actual_qty"":""12.000"",""actual_unit_id"":""2418165"",""actual_unit_name"":""Qty"",""sap_group_master_id"":0,""category"":""Food"",""yield_qty"":""0"",""discount_application"":""B"",""pricing_method"":""0"",""container_weight"":0,""net_weight"":""12"",""gross_weight"":0,""tax_type"":0,""excise_duty"":0,""tax1_label"":""CGST"",""tax2_label"":""SGST"",""tax3_label"":""IGST""},{""prev_price"":""232.500000"",""item_id"":""46281918"",""itemname"":""Fresh Cream 1ltr"",""qty"":12,""price"":232.5,""amount"":2790,""discount"":""0.000"",""lbl_unit"":""Qty"",""unit"":""4907684"",""description"":"""",""hsn_code"":"""",""weighted_price"":232.5,""invoice_date"":""2026-07-03"",""sap_code"":"""",""purchase_doc_number"":"""",""purchase_invoice_number"":"""",""tax1"":0,""tax2"":0,""tax3"":0,""tax1_amount"":0,""tax2_amount"":0,""tax3_amount"":0,""expiry_date"":"""",""manufacturing_date"":"""",""actual_qty"":""12.000"",""actual_unit_id"":""2418165"",""actual_unit_name"":""Qty"",""sap_group_master_id"":0,""category"":""Food"",""yield_qty"":""0"",""discount_application"":""B"",""container_weight"":0,""net_weight"":""12"",""gross_weight"":0,""tax_type"":0,""excise_duty"":0,""tax1_label"":""CGST"",""tax2_label"":""SGST"",""tax3_label"":""IGST""},{""prev_price"":""215.000000"",""item_id"":""46282196"",""itemname"":""M Size Hand Gloves Nitrile"",""qty"":2,""price"":215,""amount"":430,""discount"":""0.000"",""lbl_unit"":""Qty"",""unit"":""4907684"",""description"":"""",""hsn_code"":"""",""weighted_price"":215,""invoice_date"":""2026-07-03"",""sap_code"":"""",""purchase_doc_number"":"""",""purchase_invoice_number"":"""",""tax1"":0,""tax2"":0,""tax3"":0,""tax1_amount"":0,""tax2_amount"":0,""tax3_amount"":0,""expiry_date"":"""",""manufacturing_date"":"""",""actual_qty"":""2.000"",""actual_unit_id"":""2418165"",""actual_unit_name"":""Qty"",""sap_group_master_id"":0,""category"":""Housekeeping Hygiene"",""yield_qty"":""0"",""discount_application"":""B"",""container_weight"":0,""net_weight"":""2"",""gross_weight"":0,""tax_type"":0,""excise_duty"":0,""tax1_label"":""CGST"",""tax2_label"":""SGST"",""tax3_label"":""IGST""},{""prev_price"":""82.000000"",""item_id"":""46281622"",""itemname"":""Caster Sugar 1kg"",""qty"":1,""price"":82,""amount"":82,""discount"":""0.000"",""lbl_unit"":""Qty"",""unit"":""4907684"",""description"":"""",""hsn_code"":"""",""weighted_price"":82,""invoice_date"":""2026-07-03"",""sap_code"":"""",""purchase_doc_number"":"""",""purchase_invoice_number"":"""",""tax1"":0,""tax2"":0,""tax3"":0,""tax1_amount"":0,""tax2_amount"":0,""tax3_amount"":0,""expiry_date"":"""",""manufacturing_date"":"""",""actual_qty"":""1.000"",""actual_unit_id"":""2418165"",""actual_unit_name"":""Qty"",""sap_group_master_id"":0,""category"":""Food"",""yield_qty"":""0"",""discount_application"":""B"",""container_weight"":0,""net_weight"":""1"",""gross_weight"":0,""tax_type"":0,""excise_duty"":0,""tax1_label"":""CGST"",""tax2_label"":""SGST"",""tax3_label"":""IGST""},{""prev_price"":""652.380000"",""item_id"":""46282743"",""itemname"":""Df Cream Cheese 1kg"",""qty"":2,""price"":652.38,""amount"":1304.76,""discount"":""0.000"",""lbl_unit"":""Qty"",""unit"":""4907684"",""description"":"""",""hsn_code"":"""",""weighted_price"":652.38,""invoice_date"":""2026-07-03"",""sap_code"":"""",""purchase_doc_number"":"""",""purchase_invoice_number"":"""",""tax1"":0,""tax2"":0,""tax3"":0,""tax1_amount"":0,""tax2_amount"":0,""tax3_amount"":0,""expiry_date"":"""",""manufacturing_date"":"""",""actual_qty"":""2.000"",""actual_unit_id"":""2418165"",""actual_unit_name"":""Qty"",""sap_group_master_id"":0,""category"":""Food"",""yield_qty"":""0"",""discount_application"":""B"",""container_weight"":0,""net_weight"":""2"",""gross_weight"":0,""tax_type"":0,""excise_duty"":0,""tax1_label"":""CGST"",""tax2_label"":""SGST"",""tax3_label"":""IGST""},{""prev_price"":""2280.000000"",""item_id"":""46281932"",""itemname"":""00 Flour 20kg Bag"",""qty"":2,""price"":2280,""amount"":4560,""discount"":""0.000"",""lbl_unit"":""Qty"",""unit"":""4907684"",""description"":"""",""hsn_code"":"""",""weighted_price"":2280,""invoice_date"":""2026-07-03"",""sap_code"":"""",""purchase_doc_number"":"""",""purchase_invoice_number"":"""",""tax1"":0,""tax2"":0,""tax3"":0,""tax1_amount"":0,""tax2_amount"":0,""tax3_amount"":0,""expiry_date"":"""",""manufacturing_date"":"""",""actual_qty"":""2.000"",""actual_unit_id"":""2418165"",""actual_unit_name"":""Qty"",""sap_group_master_id"":0,""category"":""Food"",""yield_qty"":""0"",""discount_application"":""B"",""container_weight"":0,""net_weight"":""2"",""gross_weight"":0,""tax_type"":0,""excise_duty"":0,""tax1_label"":""CGST"",""tax2_label"":""SGST"",""tax3_label"":""IGST""},{""prev_price"":""150.000000"",""item_id"":""46281609"",""itemname"":""Farfalle Pasta 500gm"",""qty"":2,""price"":150,""amount"":300,""discount"":""0.000"",""lbl_unit"":""Qty"",""unit"":""4907684"",""description"":"""",""hsn_code"":"""",""weighted_price"":150,""invoice_date"":""2026-07-03"",""sap_code"":"""",""purchase_doc_number"":"""",""purchase_invoice_number"":"""",""tax1"":0,""tax2"":0,""tax3"":0,""tax1_amount"":0,""tax2_amount"":0,""tax3_amount"":0,""expiry_date"":"""",""manufacturing_date"":"""",""actual_qty"":""2.000"",""actual_unit_id"":""2418165"",""actual_unit_name"":""Qty"",""sap_group_master_id"":0,""category"":""Food"",""yield_qty"":""0"",""discount_application"":""B"",""pricing_method"":""0"",""container_weight"":0,""net_weight"":""2"",""gross_weight"":0,""tax_type"":0,""excise_duty"":0,""tax1_label"":""CGST"",""tax2_label"":""SGST"",""tax3_label"":""IGST""},{""prev_price"":""80.000000"",""item_id"":""46281643"",""itemname"":""Brown Sugar 1 Kg"",""qty"":1,""price"":80,""amount"":80,""discount"":""0.000"",""lbl_unit"":""Qty"",""unit"":""4907684"",""description"":"""",""hsn_code"":"""",""weighted_price"":80,""invoice_date"":""2026-07-03"",""sap_code"":"""",""purchase_doc_number"":"""",""purchase_invoice_number"":"""",""tax1"":0,""tax2"":0,""tax3"":0,""tax1_amount"":0,""tax2_amount"":0,""tax3_amount"":0,""expiry_date"":"""",""manufacturing_date"":"""",""actual_qty"":""1.000"",""actual_unit_id"":""2418165"",""actual_unit_name"":""Qty"",""sap_group_master_id"":0,""category"":""Food"",""yield_qty"":""0"",""discount_application"":""B"",""container_weight"":0,""net_weight"":""1"",""gross_weight"":0,""tax_type"":0,""excise_duty"":0,""tax1_label"":""CGST"",""tax2_label"":""SGST"",""tax3_label"":""IGST""},{""prev_price"":""95.240000"",""item_id"":""46481680"",""itemname"":""Tomato Paste 400gm"",""qty"":2,""price"":95.24,""amount"":190.48,""discount"":""0.000"",""lbl_unit"":""Qty"",""unit"":""4907684"",""description"":"""",""hsn_code"":"""",""weighted_price"":95.24,""invoice_date"":""2026-07-03"",""sap_code"":"""",""purchase_doc_number"":"""",""purchase_invoice_number"":"""",""tax1"":0,""tax2"":0,""tax3"":0,""tax1_amount"":0,""tax2_amount"":0,""tax3_amount"":0,""expiry_date"":"""",""manufacturing_date"":"""",""sap_group_master_id"":0,""category"":""Food"",""yield_qty"":""0"",""discount_application"":""B"",""container_weight"":0,""net_weight"":""2"",""gross_weight"":0,""tax_type"":0,""excise_duty"":0,""tax1_label"":""CGST"",""tax2_label"":""SGST"",""tax3_label"":""IGST""}]",[],0,0,,,[],[],,,,,,,,,,,,,,,,,,,,,,,,,,,,,,,,,,,,,,,,,,,,,,,,,,,,,,,,,,,,,,,,,,,,,,,,,,,,,,,,,,,,,,,,,,,,,,,,,,,,,,,,,,,,,,,,,,,,,,,,,,,,,,,,,,,,,,,,,,,,,,,,,,,,,,,,,,,,,,,,,,,,,,,,,,,,,,,,,,,,,,,,,,,,,,,,,,,,,,,,,,,,,,,,,,,,,,,,,,,,,,,,,,,,,,,,,,,,,,,,,,,,,,,,,,,,,,,,,,,,,,,,,,,,,,,,,,,,,,,,,,,,,,,6a47f383-8aac-4a3f-af78-74113c0082a9,60.0.130.169,,,,,,,,,,,,,,,,,,,,,,,,,,,,,,,,,,,,,,,,,,,,,,,,,,,,,,,,,,,,,,,,,,,,,,,,,,,,,,,,,,,,,,,,,,,,,,,,,,,,,,,,,,,,,,,,,,,,,,,,,,,,,,,,,,,,,,,,,,,,,,,,,,,,,,,,,,,,,,,,,,,,,,,,,,,,,,,,,,,,,,,,,,,,,,,,,,,,,,,,,,,,,,,,,,,,,,,,,,,,,,,,,,,,,,,,,,,,,,,,,,,,,,,,,,,,,,,,,,,,,,,,,,,,,,,,,,,,,,,,,,,,,,,,,,,,,,,,,,,,,,,,,,,,,,,,,,,,,,,,,,,,,,,,,,,,,,,,,,,,,,,,,,,,,,,,,,,,,,,,,,,,,,,,,,,,,,,,,,,,,,,,,,,,,,,,,,,,,,,,,,,,,,,,,,,,,,,,,,,,,,,,,,,,,,,,,,,,,,,,,,,,,,,,,,,,,,,,,,,,,
Surat Prep Kitchen,376017,133949834,From Sales,117359091,98,,2026-07-03,338.14,0,Active,Unpaid,,338.14,0,0,0,0.00,0,0,0,0,2026-07-03 23:08:08,2026-07-03 23:08:08,117185,Kitchen,,Surat,Surat Prep Kitchen,Gujarat,,"Gujarat Hira Bourse , Ichchapore",9016168269,,,,Surat,Surat Store,Kitchen,,Gujarat,,"1st Floor, Samanvay, Near Chandni Chowk, Gymkhana Rd, Piplod, Surat",9825184377,0,,1,,,1,,0,0,0,"[{""item_id"":""46859885"",""itemname"":""Transparent Spout Pouch"",""qty"":1,""price"":338.14,""prev_price"":""338.140000"",""amount"":338.14,""discount"":""0.000"",""lbl_unit"":""Qty"",""unit"":""4907684"",""description"":"""",""hsn_code"":"""",""weighted_price"":338.14,""invoice_date"":""2026-07-03"",""sap_code"":"""",""purchase_doc_number"":"""",""purchase_invoice_number"":"""",""tax1"":0,""tax2"":0,""tax3"":0,""tax1_amount"":0,""tax2_amount"":0,""tax3_amount"":0,""expiry_date"":"""",""manufacturing_date"":"""",""sap_group_master_id"":0,""discount_application"":""B"",""container_weight"":0,""net_weight"":""1"",""gross_weight"":0,""category"":""Packaging"",""tax_type"":0,""excise_duty"":0,""tax1_label"":""CGST"",""tax2_label"":""SGST"",""tax3_label"":""IGST""}]",[],0,0,,,[],[],,,,,,,,,,,,,,,,,,,,,,,,,,,,,,,,,,,,,,,,,,,,,,,,,,,,,,,,,,,,,,,,,,,,,,,,,,,,,,,,,,,,,,,,,,,,,,,,,,,,,,,,,,,,,,,,,,,,,,,,,,,,,,,,,,,,,,,,,,,,,,,,,,,,,,,,,,,,,,,,,,,,,,,,,,,,,,,,,,,,,,,,,,,,,,,,,,,,,,,,,,,,,,,,,,,,,,,,,,,,,,,,,,,,,,,,,,,,,,,,,,,,,,,,,,,,,,,,,,,,,,,,,,,,,,,,,,,,,,,,,,,,,,,,,6a47f34c-19bc-4277-b46b-10033c009e87,60.0.158.135,,,,,,,,,,,,,,,,,,,,,,,,,,,,,,,,,,,,,,,,,,,,,,,,,,,,,,,,,,,,,,,,,,,,,,,,,,,,,,,,,,,,,,,,,,,,,,,,,,,,,,,,,,,,,,,,,,,,,,,,,,,,,,,,,,,,,,,,,,,,,,,,,,,,,,,,,,,,,,,,,,,,,,,,,,,,,,,,,,,,,,,,,,,,,,,,,,,,,,,,,,,,,,,,,,,,,,,,,,,,,,,,,,,,,,,,,,,,,,,,,,,,,,,,,,,,,,,,,,,,,,,,,,,,,,,,,,,,,,,,,,,,,,,,,,,,,,,,,,,,,,,,,,,,,,,,,,,,,,,,,,,,,,,,,,,,,,,,,,,,,,,,,,,,,,,,,,,,,,,,,,,,,,,,,,,,,,,,,,,,,,,,,,,,,,,,,,,,,,,,,,,,,,,,,,,,,,,,,,,,,,,,,,,,,,,,,,,,,,,,,,,,,,,,,,,,,,,,,,,
Surat Prep Kitchen,376017,133949701,From Sales,117758103,97,,2026-07-03,430,0,Active,Unpaid,,430,0,0,0,0.00,0,0,0,0,2026-07-03 23:07:06,2026-07-03 23:07:06,117185,Kitchen,,Surat,Surat Prep Kitchen,Gujarat,,"Gujarat Hira Bourse , Ichchapore",9016168269,,,,Surat,Surat Store,Kitchen,,Gujarat,,"1st Floor, Samanvay, Near Chandni Chowk, Gymkhana Rd, Piplod, Surat",9825184377,0,,1,PO0081050159,PO0081050159,1,,0,0,0,"[{""prev_price"":""215.000000"",""item_id"":""46282682"",""itemname"":""Honey 1kg"",""qty"":2,""price"":215,""amount"":430,""discount"":""0.000"",""lbl_unit"":""Qty"",""unit"":""4907684"",""description"":"""",""hsn_code"":"""",""weighted_price"":215,""invoice_date"":""2026-07-03"",""sap_code"":"""",""purchase_doc_number"":"""",""purchase_invoice_number"":"""",""tax1"":0,""tax2"":0,""tax3"":0,""tax1_amount"":0,""tax2_amount"":0,""tax3_amount"":0,""expiry_date"":"""",""manufacturing_date"":"""",""actual_qty"":""2.000"",""actual_unit_id"":""2418165"",""actual_unit_name"":""Qty"",""sap_group_master_id"":0,""category"":""Food"",""yield_qty"":""0"",""discount_application"":""B"",""container_weight"":0,""net_weight"":""2"",""gross_weight"":0,""tax_type"":0,""excise_duty"":0,""tax1_label"":""CGST"",""tax2_label"":""SGST"",""tax3_label"":""IGST""}]",[],0,0,,,[],[],,,,,,,,,,,,,,,,,,,,,,,,,,,,,,,,,,,,,,,,,,,,,,,,,,,,,,,,,,,,,,,,,,,,,,,,,,,,,,,,,,,,,,,,,,,,,,,,,,,,,,,,,,,,,,,,,,,,,,,,,,,,,,,,,,,,,,,,,,,,,,,,,,,,,,,,,,,,,,,,,,,,,,,,,,,,,,,,,,,,,,,,,,,,,,,,,,,,,,,,,,,,,,,,,,,,,,,,,,,,,,,,,,,,,,,,,,,,,,,,,,,,,,,,,,,,,,,,,,,,,,,,,,,,,,,,,,,,,,,,,,,,,,,,,,,6a47f313-c4e0-4e1b-a134-1a2a3c009e87,60.0.158.135,,,,,,,,,,,,,,,,,,,,,,,,,,,,,,,,,,,,,,,,,,,,,,,,,,,,,,,,,,,,,,,,,,,,,,,,,,,,,,,,,,,,,,,,,,,,,,,,,,,,,,,,,,,,,,,,,,,,,,,,,,,,,,,,,,,,,,,,,,,,,,,,,,,,,,,,,,,,,,,,,,,,,,,,,,,,,,,,,,,,,,,,,,,,,,,,,,,,,,,,,,,,,,,,,,,,,,,,,,,,,,,,,,,,,,,,,,,,,,,,,,,,,,,,,,,,,,,,,,,,,,,,,,,,,,,,,,,,,,,,,,,,,,,,,,,,,,,,,,,,,,,,,,,,,,,,,,,,,,,,,,,,,,,,,,,,,,,,,,,,,,,,,,,,,,,,,,,,,,,,,,,,,,,,,,,,,,,,,,,,,,,,,,,,,,,,,,,,,,,,,,,,,,,,,,,,,,,,,,,,,,,,,,,,,,,,,,,,,,,,,,,,,,,,,,,,,,,,,
Surat Prep Kitchen,376017,133749216,Normal,,2568,F3735,2026-07-01,10050,0,Active,Unpaid,,10050,0,0,0,0.00,0,0,0,0,2026-07-02 11:44:54,2026-07-02 11:46:04,1014167,Supplier,,Surat,Surat Prep Kitchen,Gujarat,,"Gujarat Hira Bourse , Ichchapore",9016168269,,,,,Fresh N Local,Supplier,,Gujarat,,,9825122870,0,,,,,1,,,0,,"[{""prev_price"":""850.000000"",""item_id"":""46283075"",""itemname"":""Italian Lemon"",""qty"":7,""price"":850,""amount"":5950,""discount"":""0.000"",""lbl_unit"":""Kg"",""unit"":""4907667"",""description"":"""",""hsn_code"":"""",""weighted_price"":850,""invoice_date"":""2026-07-01"",""sap_code"":"""",""purchase_doc_number"":"""",""purchase_invoice_number"":"""",""tax1"":0,""tax2"":0,""tax3"":0,""tax1_amount"":0,""tax2_amount"":0,""tax3_amount"":0,""expiry_date"":"""",""manufacturing_date"":"""",""sap_group_master_id"":0,""category"":""Food"",""rmconv_qty"":""1000"",""rmconv_qty_total"":7000,""rmconv_unit_id"":""4907673"",""rmconv_unit"":""GM"",""yield_qty"":""0"",""discount_application"":""B"",""container_weight"":0,""net_weight"":""7"",""gross_weight"":""7"",""tax_type"":0,""excise_duty"":0,""tax1_label"":""CGST"",""tax2_label"":""SGST"",""tax3_label"":""IGST""},{""prev_price"":""60.000000"",""item_id"":""46282506"",""itemname"":""Chinese Cucumber"",""qty"":3,""price"":60,""amount"":180,""discount"":""0.000"",""lbl_unit"":""Kg"",""unit"":""4907667"",""description"":"""",""hsn_code"":"""",""weighted_price"":60,""invoice_date"":""2026-07-01"",""sap_code"":"""",""purchase_doc_number"":"""",""purchase_invoice_number"":"""",""tax1"":0,""tax2"":0,""tax3"":0,""tax1_amount"":0,""tax2_amount"":0,""tax3_amount"":0,""expiry_date"":"""",""manufacturing_date"":"""",""sap_group_master_id"":0,""category"":""Food"",""rmconv_qty"":""1000"",""rmconv_qty_total"":3000,""rmconv_unit_id"":""4907673"",""rmconv_unit"":""GM"",""yield_qty"":""0"",""discount_application"":""B"",""container_weight"":0,""net_weight"":""3"",""gross_weight"":""3"",""tax_type"":0,""excise_duty"":0,""tax1_label"":""CGST"",""tax2_label"":""SGST"",""tax3_label"":""IGST""},{""prev_price"":""320.000000"",""item_id"":""46282770"",""itemname"":""Green Bell Pepper"",""qty"":2,""price"":320,""amount"":640,""discount"":""0.000"",""lbl_unit"":""Kg"",""unit"":""4907667"",""description"":"""",""hsn_code"":"""",""weighted_price"":320,""invoice_date"":""2026-07-01"",""sap_code"":"""",""purchase_doc_number"":"""",""purchase_invoice_number"":"""",""tax1"":0,""tax2"":0,""tax3"":0,""tax1_amount"":0,""tax2_amount"":0,""tax3_amount"":0,""expiry_date"":"""",""manufacturing_date"":"""",""sap_group_master_id"":0,""category"":""Food"",""rmconv_qty"":""1000"",""rmconv_qty_total"":2000,""rmconv_unit_id"":""4907673"",""rmconv_unit"":""GM"",""yield_qty"":""0"",""discount_application"":""B"",""container_weight"":0,""net_weight"":""2"",""gross_weight"":""2"",""tax_type"":0,""excise_duty"":0,""tax1_label"":""CGST"",""tax2_label"":""SGST"",""tax3_label"":""IGST""},{""prev_price"":""180.000000"",""item_id"":""46282720"",""itemname"":""Button Mushrooms"",""qty"":7,""price"":180,""amount"":1260,""discount"":""0.000"",""lbl_unit"":""Kg"",""unit"":""4907667"",""description"":"""",""hsn_code"":"""",""weighted_price"":180,""invoice_date"":""2026-07-01"",""sap_code"":"""",""purchase_doc_number"":"""",""purchase_invoice_number"":"""",""tax1"":0,""tax2"":0,""tax3"":0,""tax1_amount"":0,""tax2_amount"":0,""tax3_amount"":0,""expiry_date"":"""",""manufacturing_date"":"""",""sap_group_master_id"":0,""category"":""Food"",""rmconv_qty"":""1000"",""rmconv_qty_total"":7000,""rmconv_unit_id"":""4907673"",""rmconv_unit"":""GM"",""yield_qty"":""0"",""discount_application"":""B"",""container_weight"":0,""net_weight"":""7"",""gross_weight"":""7"",""tax_type"":0,""excise_duty"":0,""tax1_label"":""CGST"",""tax2_label"":""SGST"",""tax3_label"":""IGST""},{""prev_price"":""220.000000"",""item_id"":""46282628"",""itemname"":""Red Cabbage"",""qty"":1,""price"":220,""amount"":220,""discount"":""0.000"",""lbl_unit"":""Kg"",""unit"":""4907667"",""description"":"""",""hsn_code"":"""",""weighted_price"":220,""invoice_date"":""2026-07-01"",""sap_code"":"""",""purchase_doc_number"":"""",""purchase_invoice_number"":"""",""tax1"":0,""tax2"":0,""tax3"":0,""tax1_amount"":0,""tax2_amount"":0,""tax3_amount"":0,""expiry_date"":"""",""manufacturing_date"":"""",""sap_group_master_id"":0,""category"":""Food"",""rmconv_qty"":""1000"",""rmconv_qty_total"":1000,""rmconv_unit_id"":""4907673"",""rmconv_unit"":""GM"",""yield_qty"":""0"",""discount_application"":""B"",""container_weight"":0,""net_weight"":""1"",""gross_weight"":""1"",""tax_type"":0,""excise_duty"":0,""tax1_label"":""CGST"",""tax2_label"":""SGST"",""tax3_label"":""IGST""},{""prev_price"":""100.000000"",""item_id"":""46282870"",""itemname"":""Green Zucchini"",""qty"":2,""price"":100,""amount"":200,""discount"":""0.000"",""lbl_unit"":""Kg"",""unit"":""4907667"",""description"":"""",""hsn_code"":"""",""weighted_price"":100,""invoice_date"":""2026-07-01"",""sap_code"":"""",""purchase_doc_number"":"""",""purchase_invoice_number"":"""",""tax1"":0,""tax2"":0,""tax3"":0,""tax1_amount"":0,""tax2_amount"":0,""tax3_amount"":0,""expiry_date"":"""",""manufacturing_date"":"""",""sap_group_master_id"":0,""category"":""Food"",""rmconv_qty"":""1000"",""rmconv_qty_total"":2000,""rmconv_unit_id"":""4907673"",""rmconv_unit"":""GM"",""yield_qty"":""0"",""discount_application"":""B"",""container_weight"":0,""net_weight"":""2"",""gross_weight"":""2"",""tax_type"":0,""excise_duty"":0,""tax1_label"":""CGST"",""tax2_label"":""SGST"",""tax3_label"":""IGST""},{""prev_price"":""0.000000"",""item_id"":""46283219"",""itemname"":""Fresh Jalepenos Green"",""qty"":4,""price"":400,""amount"":1600,""discount"":""0.000"",""lbl_unit"":""Kg"",""unit"":""4907667"",""description"":"""",""hsn_code"":"""",""weighted_price"":400,""invoice_date"":""2026-07-01"",""sap_code"":"""",""purchase_doc_number"":"""",""purchase_invoice_number"":"""",""tax1"":0,""tax2"":0,""tax3"":0,""tax1_amount"":0,""tax2_amount"":0,""tax3_amount"":0,""expiry_date"":"""",""manufacturing_date"":"""",""sap_group_master_id"":0,""category"":""Food"",""rmconv_qty"":""1000"",""rmconv_qty_total"":4000,""rmconv_unit_id"":""4907673"",""rmconv_unit"":""GM"",""yield_qty"":""0"",""discount_application"":""B"",""container_weight"":0,""net_weight"":""4"",""gross_weight"":0,""tax_type"":0,""excise_duty"":0,""tax1_label"":""CGST"",""tax2_label"":""SGST"",""tax3_label"":""IGST""}]",[],0,0,,,[],[],,,,,,,1,,,,,,,,,,,,,,,,,,,,,,,,,,,,,,,,,,,,,,,,,,,,,,,,,,,,,,,,,,,,,,,,,,,,,,,,,,,,,,,,,,,,,,,,,,,,,,,,,,,,,,,,,,,,,,,,,,,,,,,,,,,,,,,,,,,,,,,,,,,,,,,,,,,,,,,,,,,,,,,,,,,,,,,,,,,,,,,,,,,,,,,,,,,,,,,,,,,,,,,,,,,,,,,,,,,,,,,,,,,,,,,,,,,,,,,,,,,,,,,,,,,,,,,,,,,,,,,,,,,,,,,,,,,,,,,,,,,,,,,,,,,,,,6a45fecd-7720-42e6-8764-2a793c009e87,6a46020f-002c-462b-82f5-33363c009e87,60.0.129.196,60.0.139.91,,,,,,,,,,,,,,,,,,,,,,,,,,,,,,,,,,,,,,,,,,,,,,,,,,,,,,,,,,,,,,,,,,,,,,,,,,,,,,,,,,,,,,,,,,,,,,,,,,,,,,,,,,,,,,,,,,,,,,,,,,,,,,,,,,,,,,,,,,,,,,,,,,,,,,,,,,,,,,,,,,,,,,,,,,,,,,,,,,,,,,,,,,,,,,,,,,,,,,,,,,,,,,,,,,,,,,,,,,,,,,,,,,,,,,,,,,,,,,,,,,,,,,,,,,,,,,,,,,,,,,,,,,,,,,,,,,,,,,,,,,,,,,,,,,,,,,,,,,,,,,,,,,,,,,,,,,,,,,,,,,,,,,,,,,,,,,,,,,,,,,,,,,,,,,,,,,,,,,,,,,,,,,,,,,,,,,,,,,,,,,,,,,,,,,,,,,,,,,,,,,,,,,,,,,,,,,,,,,,,,,,,,,,,,,,,,,,,,,,,,,,,,,,,,,,,,
Surat Prep Kitchen,376017,133747252,Normal,,2567,INV-26y0701-0003,2026-07-01,2085,0,Active,Unpaid,,2085,0,0,0,0.00,0,0,0,0,2026-07-02 11:28:25,2026-07-02 11:28:25,891257,Supplier,,Surat,Surat Prep Kitchen,Gujarat,,"Gujarat Hira Bourse , Ichchapore",9016168269,,,,,Vr Agro,Supplier,rajmewara004@gmail.com,Gujarat,,"56 basement NSTM sardar ,market puna kumbahraiya road, surat -395010",7096748177,0,,,,,1,,,0,,"[{""prev_price"":""0.000000"",""item_id"":""46282718"",""itemname"":""Lemon"",""qty"":1,""price"":100,""amount"":100,""discount"":""0.000"",""lbl_unit"":""Kg"",""unit"":""4907667"",""description"":"""",""hsn_code"":"""",""weighted_price"":100,""invoice_date"":""2026-07-01"",""sap_code"":"""",""purchase_doc_number"":"""",""purchase_invoice_number"":"""",""tax1"":0,""tax2"":0,""tax3"":0,""tax1_amount"":0,""tax2_amount"":0,""tax3_amount"":0,""expiry_date"":"""",""manufacturing_date"":"""",""sap_group_master_id"":0,""category"":""Food"",""yield_qty"":""0"",""discount_application"":""B"",""container_weight"":0,""net_weight"":""1"",""gross_weight"":0,""tax_type"":0,""excise_duty"":0,""tax1_label"":""CGST"",""tax2_label"":""SGST"",""tax3_label"":""IGST""},{""prev_price"":""0.000000"",""item_id"":""46282817"",""itemname"":""Spring Onion ."",""qty"":2,""price"":90,""amount"":180,""discount"":""0.000"",""lbl_unit"":""Kg"",""unit"":""4907667"",""description"":"""",""hsn_code"":"""",""weighted_price"":90,""invoice_date"":""2026-07-01"",""sap_code"":"""",""purchase_doc_number"":"""",""purchase_invoice_number"":"""",""tax1"":0,""tax2"":0,""tax3"":0,""tax1_amount"":0,""tax2_amount"":0,""tax3_amount"":0,""expiry_date"":"""",""manufacturing_date"":"""",""sap_group_master_id"":0,""category"":""Food"",""rmconv_qty"":""1000"",""rmconv_qty_total"":2000,""rmconv_unit_id"":""4907673"",""rmconv_unit"":""GM"",""yield_qty"":""0"",""discount_application"":""B"",""container_weight"":0,""net_weight"":""2"",""gross_weight"":0,""tax_type"":0,""excise_duty"":0,""tax1_label"":""CGST"",""tax2_label"":""SGST"",""tax3_label"":""IGST""},{""prev_price"":""0.000000"",""item_id"":""46282704"",""itemname"":""Broccoli"",""qty"":3,""price"":320,""amount"":960,""discount"":""0.000"",""lbl_unit"":""Kg"",""unit"":""4907667"",""description"":"""",""hsn_code"":"""",""weighted_price"":320,""invoice_date"":""2026-07-01"",""sap_code"":"""",""purchase_doc_number"":"""",""purchase_invoice_number"":"""",""tax1"":0,""tax2"":0,""tax3"":0,""tax1_amount"":0,""tax2_amount"":0,""tax3_amount"":0,""expiry_date"":"""",""manufacturing_date"":"""",""sap_group_master_id"":0,""category"":""Food"",""rmconv_qty"":""1000"",""rmconv_qty_total"":3000,""rmconv_unit_id"":""4907673"",""rmconv_unit"":""GM"",""yield_qty"":""0"",""discount_application"":""B"",""container_weight"":0,""net_weight"":""3"",""gross_weight"":0,""tax_type"":0,""excise_duty"":0,""tax1_label"":""CGST"",""tax2_label"":""SGST"",""tax3_label"":""IGST""},{""prev_price"":""0.000000"",""item_id"":""46283340"",""itemname"":""Cabbage"",""qty"":1,""price"":36,""amount"":36,""discount"":""0.000"",""lbl_unit"":""Kg"",""unit"":""4907667"",""description"":"""",""hsn_code"":"""",""weighted_price"":36,""invoice_date"":""2026-07-01"",""sap_code"":"""",""purchase_doc_number"":"""",""purchase_invoice_number"":"""",""tax1"":0,""tax2"":0,""tax3"":0,""tax1_amount"":0,""tax2_amount"":0,""tax3_amount"":0,""expiry_date"":"""",""manufacturing_date"":"""",""sap_group_master_id"":0,""category"":""Food"",""yield_qty"":""0"",""discount_application"":""B"",""container_weight"":0,""net_weight"":""1"",""gross_weight"":0,""tax_type"":0,""excise_duty"":0,""tax1_label"":""CGST"",""tax2_label"":""SGST"",""tax3_label"":""IGST""},{""prev_price"":""0.000000"",""item_id"":""46282722"",""itemname"":""Onion"",""qty"":2,""price"":32,""amount"":64,""discount"":""0.000"",""lbl_unit"":""Kg"",""unit"":""4907667"",""description"":"""",""hsn_code"":"""",""weighted_price"":32,""invoice_date"":""2026-07-01"",""sap_code"":"""",""purchase_doc_number"":"""",""purchase_invoice_number"":"""",""tax1"":0,""tax2"":0,""tax3"":0,""tax1_amount"":0,""tax2_amount"":0,""tax3_amount"":0,""expiry_date"":"""",""manufacturing_date"":"""",""sap_group_master_id"":0,""category"":""Food"",""rmconv_qty"":""1000"",""rmconv_qty_total"":2000,""rmconv_unit_id"":""4907673"",""rmconv_unit"":""GM"",""yield_qty"":""0"",""discount_application"":""B"",""container_weight"":0,""net_weight"":""2"",""gross_weight"":0,""tax_type"":0,""excise_duty"":0,""tax1_label"":""CGST"",""tax2_label"":""SGST"",""tax3_label"":""IGST""},{""prev_price"":""0.000000"",""item_id"":""46283370"",""itemname"":""Peeled Garlic."",""qty"":2,""price"":240,""amount"":480,""discount"":""0.000"",""lbl_unit"":""Kg"",""unit"":""4907667"",""description"":"""",""hsn_code"":"""",""weighted_price"":240,""invoice_date"":""2026-07-01"",""sap_code"":"""",""purchase_doc_number"":"""",""purchase_invoice_number"":"""",""tax1"":0,""tax2"":0,""tax3"":0,""tax1_amount"":0,""tax2_amount"":0,""tax3_amount"":0,""expiry_date"":"""",""manufacturing_date"":"""",""sap_group_master_id"":0,""category"":""Food"",""rmconv_qty"":""1000"",""rmconv_qty_total"":2000,""rmconv_unit_id"":""4907673"",""rmconv_unit"":""GM"",""yield_qty"":""0"",""discount_application"":""B"",""container_weight"":0,""net_weight"":""2"",""gross_weight"":0,""tax_type"":0,""excise_duty"":0,""tax1_label"":""CGST"",""tax2_label"":""SGST"",""tax3_label"":""IGST""},{""prev_price"":""0.000000"",""item_id"":""46283369"",""itemname"":""Ginger."",""qty"":1,""price"":190,""amount"":190,""discount"":""0.000"",""lbl_unit"":""Kg"",""unit"":""4907667"",""description"":"""",""hsn_code"":"""",""weighted_price"":190,""invoice_date"":""2026-07-01"",""sap_code"":"""",""purchase_doc_number"":"""",""purchase_invoice_number"":"""",""tax1"":0,""tax2"":0,""tax3"":0,""tax1_amount"":0,""tax2_amount"":0,""tax3_amount"":0,""expiry_date"":"""",""manufacturing_date"":"""",""sap_group_master_id"":0,""category"":""Food"",""rmconv_qty"":""1000"",""rmconv_qty_total"":1000,""rmconv_unit_id"":""4907673"",""rmconv_unit"":""GM"",""yield_qty"":""0"",""discount_application"":""B"",""container_weight"":0,""net_weight"":""1"",""gross_weight"":0,""tax_type"":0,""excise_duty"":0,""tax1_label"":""CGST"",""tax2_label"":""SGST"",""tax3_label"":""IGST""},{""prev_price"":""0.000000"",""item_id"":""46282700"",""itemname"":""Mint"",""qty"":1,""price"":25,""amount"":25,""discount"":""0.000"",""lbl_unit"":""pcs"",""unit"":""5165360"",""description"":"""",""hsn_code"":"""",""weighted_price"":25,""invoice_date"":""2026-07-01"",""sap_code"":"""",""purchase_doc_number"":"""",""purchase_invoice_number"":"""",""tax1"":0,""tax2"":0,""tax3"":0,""tax1_amount"":0,""tax2_amount"":0,""tax3_amount"":0,""expiry_date"":"""",""manufacturing_date"":"""",""sap_group_master_id"":0,""category"":""Food"",""yield_qty"":""0"",""discount_application"":""B"",""container_weight"":0,""net_weight"":""1"",""gross_weight"":0,""tax_type"":0,""excise_duty"":0,""tax1_label"":""CGST"",""tax2_label"":""SGST"",""tax3_label"":""IGST""},{""prev_price"":""0.000000"",""item_id"":""46282800"",""itemname"":""Carrot"",""qty"":1,""price"":50,""amount"":50,""discount"":""0.000"",""lbl_unit"":""Kg"",""unit"":""4907667"",""description"":"""",""hsn_code"":"""",""weighted_price"":50,""invoice_date"":""2026-07-01"",""sap_code"":"""",""purchase_doc_number"":"""",""purchase_invoice_number"":"""",""tax1"":0,""tax2"":0,""tax3"":0,""tax1_amount"":0,""tax2_amount"":0,""tax3_amount"":0,""expiry_date"":"""",""manufacturing_date"":"""",""sap_group_master_id"":0,""category"":""Food"",""rmconv_qty"":""1000"",""rmconv_qty_total"":1000,""rmconv_unit_id"":""4907673"",""rmconv_unit"":""GM"",""yield_qty"":""0"",""discount_application"":""B"",""container_weight"":0,""net_weight"":""1"",""gross_weight"":0,""tax_type"":0,""excise_duty"":0,""tax1_label"":""CGST"",""tax2_label"":""SGST"",""tax3_label"":""IGST""}]",[],0,0,,,[],[],,,,,,,1,,,,,,,,,,,,,,,,,,,,,,,,,,,,,,,,,,,,,,,,,,,,,,,,,,,,,,,,,,,,,,,,,,,,,,,,,,,,,,,,,,,,,,,,,,,,,,,,,,,,,,,,,,,,,,,,,,,,,,,,,,,,,,,,,,,,,,,,,,,,,,,,,,,,,,,,,,,,,,,,,,,,,,,,,,,,,,,,,,,,,,,,,,,,,,,,,,,,,,,,,,,,,,,,,,,,,,,,,,,,,,,,,,,,,,,,,,,,,,,,,,,,,,,,,,,,,,,,,,,,,,,,,,,,,,,,,,,,,,,,,,,,,,,,,,6a45fd9f-bb7c-4267-8ece-090f3c008b5b,60.0.158.135,,,,,,,,,,,,,,,,,,,,,,,,,,,,,,,,,,,,,,,,,,,,,,,,,,,,,,,,,,,,,,,,,,,,,,,,,,,,,,,,,,,,,,,,,,,,,,,,,,,,,,,,,,,,,,,,,,,,,,,,,,,,,,,,,,,,,,,,,,,,,,,,,,,,,,,,,,,,,,,,,,,,,,,,,,,,,,,,,,,,,,,,,,,,,,,,,,,,,,,,,,,,,,,,,,,,,,,,,,,,,,,,,,,,,,,,,,,,,,,,,,,,,,,,,,,,,,,,,,,,,,,,,,,,,,,,,,,,,,,,,,,,,,,,,,,,,,,,,,,,,,,,,,,,,,,,,,,,,,,,,,,,,,,,,,,,,,,,,,,,,,,,,,,,,,,,,,,,,,,,,,,,,,,,,,,,,,,,,,,,,,,,,,,,,,,,,,,,,,,,,,,,,,,,,,,,,,,,,,,,,,,,,,,,,,,,,,,,,,,,,,,,,,,,,,,
Surat Prep Kitchen,376017,133747052,Normal,,2566,INV-26y0701-0004,2026-07-01,2233,0,Active,Unpaid,,2233,0,0,0,0.00,0,0,0,0,2026-07-02 11:26:37,2026-07-02 11:26:37,891257,Supplier,,Surat,Surat Prep Kitchen,Gujarat,,"Gujarat Hira Bourse , Ichchapore",9016168269,,,,,Vr Agro,Supplier,rajmewara004@gmail.com,Gujarat,,"56 basement NSTM sardar ,market puna kumbahraiya road, surat -395010",7096748177,0,,,,,1,,,0,,"[{""prev_price"":""0.000000"",""item_id"":""46282704"",""itemname"":""Broccoli"",""qty"":3,""price"":320,""amount"":960,""discount"":""0.000"",""lbl_unit"":""Kg"",""unit"":""4907667"",""description"":"""",""hsn_code"":"""",""weighted_price"":320,""invoice_date"":""2026-07-01"",""sap_code"":"""",""purchase_doc_number"":"""",""purchase_invoice_number"":"""",""tax1"":0,""tax2"":0,""tax3"":0,""tax1_amount"":0,""tax2_amount"":0,""tax3_amount"":0,""expiry_date"":"""",""manufacturing_date"":"""",""sap_group_master_id"":0,""category"":""Food"",""rmconv_qty"":""1000"",""rmconv_qty_total"":3000,""rmconv_unit_id"":""4907673"",""rmconv_unit"":""GM"",""yield_qty"":""0"",""discount_application"":""B"",""container_weight"":0,""net_weight"":""3"",""gross_weight"":0,""tax_type"":0,""excise_duty"":0,""tax1_label"":""CGST"",""tax2_label"":""SGST"",""tax3_label"":""IGST""},{""prev_price"":""0.000000"",""item_id"":""46283343"",""itemname"":""Pineapple Peeled"",""qty"":2,""price"":130,""amount"":260,""discount"":""0.000"",""lbl_unit"":""Piece"",""unit"":""4907666"",""description"":"""",""hsn_code"":"""",""weighted_price"":130,""invoice_date"":""2026-07-01"",""sap_code"":"""",""purchase_doc_number"":"""",""purchase_invoice_number"":"""",""tax1"":0,""tax2"":0,""tax3"":0,""tax1_amount"":0,""tax2_amount"":0,""tax3_amount"":0,""expiry_date"":"""",""manufacturing_date"":"""",""sap_group_master_id"":0,""category"":""Food"",""yield_qty"":""0"",""discount_application"":""B"",""container_weight"":0,""net_weight"":""2"",""gross_weight"":0,""tax_type"":0,""excise_duty"":0,""tax1_label"":""CGST"",""tax2_label"":""SGST"",""tax3_label"":""IGST""},{""prev_price"":""0.000000"",""item_id"":""46282709"",""itemname"":""Green Garlic"",""qty"":2,""price"":200,""amount"":400,""discount"":""0.000"",""lbl_unit"":""Kg"",""unit"":""4907667"",""description"":"""",""hsn_code"":"""",""weighted_price"":200,""invoice_date"":""2026-07-01"",""sap_code"":"""",""purchase_doc_number"":"""",""purchase_invoice_number"":"""",""tax1"":0,""tax2"":0,""tax3"":0,""tax1_amount"":0,""tax2_amount"":0,""tax3_amount"":0,""expiry_date"":"""",""manufacturing_date"":"""",""sap_group_master_id"":0,""category"":""Food"",""rmconv_qty"":""1000"",""rmconv_qty_total"":2000,""rmconv_unit_id"":""4907673"",""rmconv_unit"":""GM"",""yield_qty"":""0"",""discount_application"":""B"",""container_weight"":0,""net_weight"":""2"",""gross_weight"":0,""tax_type"":0,""excise_duty"":0,""tax1_label"":""CGST"",""tax2_label"":""SGST"",""tax3_label"":""IGST""},{""prev_price"":""0.000000"",""item_id"":""46282722"",""itemname"":""Onion"",""qty"":4,""price"":32,""amount"":128,""discount"":""0.000"",""lbl_unit"":""Kg"",""unit"":""4907667"",""description"":"""",""hsn_code"":"""",""weighted_price"":32,""invoice_date"":""2026-07-01"",""sap_code"":"""",""purchase_doc_number"":"""",""purchase_invoice_number"":"""",""tax1"":0,""tax2"":0,""tax3"":0,""tax1_amount"":0,""tax2_amount"":0,""tax3_amount"":0,""expiry_date"":"""",""manufacturing_date"":"""",""sap_group_master_id"":0,""category"":""Food"",""rmconv_qty"":""1000"",""rmconv_qty_total"":4000,""rmconv_unit_id"":""4907673"",""rmconv_unit"":""GM"",""yield_qty"":""0"",""discount_application"":""B"",""container_weight"":0,""net_weight"":""4"",""gross_weight"":0,""tax_type"":0,""excise_duty"":0,""tax1_label"":""CGST"",""tax2_label"":""SGST"",""tax3_label"":""IGST""},{""prev_price"":""0.000000"",""item_id"":""46282770"",""itemname"":""Green Bell Pepper"",""qty"":1.5,""price"":80,""amount"":120,""discount"":""0.000"",""lbl_unit"":""Kg"",""unit"":""4907667"",""description"":"""",""hsn_code"":"""",""weighted_price"":80,""invoice_date"":""2026-07-01"",""sap_code"":"""",""purchase_doc_number"":"""",""purchase_invoice_number"":"""",""tax1"":0,""tax2"":0,""tax3"":0,""tax1_amount"":0,""tax2_amount"":0,""tax3_amount"":0,""expiry_date"":"""",""manufacturing_date"":"""",""sap_group_master_id"":0,""category"":""Food"",""rmconv_qty"":""1000"",""rmconv_qty_total"":1500,""rmconv_unit_id"":""4907673"",""rmconv_unit"":""GM"",""yield_qty"":""0"",""discount_application"":""B"",""container_weight"":0,""net_weight"":""1.5"",""gross_weight"":0,""tax_type"":0,""excise_duty"":0,""tax1_label"":""CGST"",""tax2_label"":""SGST"",""tax3_label"":""IGST""},{""prev_price"":""0.000000"",""item_id"":""46282718"",""itemname"":""Lemon"",""qty"":1,""price"":100,""amount"":100,""discount"":""0.000"",""lbl_unit"":""Kg"",""unit"":""4907667"",""description"":"""",""hsn_code"":"""",""weighted_price"":100,""invoice_date"":""2026-07-01"",""sap_code"":"""",""purchase_doc_number"":"""",""purchase_invoice_number"":"""",""tax1"":0,""tax2"":0,""tax3"":0,""tax1_amount"":0,""tax2_amount"":0,""tax3_amount"":0,""expiry_date"":"""",""manufacturing_date"":"""",""sap_group_master_id"":0,""category"":""Food"",""yield_qty"":""0"",""discount_application"":""B"",""container_weight"":0,""net_weight"":""1"",""gross_weight"":0,""tax_type"":0,""excise_duty"":0,""tax1_label"":""CGST"",""tax2_label"":""SGST"",""tax3_label"":""IGST""},{""prev_price"":""0.000000"",""item_id"":""46282817"",""itemname"":""Spring Onion ."",""qty"":1,""price"":90,""amount"":90,""discount"":""0.000"",""lbl_unit"":""Kg"",""unit"":""4907667"",""description"":"""",""hsn_code"":"""",""weighted_price"":90,""invoice_date"":""2026-07-01"",""sap_code"":"""",""purchase_doc_number"":"""",""purchase_invoice_number"":"""",""tax1"":0,""tax2"":0,""tax3"":0,""tax1_amount"":0,""tax2_amount"":0,""tax3_amount"":0,""expiry_date"":"""",""manufacturing_date"":"""",""sap_group_master_id"":0,""category"":""Food"",""rmconv_qty"":""1000"",""rmconv_qty_total"":1000,""rmconv_unit_id"":""4907673"",""rmconv_unit"":""GM"",""yield_qty"":""0"",""discount_application"":""B"",""container_weight"":0,""net_weight"":""1"",""gross_weight"":0,""tax_type"":0,""excise_duty"":0,""tax1_label"":""CGST"",""tax2_label"":""SGST"",""tax3_label"":""IGST""},{""prev_price"":""0.000000"",""item_id"":""46283369"",""itemname"":""Ginger."",""qty"":0.5,""price"":250,""amount"":125,""discount"":""0.000"",""lbl_unit"":""Kg"",""unit"":""4907667"",""description"":"""",""hsn_code"":"""",""weighted_price"":250,""invoice_date"":""2026-07-01"",""sap_code"":"""",""purchase_doc_number"":"""",""purchase_invoice_number"":"""",""tax1"":0,""tax2"":0,""tax3"":0,""tax1_amount"":0,""tax2_amount"":0,""tax3_amount"":0,""expiry_date"":"""",""manufacturing_date"":"""",""sap_group_master_id"":0,""category"":""Food"",""rmconv_qty"":""1000"",""rmconv_qty_total"":500,""rmconv_unit_id"":""4907673"",""rmconv_unit"":""GM"",""yield_qty"":""0"",""discount_application"":""B"",""container_weight"":0,""net_weight"":""0.5"",""gross_weight"":0,""tax_type"":0,""excise_duty"":0,""tax1_label"":""CGST"",""tax2_label"":""SGST"",""tax3_label"":""IGST""},{""prev_price"":""0.000000"",""item_id"":""46282700"",""itemname"":""Mint"",""qty"":1,""price"":25,""amount"":25,""discount"":""0.000"",""lbl_unit"":""pcs"",""unit"":""5165360"",""description"":"""",""hsn_code"":"""",""weighted_price"":25,""invoice_date"":""2026-07-01"",""sap_code"":"""",""purchase_doc_number"":"""",""purchase_invoice_number"":"""",""tax1"":0,""tax2"":0,""tax3"":0,""tax1_amount"":0,""tax2_amount"":0,""tax3_amount"":0,""expiry_date"":"""",""manufacturing_date"":"""",""sap_group_master_id"":0,""category"":""Food"",""yield_qty"":""0"",""discount_application"":""B"",""container_weight"":0,""net_weight"":""1"",""gross_weight"":0,""tax_type"":0,""excise_duty"":0,""tax1_label"":""CGST"",""tax2_label"":""SGST"",""tax3_label"":""IGST""},{""prev_price"":""0.000000"",""item_id"":""46282800"",""itemname"":""Carrot"",""qty"":0.5,""price"":50,""amount"":25,""discount"":""0.000"",""lbl_unit"":""Kg"",""unit"":""4907667"",""description"":"""",""hsn_code"":"""",""weighted_price"":50,""invoice_date"":""2026-07-01"",""sap_code"":"""",""purchase_doc_number"":"""",""purchase_invoice_number"":"""",""tax1"":0,""tax2"":0,""tax3"":0,""tax1_amount"":0,""tax2_amount"":0,""tax3_amount"":0,""expiry_date"":"""",""manufacturing_date"":"""",""sap_group_master_id"":0,""category"":""Food"",""rmconv_qty"":""1000"",""rmconv_qty_total"":500,""rmconv_unit_id"":""4907673"",""rmconv_unit"":""GM"",""yield_qty"":""0"",""discount_application"":""B"",""container_weight"":0,""net_weight"":""0.5"",""gross_weight"":0,""tax_type"":0,""excise_duty"":0,""tax1_label"":""CGST"",""tax2_label"":""SGST"",""tax3_label"":""IGST""}]",[],0,0,,,[],[],,,,,,,1,,,,,,,,,,,,,,,,,,,,,,,,,,,,,,,,,,,,,,,,,,,,,,,,,,,,,,,,,,,,,,,,,,,,,,,,,,,,,,,,,,,,,,,,,,,,,,,,,,,,,,,,,,,,,,,,,,,,,,,,,,,,,,,,,,,,,,,,,,,,,,,,,,,,,,,,,,,,,,,,,,,,,,,,,,,,,,,,,,,,,,,,,,,,,,,,,,,,,,,,,,,,,,,,,,,,,,,,,,,,,,,,,,,,,,,,,,,,,,,,,,,,,,,,,,,,,,,,,,,,,,,,,,,,,,,,,,,,,,,,,,,,,,,,,,,,6a45fd0a-7ff0-47d5-ab0a-09033c008b5b,60.0.151.45,,,,,,,,,,,,,,,,,,,,,,,,,,,,,,,,,,,,,,,,,,,,,,,,,,,,,,,,,,,,,,,,,,,,,,,,,,,,,,,,,,,,,,,,,,,,,,,,,,,,,,,,,,,,,,,,,,,,,,,,,,,,,,,,,,,,,,,,,,,,,,,,,,,,,,,,,,,,,,,,,,,,,,,,,,,,,,,,,,,,,,,,,,,,,,,,,,,,,,,,,,,,,,,,,,,,,,,,,,,,,,,,,,,,,,,,,,,,,,,,,,,,,,,,,,,,,,,,,,,,,,,,,,,,,,,,,,,,,,,,,,,,,,,,,,,,,,,,,,,,,,,,,,,,,,,,,,,,,,,,,,,,,,,,,,,,,,,,,,,,,,,,,,,,,,,,,,,,,,,,,,,,,,,,,,,,,,,,,,,,,,,,,,,,,,,,,,,,,,,,,,,,,,,,,,,,,,,,,,,,,,,,,,,,,,,,,,,,,,,,,,,,,,,,,
Surat Prep Kitchen,376017,133746045,Normal,,2565,INV-26y0701-0006,2026-07-01,2203,0,Active,Unpaid,,2203,0,0,0,0.00,0,0,0,0,2026-07-02 11:18:52,2026-07-02 11:18:52,891257,Supplier,,Surat,Surat Prep Kitchen,Gujarat,,"Gujarat Hira Bourse , Ichchapore",9016168269,,,,,Vr Agro,Supplier,rajmewara004@gmail.com,Gujarat,,"56 basement NSTM sardar ,market puna kumbahraiya road, surat -395010",7096748177,0,,,,,1,,,0,,"[{""prev_price"":""0.000000"",""item_id"":""46283369"",""itemname"":""Ginger."",""qty"":0.5,""price"":190,""amount"":95,""discount"":""0.000"",""lbl_unit"":""Kg"",""unit"":""4907667"",""description"":"""",""hsn_code"":"""",""weighted_price"":190,""invoice_date"":""2026-07-01"",""sap_code"":"""",""purchase_doc_number"":"""",""purchase_invoice_number"":"""",""tax1"":0,""tax2"":0,""tax3"":0,""tax1_amount"":0,""tax2_amount"":0,""tax3_amount"":0,""expiry_date"":"""",""manufacturing_date"":"""",""sap_group_master_id"":0,""category"":""Food"",""rmconv_qty"":""1000"",""rmconv_qty_total"":500,""rmconv_unit_id"":""4907673"",""rmconv_unit"":""GM"",""yield_qty"":""0"",""discount_application"":""B"",""container_weight"":0,""net_weight"":""0.5"",""gross_weight"":0,""tax_type"":0,""excise_duty"":0,""tax1_label"":""CGST"",""tax2_label"":""SGST"",""tax3_label"":""IGST""},{""prev_price"":""0.000000"",""item_id"":""46282718"",""itemname"":""Lemon"",""qty"":1,""price"":100,""amount"":100,""discount"":""0.000"",""lbl_unit"":""Kg"",""unit"":""4907667"",""description"":"""",""hsn_code"":"""",""weighted_price"":100,""invoice_date"":""2026-07-01"",""sap_code"":"""",""purchase_doc_number"":"""",""purchase_invoice_number"":"""",""tax1"":0,""tax2"":0,""tax3"":0,""tax1_amount"":0,""tax2_amount"":0,""tax3_amount"":0,""expiry_date"":"""",""manufacturing_date"":"""",""sap_group_master_id"":0,""category"":""Food"",""yield_qty"":""0"",""discount_application"":""B"",""container_weight"":0,""net_weight"":""1"",""gross_weight"":0,""tax_type"":0,""excise_duty"":0,""tax1_label"":""CGST"",""tax2_label"":""SGST"",""tax3_label"":""IGST""},{""prev_price"":""0.000000"",""item_id"":""46282800"",""itemname"":""Carrot"",""qty"":0.5,""price"":50,""amount"":25,""discount"":""0.000"",""lbl_unit"":""Kg"",""unit"":""4907667"",""description"":"""",""hsn_code"":"""",""weighted_price"":50,""invoice_date"":""2026-07-01"",""sap_code"":"""",""purchase_doc_number"":"""",""purchase_invoice_number"":"""",""tax1"":0,""tax2"":0,""tax3"":0,""tax1_amount"":0,""tax2_amount"":0,""tax3_amount"":0,""expiry_date"":"""",""manufacturing_date"":"""",""sap_group_master_id"":0,""category"":""Food"",""rmconv_qty"":""1000"",""rmconv_qty_total"":500,""rmconv_unit_id"":""4907673"",""rmconv_unit"":""GM"",""yield_qty"":""0"",""discount_application"":""B"",""container_weight"":0,""net_weight"":""0.5"",""gross_weight"":0,""tax_type"":0,""excise_duty"":0,""tax1_label"":""CGST"",""tax2_label"":""SGST"",""tax3_label"":""IGST""},{""prev_price"":""0.000000"",""item_id"":""46282722"",""itemname"":""Onion"",""qty"":4,""price"":32,""amount"":128,""discount"":""0.000"",""lbl_unit"":""Kg"",""unit"":""4907667"",""description"":"""",""hsn_code"":"""",""weighted_price"":32,""invoice_date"":""2026-07-01"",""sap_code"":"""",""purchase_doc_number"":"""",""purchase_invoice_number"":"""",""tax1"":0,""tax2"":0,""tax3"":0,""tax1_amount"":0,""tax2_amount"":0,""tax3_amount"":0,""expiry_date"":"""",""manufacturing_date"":"""",""sap_group_master_id"":0,""category"":""Food"",""rmconv_qty"":""1000"",""rmconv_qty_total"":4000,""rmconv_unit_id"":""4907673"",""rmconv_unit"":""GM"",""yield_qty"":""0"",""discount_application"":""B"",""container_weight"":0,""net_weight"":""4"",""gross_weight"":0,""tax_type"":0,""excise_duty"":0,""tax1_label"":""CGST"",""tax2_label"":""SGST"",""tax3_label"":""IGST""},{""prev_price"":""0.000000"",""item_id"":""46283343"",""itemname"":""Pineapple Peeled"",""qty"":2,""price"":130,""amount"":260,""discount"":""0.000"",""lbl_unit"":""Piece"",""unit"":""4907666"",""description"":"""",""hsn_code"":"""",""weighted_price"":130,""invoice_date"":""2026-07-01"",""sap_code"":"""",""purchase_doc_number"":"""",""purchase_invoice_number"":"""",""tax1"":0,""tax2"":0,""tax3"":0,""tax1_amount"":0,""tax2_amount"":0,""tax3_amount"":0,""expiry_date"":"""",""manufacturing_date"":"""",""sap_group_master_id"":0,""category"":""Food"",""yield_qty"":""0"",""discount_application"":""B"",""container_weight"":0,""net_weight"":""2"",""gross_weight"":0,""tax_type"":0,""excise_duty"":0,""tax1_label"":""CGST"",""tax2_label"":""SGST"",""tax3_label"":""IGST""},{""prev_price"":""0.000000"",""item_id"":""46282817"",""itemname"":""Spring Onion ."",""qty"":1,""price"":90,""amount"":90,""discount"":""0.000"",""lbl_unit"":""Kg"",""unit"":""4907667"",""description"":"""",""hsn_code"":"""",""weighted_price"":90,""invoice_date"":""2026-07-01"",""sap_code"":"""",""purchase_doc_number"":"""",""purchase_invoice_number"":"""",""tax1"":0,""tax2"":0,""tax3"":0,""tax1_amount"":0,""tax2_amount"":0,""tax3_amount"":0,""expiry_date"":"""",""manufacturing_date"":"""",""sap_group_master_id"":0,""category"":""Food"",""rmconv_qty"":""1000"",""rmconv_qty_total"":1000,""rmconv_unit_id"":""4907673"",""rmconv_unit"":""GM"",""yield_qty"":""0"",""discount_application"":""B"",""container_weight"":0,""net_weight"":""1"",""gross_weight"":0,""tax_type"":0,""excise_duty"":0,""tax1_label"":""CGST"",""tax2_label"":""SGST"",""tax3_label"":""IGST""},{""prev_price"":""0.000000"",""item_id"":""46282709"",""itemname"":""Green Garlic"",""qty"":2,""price"":200,""amount"":400,""discount"":""0.000"",""lbl_unit"":""Kg"",""unit"":""4907667"",""description"":"""",""hsn_code"":"""",""weighted_price"":200,""invoice_date"":""2026-07-01"",""sap_code"":"""",""purchase_doc_number"":"""",""purchase_invoice_number"":"""",""tax1"":0,""tax2"":0,""tax3"":0,""tax1_amount"":0,""tax2_amount"":0,""tax3_amount"":0,""expiry_date"":"""",""manufacturing_date"":"""",""sap_group_master_id"":0,""category"":""Food"",""rmconv_qty"":""1000"",""rmconv_qty_total"":2000,""rmconv_unit_id"":""4907673"",""rmconv_unit"":""GM"",""yield_qty"":""0"",""discount_application"":""B"",""container_weight"":0,""net_weight"":""2"",""gross_weight"":0,""tax_type"":0,""excise_duty"":0,""tax1_label"":""CGST"",""tax2_label"":""SGST"",""tax3_label"":""IGST""},{""prev_price"":""0.000000"",""item_id"":""46282770"",""itemname"":""Green Bell Pepper"",""qty"":1.5,""price"":80,""amount"":120,""discount"":""0.000"",""lbl_unit"":""Kg"",""unit"":""4907667"",""description"":"""",""hsn_code"":"""",""weighted_price"":80,""invoice_date"":""2026-07-01"",""sap_code"":"""",""purchase_doc_number"":"""",""purchase_invoice_number"":"""",""tax1"":0,""tax2"":0,""tax3"":0,""tax1_amount"":0,""tax2_amount"":0,""tax3_amount"":0,""expiry_date"":"""",""manufacturing_date"":"""",""sap_group_master_id"":0,""category"":""Food"",""rmconv_qty"":""1000"",""rmconv_qty_total"":1500,""rmconv_unit_id"":""4907673"",""rmconv_unit"":""GM"",""yield_qty"":""0"",""discount_application"":""B"",""container_weight"":0,""net_weight"":""1.5"",""gross_weight"":0,""tax_type"":0,""excise_duty"":0,""tax1_label"":""CGST"",""tax2_label"":""SGST"",""tax3_label"":""IGST""},{""prev_price"":""0.000000"",""item_id"":""46282704"",""itemname"":""Broccoli"",""qty"":3,""price"":320,""amount"":960,""discount"":""0.000"",""lbl_unit"":""Kg"",""unit"":""4907667"",""description"":"""",""hsn_code"":"""",""weighted_price"":320,""invoice_date"":""2026-07-01"",""sap_code"":"""",""purchase_doc_number"":"""",""purchase_invoice_number"":"""",""tax1"":0,""tax2"":0,""tax3"":0,""tax1_amount"":0,""tax2_amount"":0,""tax3_amount"":0,""expiry_date"":"""",""manufacturing_date"":"""",""sap_group_master_id"":0,""category"":""Food"",""rmconv_qty"":""1000"",""rmconv_qty_total"":3000,""rmconv_unit_id"":""4907673"",""rmconv_unit"":""GM"",""yield_qty"":""0"",""discount_application"":""B"",""container_weight"":0,""net_weight"":""3"",""gross_weight"":0,""tax_type"":0,""excise_duty"":0,""tax1_label"":""CGST"",""tax2_label"":""SGST"",""tax3_label"":""IGST""},{""prev_price"":""0.000000"",""item_id"":""46282700"",""itemname"":""Mint"",""qty"":1,""price"":25,""amount"":25,""discount"":""0.000"",""lbl_unit"":""pcs"",""unit"":""5165360"",""description"":"""",""hsn_code"":"""",""weighted_price"":25,""invoice_date"":""2026-07-01"",""sap_code"":"""",""purchase_doc_number"":"""",""purchase_invoice_number"":"""",""tax1"":0,""tax2"":0,""tax3"":0,""tax1_amount"":0,""tax2_amount"":0,""tax3_amount"":0,""expiry_date"":"""",""manufacturing_date"":"""",""sap_group_master_id"":0,""category"":""Food"",""yield_qty"":""0"",""discount_application"":""B"",""container_weight"":0,""net_weight"":""1"",""gross_weight"":0,""tax_type"":0,""excise_duty"":0,""tax1_label"":""CGST"",""tax2_label"":""SGST"",""tax3_label"":""IGST""}]",[],0,0,,,[],[],,,,,,,1,,,,,,,,,,,,,,,,,,,,,,,,,,,,,,,,,,,,,,,,,,,,,,,,,,,,,,,,,,,,,,,,,,,,,,,,,,,,,,,,,,,,,,,,,,,,,,,,,,,,,,,,,,,,,,,,,,,,,,,,,,,,,,,,,,,,,,,,,,,,,,,,,,,,,,,,,,,,,,,,,,,,,,,,,,,,,,,,,,,,,,,,,,,,,,,,,,,,,,,,,,,,,,,,,,,,,,,,,,,,,,,,,,,,,,,,,,,,,,,,,,,,,,,,,,,,,,,,,,,,,,,,,,,,,,,,,,,,,,,,,,,,,,,,,,,,,,6a45fb3e-d0e4-4d9b-b0d0-338a3c009500,60.0.149.0,,,,,,,,,,,,,,,,,,,,,,,,,,,,,,,,,,,,,,,,,,,,,,,,,,,,,,,,,,,,,,,,,,,,,,,,,,,,,,,,,,,,,,,,,,,,,,,,,,,,,,,,,,,,,,,,,,,,,,,,,,,,,,,,,,,,,,,,,,,,,,,,,,,,,,,,,,,,,,,,,,,,,,,,,,,,,,,,,,,,,,,,,,,,,,,,,,,,,,,,,,,,,,,,,,,,,,,,,,,,,,,,,,,,,,,,,,,,,,,,,,,,,,,,,,,,,,,,,,,,,,,,,,,,,,,,,,,,,,,,,,,,,,,,,,,,,,,,,,,,,,,,,,,,,,,,,,,,,,,,,,,,,,,,,,,,,,,,,,,,,,,,,,,,,,,,,,,,,,,,,,,,,,,,,,,,,,,,,,,,,,,,,,,,,,,,,,,,,,,,,,,,,,,,,,,,,,,,,,,,,,,,,,,,,,,,,,,,,,,,,,,,,,,
Surat Prep Kitchen,376017,133745740,Normal,,2564,INV-000163,2026-07-01,325,0,Active,Unpaid,,325,0,0,0,0.00,0,0,0,0,2026-07-02 11:16:05,2026-07-02 11:16:05,1362051,Supplier,,Surat,Surat Prep Kitchen,Gujarat,,"Gujarat Hira Bourse , Ichchapore",9016168269,,,,,Requix Map Private Limited,Supplier,,Gujarat,,,,0,,,,,1,,,0,,"[{""prev_price"":""0.000000"",""item_id"":""46283028"",""itemname"":""Hydroponic English Cucumber"",""qty"":6.5,""price"":50,""amount"":325,""discount"":""0.000"",""lbl_unit"":""Kg"",""unit"":""4907667"",""description"":"""",""hsn_code"":"""",""weighted_price"":50,""invoice_date"":""2026-07-01"",""sap_code"":"""",""purchase_doc_number"":"""",""purchase_invoice_number"":"""",""tax1"":0,""tax2"":0,""tax3"":0,""tax1_amount"":0,""tax2_amount"":0,""tax3_amount"":0,""expiry_date"":"""",""manufacturing_date"":"""",""sap_group_master_id"":0,""category"":""Food"",""rmconv_qty"":""1000"",""rmconv_qty_total"":6500,""rmconv_unit_id"":""4907673"",""rmconv_unit"":""GM"",""yield_qty"":""0"",""discount_application"":""B"",""container_weight"":0,""net_weight"":""6.5"",""gross_weight"":0,""tax_type"":0,""excise_duty"":0,""tax1_label"":""CGST"",""tax2_label"":""SGST"",""tax3_label"":""IGST""}]",[],0,0,,,[],[],,,,,,,1,,,,,,,,,,,,,,,,,,,,,,,,,,,,,,,,,,,,,,,,,,,,,,,,,,,,,,,,,,,,,,,,,,,,,,,,,,,,,,,,,,,,,,,,,,,,,,,,,,,,,,,,,,,,,,,,,,,,,,,,,,,,,,,,,,,,,,,,,,,,,,,,,,,,,,,,,,,,,,,,,,,,,,,,,,,,,,,,,,,,,,,,,,,,,,,,,,,,,,,,,,,,,,,,,,,,,,,,,,,,,,,,,,,,,,,,,,,,,,,,,,,,,,,,,,,,,,,,,,,,,,,,,,,,,,,,,,,,,,,,,,,,,,,,,,,,,,,,6a45fafc-b8d4-4d8f-bc79-0fd33c009e87,60.0.149.0,,,,,,,,,,,,,,,,,,,,,,,,,,,,,,,,,,,,,,,,,,,,,,,,,,,,,,,,,,,,,,,,,,,,,,,,,,,,,,,,,,,,,,,,,,,,,,,,,,,,,,,,,,,,,,,,,,,,,,,,,,,,,,,,,,,,,,,,,,,,,,,,,,,,,,,,,,,,,,,,,,,,,,,,,,,,,,,,,,,,,,,,,,,,,,,,,,,,,,,,,,,,,,,,,,,,,,,,,,,,,,,,,,,,,,,,,,,,,,,,,,,,,,,,,,,,,,,,,,,,,,,,,,,,,,,,,,,,,,,,,,,,,,,,,,,,,,,,,,,,,,,,,,,,,,,,,,,,,,,,,,,,,,,,,,,,,,,,,,,,,,,,,,,,,,,,,,,,,,,,,,,,,,,,,,,,,,,,,,,,,,,,,,,,,,,,,,,,,,,,,,,,,,,,,,,,,,,,,,,,,,,,,,,,,,,,,,,,,,,,,,,,,
Surat Prep Kitchen,376017,133745621,Normal,,2563,843,2026-07-01,1012,0,Active,Unpaid,,892,0,0,120,0.00,0,0,0,0,2026-07-02 11:15:08,2026-07-02 11:15:08,996921,Supplier,,Surat,Surat Prep Kitchen,Gujarat,,"Gujarat Hira Bourse , Ichchapore",9016168269,,,,,Plantaire Redefinning Roots,Supplier,,Gujarat,,,,0,,,,,1,,,0,,"[{""prev_price"":""0.000000"",""item_id"":""46282703"",""itemname"":""Basil"",""qty"":2.3,""price"":320,""amount"":736,""discount"":""0.000"",""lbl_unit"":""Kg"",""unit"":""4907667"",""description"":"""",""hsn_code"":"""",""weighted_price"":320,""invoice_date"":""2026-07-01"",""sap_code"":"""",""purchase_doc_number"":"""",""purchase_invoice_number"":"""",""tax1"":0,""tax2"":0,""tax3"":0,""tax1_amount"":0,""tax2_amount"":0,""tax3_amount"":0,""expiry_date"":"""",""manufacturing_date"":"""",""sap_group_master_id"":0,""category"":""Food"",""rmconv_qty"":""1000"",""rmconv_qty_total"":2300,""rmconv_unit_id"":""4907673"",""rmconv_unit"":""GM"",""yield_qty"":""0"",""discount_application"":""B"",""container_weight"":0,""net_weight"":""2.3"",""gross_weight"":0,""tax_type"":0,""excise_duty"":0,""tax1_label"":""CGST"",""tax2_label"":""SGST"",""tax3_label"":""IGST""},{""prev_price"":""0.000000"",""item_id"":""46282818"",""itemname"":""Tomato"",""qty"":0.6,""price"":260,""amount"":156,""discount"":""0.000"",""lbl_unit"":""Kg"",""unit"":""4907667"",""description"":"""",""hsn_code"":"""",""weighted_price"":260,""invoice_date"":""2026-07-01"",""sap_code"":"""",""purchase_doc_number"":"""",""purchase_invoice_number"":"""",""tax1"":0,""tax2"":0,""tax3"":0,""tax1_amount"":0,""tax2_amount"":0,""tax3_amount"":0,""expiry_date"":"""",""manufacturing_date"":"""",""sap_group_master_id"":0,""category"":""Food"",""rmconv_qty"":""1000"",""rmconv_qty_total"":600,""rmconv_unit_id"":""4907673"",""rmconv_unit"":""GM"",""yield_qty"":""0"",""discount_application"":""B"",""container_weight"":0,""net_weight"":""0.6"",""gross_weight"":0,""tax_type"":0,""excise_duty"":0,""tax1_label"":""CGST"",""tax2_label"":""SGST"",""tax3_label"":""IGST""}]",[],0,0,,,[],[],,,,,,,1,,,,,,,,,,,,,,,,,,,,,,,,,,,,,,,,,,,,,,,,,,,,,,,,,,,,,,,,,,,,,,,,,,,,,,,,,,,,,,,,,,,,,,,,,,,,,,,,,,,,,,,,,,,,,,,,,,,,,,,,,,,,,,,,,,,,,,,,,,,,,,,,,,,,,,,,,,,,,,,,,,,,,,,,,,,,,,,,,,,,,,,,,,,,,,,,,,,,,,,,,,,,,,,,,,,,,,,,,,,,,,,,,,,,,,,,,,,,,,,,,,,,,,,,,,,,,,,,,,,,,,,,,,,,,,,,,,,,,,,,,,,,,,,,,,,,,,,,,,6a45fab8-4300-4b4d-8872-63663c0081c4,60.0.149.0,,,,,,,,,,,,,,,,,,,,,,,,,,,,,,,,,,,,,,,,,,,,,,,,,,,,,,,,,,,,,,,,,,,,,,,,,,,,,,,,,,,,,,,,,,,,,,,,,,,,,,,,,,,,,,,,,,,,,,,,,,,,,,,,,,,,,,,,,,,,,,,,,,,,,,,,,,,,,,,,,,,,,,,,,,,,,,,,,,,,,,,,,,,,,,,,,,,,,,,,,,,,,,,,,,,,,,,,,,,,,,,,,,,,,,,,,,,,,,,,,,,,,,,,,,,,,,,,,,,,,,,,,,,,,,,,,,,,,,,,,,,,,,,,,,,,,,,,,,,,,,,,,,,,,,,,,,,,,,,,,,,,,,,,,,,,,,,,,,,,,,,,,,,,,,,,,,,,,,,,,,,,,,,,,,,,,,,,,,,,,,,,,,,,,,,,,,,,,,,,,,,,,,,,,,,,,,,,,,,,,,,,,,,,,,,,,,,,,,,,,,,
Surat Prep Kitchen,376017,133745518,Normal,,2562,4880,2026-07-01,3437.5,0,Active,Unpaid,,3437.5,0,0,0,0.00,0,0,0,0,2026-07-02 11:14:17,2026-07-02 11:14:17,892196,Supplier,,Surat,Surat Prep Kitchen,Gujarat,,"Gujarat Hira Bourse , Ichchapore",9016168269,,,,,Nature Fresh Exotic Vegetables,Supplier,,Gujarat,,,9825135103,0,,,,,1,,,0,,"[{""prev_price"":""0.000000"",""item_id"":""46283075"",""itemname"":""Italian Lemon"",""qty"":6.25,""price"":550,""amount"":3437.5,""discount"":""0.000"",""lbl_unit"":""Kg"",""unit"":""4907667"",""description"":"""",""hsn_code"":"""",""weighted_price"":550,""invoice_date"":""2026-07-01"",""sap_code"":"""",""purchase_doc_number"":"""",""purchase_invoice_number"":"""",""tax1"":0,""tax2"":0,""tax3"":0,""tax1_amount"":0,""tax2_amount"":0,""tax3_amount"":0,""expiry_date"":"""",""manufacturing_date"":"""",""sap_group_master_id"":0,""category"":""Food"",""rmconv_qty"":""1000"",""rmconv_qty_total"":6250,""rmconv_unit_id"":""4907673"",""rmconv_unit"":""GM"",""yield_qty"":""0"",""discount_application"":""B"",""container_weight"":0,""net_weight"":""6.25"",""gross_weight"":0,""tax_type"":0,""excise_duty"":0,""tax1_label"":""CGST"",""tax2_label"":""SGST"",""tax3_label"":""IGST""}]",[],0,0,,,[],[],,,,,,,1,,,,,,,,,,,,,,,,,,,,,,,,,,,,,,,,,,,,,,,,,,,,,,,,,,,,,,,,,,,,,,,,,,,,,,,,,,,,,,,,,,,,,,,,,,,,,,,,,,,,,,,,,,,,,,,,,,,,,,,,,,,,,,,,,,,,,,,,,,,,,,,,,,,,,,,,,,,,,,,,,,,,,,,,,,,,,,,,,,,,,,,,,,,,,,,,,,,,,,,,,,,,,,,,,,,,,,,,,,,,,,,,,,,,,,,,,,,,,,,,,,,,,,,,,,,,,,,,,,,,,,,,,,,,,,,,,,,,,,,,,,,,,,,,,,,,,,,,,,,,6a45fa8d-b6e0-4632-8eaf-33363c009500,60.0.149.0,,,,,,,,,,,,,,,,,,,,,,,,,,,,,,,,,,,,,,,,,,,,,,,,,,,,,,,,,,,,,,,,,,,,,,,,,,,,,,,,,,,,,,,,,,,,,,,,,,,,,,,,,,,,,,,,,,,,,,,,,,,,,,,,,,,,,,,,,,,,,,,,,,,,,,,,,,,,,,,,,,,,,,,,,,,,,,,,,,,,,,,,,,,,,,,,,,,,,,,,,,,,,,,,,,,,,,,,,,,,,,,,,,,,,,,,,,,,,,,,,,,,,,,,,,,,,,,,,,,,,,,,,,,,,,,,,,,,,,,,,,,,,,,,,,,,,,,,,,,,,,,,,,,,,,,,,,,,,,,,,,,,,,,,,,,,,,,,,,,,,,,,,,,,,,,,,,,,,,,,,,,,,,,,,,,,,,,,,,,,,,,,,,,,,,,,,,,,,,,,,,,,,,,,,,,,,,,,,,,,,,,,,,,,,,,,,,,,,,,,,
Surat Prep Kitchen,376017,133745412,Normal,,2561,F3745,2026-07-01,800,0,Active,Unpaid,,800,0,0,0,0.00,0,0,0,0,2026-07-02 11:13:31,2026-07-02 11:13:31,1014167,Supplier,,Surat,Surat Prep Kitchen,Gujarat,,"Gujarat Hira Bourse , Ichchapore",9016168269,,,,,Fresh N Local,Supplier,,Gujarat,,,9825122870,0,,,,,1,,,0,,"[{""prev_price"":""0.000000"",""item_id"":""46282799"",""itemname"":""Brussels Sprouts."",""qty"":1,""price"":800,""amount"":800,""discount"":""0.000"",""lbl_unit"":""Kg"",""unit"":""4907667"",""description"":"""",""hsn_code"":"""",""weighted_price"":800,""invoice_date"":""2026-07-01"",""sap_code"":"""",""purchase_doc_number"":"""",""purchase_invoice_number"":"""",""tax1"":0,""tax2"":0,""tax3"":0,""tax1_amount"":0,""tax2_amount"":0,""tax3_amount"":0,""expiry_date"":"""",""manufacturing_date"":"""",""sap_group_master_id"":0,""category"":""Food"",""rmconv_qty"":""1000"",""rmconv_qty_total"":1000,""rmconv_unit_id"":""4907673"",""rmconv_unit"":""GM"",""yield_qty"":""0"",""discount_application"":""B"",""container_weight"":0,""net_weight"":""1"",""gross_weight"":0,""tax_type"":0,""excise_duty"":0,""tax1_label"":""CGST"",""tax2_label"":""SGST"",""tax3_label"":""IGST""}]",[],0,0,,,[],[],,,,,,,1,,,,,,,,,,,,,,,,,,,,,,,,,,,,,,,,,,,,,,,,,,,,,,,,,,,,,,,,,,,,,,,,,,,,,,,,,,,,,,,,,,,,,,,,,,,,,,,,,,,,,,,,,,,,,,,,,,,,,,,,,,,,,,,,,,,,,,,,,,,,,,,,,,,,,,,,,,,,,,,,,,,,,,,,,,,,,,,,,,,,,,,,,,,,,,,,,,,,,,,,,,,,,,,,,,,,,,,,,,,,,,,,,,,,,,,,,,,,,,,,,,,,,,,,,,,,,,,,,,,,,,,,,,,,,,,,,,,,,,,,,,,,,,,,,,,,,,,,,,,,,,6a45fa4c-dc5c-4a50-a68d-63333c0081c4,60.0.129.196,,,,,,,,,,,,,,,,,,,,,,,,,,,,,,,,,,,,,,,,,,,,,,,,,,,,,,,,,,,,,,,,,,,,,,,,,,,,,,,,,,,,,,,,,,,,,,,,,,,,,,,,,,,,,,,,,,,,,,,,,,,,,,,,,,,,,,,,,,,,,,,,,,,,,,,,,,,,,,,,,,,,,,,,,,,,,,,,,,,,,,,,,,,,,,,,,,,,,,,,,,,,,,,,,,,,,,,,,,,,,,,,,,,,,,,,,,,,,,,,,,,,,,,,,,,,,,,,,,,,,,,,,,,,,,,,,,,,,,,,,,,,,,,,,,,,,,,,,,,,,,,,,,,,,,,,,,,,,,,,,,,,,,,,,,,,,,,,,,,,,,,,,,,,,,,,,,,,,,,,,,,,,,,,,,,,,,,,,,,,,,,,,,,,,,,,,,,,,,,,,,,,,,,,,,,,,,,,,,,,,,,,,,,,,,,,,,,,,,,
Surat Prep Kitchen,376017,133745216,Normal,,2560,4853,2026-07-01,1707.5,0,Active,Unpaid,,1707.5,0,0,0,0.00,0,0,0,0,2026-07-02 11:12:08,2026-07-02 11:12:08,892196,Supplier,,Surat,Surat Prep Kitchen,Gujarat,,"Gujarat Hira Bourse , Ichchapore",9016168269,,,,,Nature Fresh Exotic Vegetables,Supplier,,Gujarat,,,9825135103,0,,,,,1,,,0,,"[{""prev_price"":""0.000000"",""item_id"":""46283077"",""itemname"":""Bean Sprouts"",""qty"":0.5,""price"":230,""amount"":115,""discount"":""0.000"",""lbl_unit"":""Kg"",""unit"":""4907667"",""description"":"""",""hsn_code"":"""",""weighted_price"":230,""invoice_date"":""2026-07-01"",""sap_code"":"""",""purchase_doc_number"":"""",""purchase_invoice_number"":"""",""tax1"":0,""tax2"":0,""tax3"":0,""tax1_amount"":0,""tax2_amount"":0,""tax3_amount"":0,""expiry_date"":"""",""manufacturing_date"":"""",""sap_group_master_id"":0,""category"":""Food"",""rmconv_qty"":""1000"",""rmconv_qty_total"":500,""rmconv_unit_id"":""4907673"",""rmconv_unit"":""GM"",""yield_qty"":""0"",""discount_application"":""B"",""container_weight"":0,""net_weight"":""0.5"",""gross_weight"":0,""tax_type"":0,""excise_duty"":0,""tax1_label"":""CGST"",""tax2_label"":""SGST"",""tax3_label"":""IGST""},{""prev_price"":""0.000000"",""item_id"":""46283075"",""itemname"":""Italian Lemon"",""qty"":2.05,""price"":535,""amount"":1096.75,""discount"":""0.000"",""lbl_unit"":""Kg"",""unit"":""4907667"",""description"":"""",""hsn_code"":"""",""weighted_price"":535,""invoice_date"":""2026-07-01"",""sap_code"":"""",""purchase_doc_number"":"""",""purchase_invoice_number"":"""",""tax1"":0,""tax2"":0,""tax3"":0,""tax1_amount"":0,""tax2_amount"":0,""tax3_amount"":0,""expiry_date"":"""",""manufacturing_date"":"""",""sap_group_master_id"":0,""category"":""Food"",""rmconv_qty"":""1000"",""rmconv_qty_total"":2050,""rmconv_unit_id"":""4907673"",""rmconv_unit"":""GM"",""yield_qty"":""0"",""discount_application"":""B"",""container_weight"":0,""net_weight"":""2.05"",""gross_weight"":0,""tax_type"":0,""excise_duty"":0,""tax1_label"":""CGST"",""tax2_label"":""SGST"",""tax3_label"":""IGST""},{""prev_price"":""0.000000"",""item_id"":""46283103"",""itemname"":""Edible Flower"",""qty"":2,""price"":110,""amount"":220,""discount"":""0.000"",""lbl_unit"":""Pkt"",""unit"":""5165362"",""description"":"""",""hsn_code"":"""",""weighted_price"":110,""invoice_date"":""2026-07-01"",""sap_code"":"""",""purchase_doc_number"":"""",""purchase_invoice_number"":"""",""tax1"":0,""tax2"":0,""tax3"":0,""tax1_amount"":0,""tax2_amount"":0,""tax3_amount"":0,""expiry_date"":"""",""manufacturing_date"":"""",""sap_group_master_id"":0,""category"":""Food"",""yield_qty"":""0"",""discount_application"":""B"",""container_weight"":0,""net_weight"":""2"",""gross_weight"":0,""tax_type"":0,""excise_duty"":0,""tax1_label"":""CGST"",""tax2_label"":""SGST"",""tax3_label"":""IGST""},{""prev_price"":""0.000000"",""item_id"":""46283359"",""itemname"":""Leek"",""qty"":0.65,""price"":85,""amount"":55.25,""discount"":""0.000"",""lbl_unit"":""Qty"",""unit"":""4907684"",""description"":"""",""hsn_code"":"""",""weighted_price"":85,""invoice_date"":""2026-07-01"",""sap_code"":"""",""purchase_doc_number"":"""",""purchase_invoice_number"":"""",""tax1"":0,""tax2"":0,""tax3"":0,""tax1_amount"":0,""tax2_amount"":0,""tax3_amount"":0,""expiry_date"":"""",""manufacturing_date"":"""",""sap_group_master_id"":0,""category"":""Food"",""yield_qty"":""0"",""discount_application"":""B"",""container_weight"":0,""net_weight"":""0.65"",""gross_weight"":0,""tax_type"":0,""excise_duty"":0,""tax1_label"":""CGST"",""tax2_label"":""SGST"",""tax3_label"":""IGST""},{""prev_price"":""0.000000"",""item_id"":""46283364"",""itemname"":""Bokchoy"",""qty"":2.1,""price"":105,""amount"":220.5,""discount"":""0.000"",""lbl_unit"":""Kg"",""unit"":""4907667"",""description"":"""",""hsn_code"":"""",""weighted_price"":105,""invoice_date"":""2026-07-01"",""sap_code"":"""",""purchase_doc_number"":"""",""purchase_invoice_number"":"""",""tax1"":0,""tax2"":0,""tax3"":0,""tax1_amount"":0,""tax2_amount"":0,""tax3_amount"":0,""expiry_date"":"""",""manufacturing_date"":"""",""sap_group_master_id"":0,""category"":""Food"",""rmconv_qty"":""1000"",""rmconv_qty_total"":2100,""rmconv_unit_id"":""4907673"",""rmconv_unit"":""GM"",""yield_qty"":""0"",""discount_application"":""B"",""container_weight"":0,""net_weight"":""2.1"",""gross_weight"":0,""tax_type"":0,""excise_duty"":0,""tax1_label"":""CGST"",""tax2_label"":""SGST"",""tax3_label"":""IGST""}]",[],0,0,,,[],[],,,,,,,1,,,,,,,,,,,,,,,,,,,,,,,,,,,,,,,,,,,,,,,,,,,,,,,,,,,,,,,,,,,,,,,,,,,,,,,,,,,,,,,,,,,,,,,,,,,,,,,,,,,,,,,,,,,,,,,,,,,,,,,,,,,,,,,,,,,,,,,,,,,,,,,,,,,,,,,,,,,,,,,,,,,,,,,,,,,,,,,,,,,,,,,,,,,,,,,,,,,,,,,,,,,,,,,,,,,,,,,,,,,,,,,,,,,,,,,,,,,,,,,,,,,,,,,,,,,,,,,,,,,,,,,,,,,,,,,,,,,,,,,,,,,,,,,,,,,,,,,,,,,,,,,,6a45f992-873c-4e01-bfb9-03f13c009e87,60.0.158.135,,,,,,,,,,,,,,,,,,,,,,,,,,,,,,,,,,,,,,,,,,,,,,,,,,,,,,,,,,,,,,,,,,,,,,,,,,,,,,,,,,,,,,,,,,,,,,,,,,,,,,,,,,,,,,,,,,,,,,,,,,,,,,,,,,,,,,,,,,,,,,,,,,,,,,,,,,,,,,,,,,,,,,,,,,,,,,,,,,,,,,,,,,,,,,,,,,,,,,,,,,,,,,,,,,,,,,,,,,,,,,,,,,,,,,,,,,,,,,,,,,,,,,,,,,,,,,,,,,,,,,,,,,,,,,,,,,,,,,,,,,,,,,,,,,,,,,,,,,,,,,,,,,,,,,,,,,,,,,,,,,,,,,,,,,,,,,,,,,,,,,,,,,,,,,,,,,,,,,,,,,,,,,,,,,,,,,,,,,,,,,,,,,,,,,,,,,,,,,,,,,,,,,,,,,,,,,,,,,,,,,,,,,,,,,,,,,,,,
Surat Prep Kitchen,376017,133744183,Normal,,2559,F3744,2026-07-02,1800,0,Active,Unpaid,,1800,0,0,0,0.00,0,0,0,0,2026-07-02 11:04:17,2026-07-02 11:04:17,1014167,Supplier,,Surat,Surat Prep Kitchen,Gujarat,,"Gujarat Hira Bourse , Ichchapore",9016168269,,,,,Fresh N Local,Supplier,,Gujarat,,,9825122870,0,,,,,1,,,0,,"[{""prev_price"":""0.000000"",""item_id"":""46758659"",""itemname"":""Indian Cherry"",""qty"":3,""price"":600,""amount"":1800,""discount"":""0.000"",""lbl_unit"":""Kg"",""unit"":""4907667"",""description"":"""",""hsn_code"":"""",""weighted_price"":600,""invoice_date"":""2026-07-02"",""sap_code"":"""",""purchase_doc_number"":"""",""purchase_invoice_number"":"""",""tax1"":0,""tax2"":0,""tax3"":0,""tax1_amount"":0,""tax2_amount"":0,""tax3_amount"":0,""expiry_date"":"""",""manufacturing_date"":"""",""sap_group_master_id"":0,""category"":""Food"",""rmconv_qty"":""1000"",""rmconv_qty_total"":3000,""rmconv_unit_id"":""4907673"",""rmconv_unit"":""GM"",""yield_qty"":""0"",""discount_application"":""B"",""container_weight"":0,""net_weight"":""3"",""gross_weight"":0,""tax_type"":0,""excise_duty"":0,""tax1_label"":""CGST"",""tax2_label"":""SGST"",""tax3_label"":""IGST""}]",[],0,0,,,[],[],,,,,,,1,,,,,,,,,,,,,,,,,,,,,,,,,,,,,,,,,,,,,,,,,,,,,,,,,,,,,,,,,,,,,,,,,,,,,,,,,,,,,,,,,,,,,,,,,,,,,,,,,,,,,,,,,,,,,,,,,,,,,,,,,,,,,,,,,,,,,,,,,,,,,,,,,,,,,,,,,,,,,,,,,,,,,,,,,,,,,,,,,,,,,,,,,,,,,,,,,,,,,,,,,,,,,,,,,,,,,,,,,,,,,,,,,,,,,,,,,,,,,,,,,,,,,,,,,,,,,,,,,,,,,,,,,,,,,,,,,,,,,,,,,,,,,,,,,,,,,,,,,,,,,,,,,,6a45f82d-af08-4ee0-b294-09743c009500,60.0.149.0,,,,,,,,,,,,,,,,,,,,,,,,,,,,,,,,,,,,,,,,,,,,,,,,,,,,,,,,,,,,,,,,,,,,,,,,,,,,,,,,,,,,,,,,,,,,,,,,,,,,,,,,,,,,,,,,,,,,,,,,,,,,,,,,,,,,,,,,,,,,,,,,,,,,,,,,,,,,,,,,,,,,,,,,,,,,,,,,,,,,,,,,,,,,,,,,,,,,,,,,,,,,,,,,,,,,,,,,,,,,,,,,,,,,,,,,,,,,,,,,,,,,,,,,,,,,,,,,,,,,,,,,,,,,,,,,,,,,,,,,,,,,,,,,,,,,,,,,,,,,,,,,,,,,,,,,,,,,,,,,,,,,,,,,,,,,,,,,,,,,,,,,,,,,,,,,,,,,,,,,,,,,,,,,,,,,,,,,,,,,,,,,,,,,,,,,,,,,,,,,,,,,,,,,,,,,,,,,,,,,,,,,,,,,,,,,,,,
Surat Prep Kitchen,376017,133743188,Normal,,2558,INV-26y0701-0016,2026-07-02,5400,0,Active,Unpaid,,5400,0,0,0,0.00,0,0,0,0,2026-07-02 10:57:11,2026-07-02 11:16:36,891257,Supplier,,Surat,Surat Prep Kitchen,Gujarat,,"Gujarat Hira Bourse , Ichchapore",9016168269,,,,,Vr Agro,Supplier,rajmewara004@gmail.com,Gujarat,,"56 basement NSTM sardar ,market puna kumbahraiya road, surat -395010",7096748177,0,,,,,1,,,0,,"[{""prev_price"":""90.000000"",""item_id"":""46283205"",""itemname"":""Red Chilli Small"",""qty"":60,""price"":90,""amount"":5400,""discount"":""0.000"",""lbl_unit"":""Kg"",""unit"":""4907667"",""description"":"""",""hsn_code"":"""",""weighted_price"":90,""invoice_date"":""2026-07-02"",""sap_code"":"""",""purchase_doc_number"":"""",""purchase_invoice_number"":"""",""tax1"":0,""tax2"":0,""tax3"":0,""tax1_amount"":0,""tax2_amount"":0,""tax3_amount"":0,""expiry_date"":"""",""manufacturing_date"":"""",""sap_group_master_id"":0,""category"":""Food"",""rmconv_qty"":""1000"",""rmconv_qty_total"":60000,""rmconv_unit_id"":""4907673"",""rmconv_unit"":""GM"",""yield_qty"":""0"",""discount_application"":""B"",""container_weight"":0,""net_weight"":""60"",""gross_weight"":""60"",""tax_type"":0,""excise_duty"":0,""tax1_label"":""CGST"",""tax2_label"":""SGST"",""tax3_label"":""IGST""}]",[],0,0,,,[],[],,,,,,,1,,,,,,,,,,,,,,,,,,,,,,,,,,,,,,,,,,,,,,,,,,,,,,,,,,,,,,,,,,,,,,,,,,,,,,,,,,,,,,,,,,,,,,,,,,,,,,,,,,,,,,,,,,,,,,,,,,,,,,,,,,,,,,,,,,,,,,,,,,,,,,,,,,,,,,,,,,,,,,,,,,,,,,,,,,,,,,,,,,,,,,,,,,,,,,,,,,,,,,,,,,,,,,,,,,,,,,,,,,,,,,,,,,,,,,,,,,,,,,,,,,,,,,,,,,,,,,,,,,,,,,,,,,,,,,,,,,,,,,,,,,,,,,,,,,,,,,,,,,,,,,,,,,,,17eeade1-5db9-4e43-ab1f-6576f7ccf923,6a45fb2d-53ac-4300-aeff-64c83c0081c4,60.0.142.24,60.0.129.196,,,,,,,,,,,,,,,,,,,,,,,,,,,,,,,,,,,,,,,,,,,,,,,,,,,,,,,,,,,,,,,,,,,,,,,,,,,,,,,,,,,,,,,,,,,,,,,,,,,,,,,,,,,,,,,,,,,,,,,,,,,,,,,,,,,,,,,,,,,,,,,,,,,,,,,,,,,,,,,,,,,,,,,,,,,,,,,,,,,,,,,,,,,,,,,,,,,,,,,,,,,,,,,,,,,,,,,,,,,,,,,,,,,,,,,,,,,,,,,,,,,,,,,,,,,,,,,,,,,,,,,,,,,,,,,,,,,,,,,,,,,,,,,,,,,,,,,,,,,,,,,,,,,,,,,,,,,,,,,,,,,,,,,,,,,,,,,,,,,,,,,,,,,,,,,,,,,,,,,,,,,,,,,,,,,,,,,,,,,,,,,,,,,,,,,,,,,,,,,,,,,,,,,,,,,,,,,,,,,,,,,,,,,,,,,
Surat Prep Kitchen,376017,133672005,Normal,,2557,01540,2026-07-01,31.68,0,Active,Unpaid,,31.68,0,0,0,0.00,0,0,0,0,2026-07-01 16:27:54,2026-07-01 16:27:54,1020814,Supplier,,Surat,Surat Prep Kitchen,Gujarat,,"Gujarat Hira Bourse , Ichchapore",9016168269,,,,,Sabji Bazaar,Supplier,,Gujarat,,,,0,,,,,1,,,0,,"[{""prev_price"":""0.000000"",""item_id"":""46282817"",""itemname"":""Spring Onion ."",""qty"":0.12,""price"":160,""amount"":19.2,""discount"":""0.000"",""lbl_unit"":""Kg"",""unit"":""4907667"",""description"":"""",""hsn_code"":"""",""weighted_price"":160,""invoice_date"":""2026-07-01"",""sap_code"":"""",""purchase_doc_number"":"""",""purchase_invoice_number"":"""",""tax1"":0,""tax2"":0,""tax3"":0,""tax1_amount"":0,""tax2_amount"":0,""tax3_amount"":0,""expiry_date"":"""",""manufacturing_date"":"""",""sap_group_master_id"":0,""category"":""Food"",""rmconv_qty"":""1000"",""rmconv_qty_total"":120,""rmconv_unit_id"":""4907673"",""rmconv_unit"":""GM"",""yield_qty"":""0"",""discount_application"":""B"",""container_weight"":0,""net_weight"":""0.12"",""gross_weight"":0,""tax_type"":0,""excise_duty"":0,""tax1_label"":""CGST"",""tax2_label"":""SGST"",""tax3_label"":""IGST""},{""prev_price"":""0.000000"",""item_id"":""46283365"",""itemname"":""Coriander"",""qty"":0.078,""price"":160,""amount"":12.48,""discount"":""0.000"",""lbl_unit"":""Kg"",""unit"":""4907667"",""description"":"""",""hsn_code"":"""",""weighted_price"":160,""invoice_date"":""2026-07-01"",""sap_code"":"""",""purchase_doc_number"":"""",""purchase_invoice_number"":"""",""tax1"":0,""tax2"":0,""tax3"":0,""tax1_amount"":0,""tax2_amount"":0,""tax3_amount"":0,""expiry_date"":"""",""manufacturing_date"":"""",""sap_group_master_id"":0,""category"":""Food"",""rmconv_qty"":""1000"",""rmconv_qty_total"":78,""rmconv_unit_id"":""4907673"",""rmconv_unit"":""GM"",""yield_qty"":""0"",""discount_application"":""B"",""container_weight"":0,""net_weight"":""0.078"",""gross_weight"":0,""tax_type"":0,""excise_duty"":0,""tax1_label"":""CGST"",""tax2_label"":""SGST"",""tax3_label"":""IGST""}]",[],0,0,,,[],[],,,,,,,1,,,,,,,,,,,,,,,,,,,,,,,,,,,,,,,,,,,,,,,,,,,,,,,,,,,,,,,,,,,,,,,,,,,,,,,,,,,,,,,,,,,,,,,,,,,,,,,,,,,,,,,,,,,,,,,,,,,,,,,,,,,,,,,,,,,,,,,,,,,,,,,,,,,,,,,,,,,,,,,,,,,,,,,,,,,,,,,,,,,,,,,,,,,,,,,,,,,,,,,,,,,,,,,,,,,,,,,,,,,,,,,,,,,,,,,,,,,,,,,,,,,,,,,,,,,,,,,,,,,,,,,,,,,,,,,,,,,,,,,,,,,,,,,,,,,,,,,,,,,,,,,,,,,,,,,,6a44f23e-0eec-4b52-bc11-09b13c0093af,60.0.135.61,,,,,,,,,,,,,,,,,,,,,,,,,,,,,,,,,,,,,,,,,,,,,,,,,,,,,,,,,,,,,,,,,,,,,,,,,,,,,,,,,,,,,,,,,,,,,,,,,,,,,,,,,,,,,,,,,,,,,,,,,,,,,,,,,,,,,,,,,,,,,,,,,,,,,,,,,,,,,,,,,,,,,,,,,,,,,,,,,,,,,,,,,,,,,,,,,,,,,,,,,,,,,,,,,,,,,,,,,,,,,,,,,,,,,,,,,,,,,,,,,,,,,,,,,,,,,,,,,,,,,,,,,,,,,,,,,,,,,,,,,,,,,,,,,,,,,,,,,,,,,,,,,,,,,,,,,,,,,,,,,,,,,,,,,,,,,,,,,,,,,,,,,,,,,,,,,,,,,,,,,,,,,,,,,,,,,,,,,,,,,,,,,,,,,,,,,,,,,,,,,,,,,,,,,,,,,,,,,,,,,,,,,,,,,
Surat Prep Kitchen,376017,133607415,Manual Stock,0,0,,2026-07-01,0,0,Active,Unpaid,,0,0,0,0,0.00,0,0,0,0,2026-07-01 02:36:42,2026-07-01 02:36:42,376017,Kitchen,,,,Gujarat,,,,,,,,,,,Gujarat,,,,,,,,,,,,,,"[{""item_id"":""46283251"",""unit"":""5165360"",""qty"":419,""itemname"":""Garlic Bread"",""lbl_unit"":""pcs"",""description"":"""",""weighted_price"":0,""price"":0,""amount"":0,""hsn_code"":"""",""batchprefix"":"""",""existing_stock"":""-340"",""current_stock"":""79"",""category"":""Food"",""sap_code"":"""",""tax_type"":0,""excise_duty"":0,""tax1_label"":""CGST"",""tax2_label"":""SGST"",""tax3_label"":""IGST""}]",[],0,0,,,[],[],,,,,,,,,,,,,,,,,,,,,,,,,,,,,,,,,,,,,,,,,,,,,,,,,,,,,,,,,,,,,,,,,,,,,,,,,,,,,,,,6a442fdb-a3f0-4376-a803-05753c009e87,,1,,,,,,,,,,,,,,,,,,,,,,,,,,,,,,,,,,,,,,,,,,,,,,,,,,,,,,,,,,,,,,,,,,,,,,,,,,,,,,,,,,,,,,,,,,,,,,,,,,,,,,,,,,,,,,,,,,,,,,,,,,,,,,,,,,,,,,,,,,,,,,,,,,,,,,,,,,,,,,,,,,,,,,,,,,,,,,,,,,,,,,,,,,,,,,,,,,,,,,,,,,,,,,,,,,,,,,,,,,,,,,,,,,,,,,,,,,,,,,,60.0.158.135,,,,,,,,,,,,,,,,,,,,,,,,,,,,,,,,,,,,,,,,,,,,,,,,,,,,,,,,,,,,,,,,,,,,,,,,,,,,,,,,,,,,,,,,,,,,,,,,,,,,,,,,,,,,,,,,,,,,,,,,,,,,,,,,,,,,,,,,,,,,,,,,,,,,,,,,,,,,,,,,,,,,,,,,,,,,,,,,,,,,,,,,,,,,,,,,,,,,,,,,,,,,,,,,,,,,,,,,,,,,,,,,,,,,,,,,,,,,,,,,,,,,,,,,,,,,,,,,,,,,,,,,,,,,,,,,,,,,,,,,,,,,,,,,,,,,,,,,,,,,,,,,,,,,,,,,,,,,,,,,,,,,,,,,,,,,,,,,,,,,,,,,,,,,,,,,,,,,,,,,,,,,,,,,,,,,,,,,,,,,,,,,,,,,,,,,,,,,,,,,,,,,,,,,,,,,,,,,,,,,,,,,,,,,
Surat Prep Kitchen,376017,133607404,Manual Stock,0,0,,2026-07-01,0,0,Active,Unpaid,,0,0,0,0,0.00,0,0,0,0,2026-07-01 02:36:22,2026-07-01 02:36:22,376017,Kitchen,,,,Gujarat,,,,,,,,,,,Gujarat,,,,,,,,,,,,,,"[{""item_id"":""46281934"",""unit"":""4907684"",""qty"":2,""itemname"":""Buffalo Mozzarella Cheese 580gm"",""lbl_unit"":""Qty"",""description"":"""",""weighted_price"":0,""price"":0,""amount"":0,""hsn_code"":"""",""batchprefix"":"""",""existing_stock"":""1"",""current_stock"":""3"",""category"":""Food"",""sap_code"":"""",""tax_type"":0,""excise_duty"":0,""tax1_label"":""CGST"",""tax2_label"":""SGST"",""tax3_label"":""IGST""}]",[],0,0,,,[],[],,,,,,,,,,,,,,,,,,,,,,,,,,,,,,,,,,,,,,,,,,,,,,,,,,,,,,,,,,,,,,,,,,,,,,,,,,,,,,,,6a442fc9-a2a0-4371-9758-06db3c009e87,,1,,,,,,,,,,,,,,,,,,,,,,,,,,,,,,,,,,,,,,,,,,,,,,,,,,,,,,,,,,,,,,,,,,,,,,,,,,,,,,,,,,,,,,,,,,,,,,,,,,,,,,,,,,,,,,,,,,,,,,,,,,,,,,,,,,,,,,,,,,,,,,,,,,,,,,,,,,,,,,,,,,,,,,,,,,,,,,,,,,,,,,,,,,,,,,,,,,,,,,,,,,,,,,,,,,,,,,,,,,,,,,,,,,,,,,,,,,,,,,,,60.0.158.135,,,,,,,,,,,,,,,,,,,,,,,,,,,,,,,,,,,,,,,,,,,,,,,,,,,,,,,,,,,,,,,,,,,,,,,,,,,,,,,,,,,,,,,,,,,,,,,,,,,,,,,,,,,,,,,,,,,,,,,,,,,,,,,,,,,,,,,,,,,,,,,,,,,,,,,,,,,,,,,,,,,,,,,,,,,,,,,,,,,,,,,,,,,,,,,,,,,,,,,,,,,,,,,,,,,,,,,,,,,,,,,,,,,,,,,,,,,,,,,,,,,,,,,,,,,,,,,,,,,,,,,,,,,,,,,,,,,,,,,,,,,,,,,,,,,,,,,,,,,,,,,,,,,,,,,,,,,,,,,,,,,,,,,,,,,,,,,,,,,,,,,,,,,,,,,,,,,,,,,,,,,,,,,,,,,,,,,,,,,,,,,,,,,,,,,,,,,,,,,,,,,,,,,,,,,,,,,,,,,,,,,,,,,
Surat Prep Kitchen,376017,133607388,Manual Stock,0,0,,2026-07-01,0,0,Active,Unpaid,,0,0,0,0,0.00,0,0,0,0,2026-07-01 02:34:47,2026-07-01 02:34:47,376017,Kitchen,,,,Gujarat,,,,,,,,,,,Gujarat,,,,,,,,,,,,,,"[{""item_id"":""46283085"",""unit"":""4907667"",""qty"":0.7,""itemname"":""Pickled Onion Slice"",""lbl_unit"":""Kg"",""description"":"""",""weighted_price"":0,""price"":0,""amount"":0,""hsn_code"":"""",""batchprefix"":"""",""existing_stock"":-0.2,""current_stock"":0.5,""rmconv_qty"":""1000"",""rmconv_qty_total"":700,""rmconv_unit"":""GM"",""rmconv_unit_id"":""4907673"",""category"":""Food"",""sap_code"":"""",""tax_type"":0,""excise_duty"":0,""tax1_label"":""CGST"",""tax2_label"":""SGST"",""tax3_label"":""IGST""}]",[],0,0,,,[],[],,,,,,,,,,,,,,,,,,,,,,,,,,,,,,,,,,,,,,,,,,,,,,,,,,,,,,,,,,,,,,,,,,,,,,,,,,,,,,,,6a442f65-d78c-4ddc-828e-079f3c009e87,,1,,,,,,,,,,,,,,,,,,,,,,,,,,,,,,,,,,,,,,,,,,,,,,,,,,,,,,,,,,,,,,,,,,,,,,,,,,,,,,,,,,,,,,,,,,,,,,,,,,,,,,,,,,,,,,,,,,,,,,,,,,,,,,,,,,,,,,,,,,,,,,,,,,,,,,,,,,,,,,,,,,,,,,,,,,,,,,,,,,,,,,,,,,,,,,,,,,,,,,,,,,,,,,,,,,,,,,,,,,,,,,,,,,,,,,,,,,,,,,,,,60.0.158.135,,,,,,,,,,,,,,,,,,,,,,,,,,,,,,,,,,,,,,,,,,,,,,,,,,,,,,,,,,,,,,,,,,,,,,,,,,,,,,,,,,,,,,,,,,,,,,,,,,,,,,,,,,,,,,,,,,,,,,,,,,,,,,,,,,,,,,,,,,,,,,,,,,,,,,,,,,,,,,,,,,,,,,,,,,,,,,,,,,,,,,,,,,,,,,,,,,,,,,,,,,,,,,,,,,,,,,,,,,,,,,,,,,,,,,,,,,,,,,,,,,,,,,,,,,,,,,,,,,,,,,,,,,,,,,,,,,,,,,,,,,,,,,,,,,,,,,,,,,,,,,,,,,,,,,,,,,,,,,,,,,,,,,,,,,,,,,,,,,,,,,,,,,,,,,,,,,,,,,,,,,,,,,,,,,,,,,,,,,,,,,,,,,,,,,,,,,,,,,,,,,,,,,,,,,,,,,,,,,,,,,,,,,
Surat Prep Kitchen,376017,133607367,Manual Stock,0,0,,2026-07-01,0,0,Active,Unpaid,,0,0,0,0,0.00,0,0,0,0,2026-07-01 02:33:44,2026-07-01 02:33:44,376017,Kitchen,,,,Gujarat,,,,,,,,,,,Gujarat,,,,,,,,,,,,,,"[{""item_id"":""46283102"",""unit"":""4907667"",""qty"":1.55,""itemname"":""Green Chilli Chopped"",""lbl_unit"":""Kg"",""description"":"""",""weighted_price"":0,""price"":0,""amount"":0,""hsn_code"":"""",""batchprefix"":"""",""existing_stock"":-0.95,""current_stock"":0.6,""rmconv_qty"":""1000"",""rmconv_qty_total"":1550,""rmconv_unit"":""GM"",""rmconv_unit_id"":""4907673"",""category"":""Food"",""sap_code"":"""",""tax_type"":0,""excise_duty"":0,""tax1_label"":""CGST"",""tax2_label"":""SGST"",""tax3_label"":""IGST""}]",[],0,0,,,[],[],,,,,,,,,,,,,,,,,,,,,,,,,,,,,,,,,,,,,,,,,,,,,,,,,,,,,,,,,,,,,,,,,,,,,,,,,,,,,,,,6a442f27-c594-4494-a222-05d43c009e87,,1,,,,,,,,,,,,,,,,,,,,,,,,,,,,,,,,,,,,,,,,,,,,,,,,,,,,,,,,,,,,,,,,,,,,,,,,,,,,,,,,,,,,,,,,,,,,,,,,,,,,,,,,,,,,,,,,,,,,,,,,,,,,,,,,,,,,,,,,,,,,,,,,,,,,,,,,,,,,,,,,,,,,,,,,,,,,,,,,,,,,,,,,,,,,,,,,,,,,,,,,,,,,,,,,,,,,,,,,,,,,,,,,,,,,,,,,,,,,,,,,,,60.0.158.135,,,,,,,,,,,,,,,,,,,,,,,,,,,,,,,,,,,,,,,,,,,,,,,,,,,,,,,,,,,,,,,,,,,,,,,,,,,,,,,,,,,,,,,,,,,,,,,,,,,,,,,,,,,,,,,,,,,,,,,,,,,,,,,,,,,,,,,,,,,,,,,,,,,,,,,,,,,,,,,,,,,,,,,,,,,,,,,,,,,,,,,,,,,,,,,,,,,,,,,,,,,,,,,,,,,,,,,,,,,,,,,,,,,,,,,,,,,,,,,,,,,,,,,,,,,,,,,,,,,,,,,,,,,,,,,,,,,,,,,,,,,,,,,,,,,,,,,,,,,,,,,,,,,,,,,,,,,,,,,,,,,,,,,,,,,,,,,,,,,,,,,,,,,,,,,,,,,,,,,,,,,,,,,,,,,,,,,,,,,,,,,,,,,,,,,,,,,,,,,,,,,,,,,,,,,,,,,,,,,,,,,,,
Surat Prep Kitchen,376017,133607320,Manual Stock,0,0,,2026-07-01,0,0,Active,Unpaid,,0,0,0,0,0.00,0,0,0,0,2026-07-01 02:32:12,2026-07-01 02:32:12,376017,Kitchen,,,,Gujarat,,,,,,,,,,,Gujarat,,,,,,,,,,,,,,"[{""item_id"":""46283129"",""unit"":""4907667"",""qty"":3.45,""itemname"":""Mint Process"",""lbl_unit"":""Kg"",""description"":"""",""weighted_price"":0,""price"":0,""amount"":0,""hsn_code"":"""",""batchprefix"":"""",""existing_stock"":-1.45,""current_stock"":2,""rmconv_qty"":""1000"",""rmconv_qty_total"":3450,""rmconv_unit"":""GM"",""rmconv_unit_id"":""4907673"",""category"":""Food"",""sap_code"":"""",""tax_type"":0,""excise_duty"":0,""tax1_label"":""CGST"",""tax2_label"":""SGST"",""tax3_label"":""IGST""}]",[],0,0,,,[],[],,,,,,,,,,,,,,,,,,,,,,,,,,,,,,,,,,,,,,,,,,,,,,,,,,,,,,,,,,,,,,,,,,,,,,,,,,,,,,,,6a442ec0-e230-4edd-8ffa-079f3c009e87,,1,,,,,,,,,,,,,,,,,,,,,,,,,,,,,,,,,,,,,,,,,,,,,,,,,,,,,,,,,,,,,,,,,,,,,,,,,,,,,,,,,,,,,,,,,,,,,,,,,,,,,,,,,,,,,,,,,,,,,,,,,,,,,,,,,,,,,,,,,,,,,,,,,,,,,,,,,,,,,,,,,,,,,,,,,,,,,,,,,,,,,,,,,,,,,,,,,,,,,,,,,,,,,,,,,,,,,,,,,,,,,,,,,,,,,,,,,,,,,,,,,,,60.0.158.135,,,,,,,,,,,,,,,,,,,,,,,,,,,,,,,,,,,,,,,,,,,,,,,,,,,,,,,,,,,,,,,,,,,,,,,,,,,,,,,,,,,,,,,,,,,,,,,,,,,,,,,,,,,,,,,,,,,,,,,,,,,,,,,,,,,,,,,,,,,,,,,,,,,,,,,,,,,,,,,,,,,,,,,,,,,,,,,,,,,,,,,,,,,,,,,,,,,,,,,,,,,,,,,,,,,,,,,,,,,,,,,,,,,,,,,,,,,,,,,,,,,,,,,,,,,,,,,,,,,,,,,,,,,,,,,,,,,,,,,,,,,,,,,,,,,,,,,,,,,,,,,,,,,,,,,,,,,,,,,,,,,,,,,,,,,,,,,,,,,,,,,,,,,,,,,,,,,,,,,,,,,,,,,,,,,,,,,,,,,,,,,,,,,,,,,,,,,,,,,,,,,,,,,,,,,,,,,,,,,,,,,,
Surat Prep Kitchen,376017,133607312,Manual Stock,0,0,,2026-07-01,0,0,Active,Unpaid,,0,0,0,0,0.00,0,0,0,0,2026-07-01 02:31:14,2026-07-01 02:31:14,376017,Kitchen,,,,Gujarat,,,,,,,,,,,Gujarat,,,,,,,,,,,,,,"[{""item_id"":""46282483"",""unit"":""4907667"",""qty"":0.25,""itemname"":""Curry Leaves"",""lbl_unit"":""Kg"",""description"":"""",""weighted_price"":0,""price"":0,""amount"":0,""hsn_code"":"""",""batchprefix"":"""",""existing_stock"":-0.05,""current_stock"":0.2,""rmconv_qty"":""1000"",""rmconv_qty_total"":250,""rmconv_unit"":""GM"",""rmconv_unit_id"":""4907673"",""category"":""Food"",""sap_code"":"""",""tax_type"":0,""excise_duty"":0,""tax1_label"":""CGST"",""tax2_label"":""SGST"",""tax3_label"":""IGST""}]",[],0,0,,,[],[],,,,,,,,,,,,,,,,,,,,,,,,,,,,,,,,,,,,,,,,,,,,,,,,,,,,,,,,,,,,,,,,,,,,,,,,,,,,,,,,6a442e92-d99c-4550-8d43-079a3c009e87,,1,,,,,,,,,,,,,,,,,,,,,,,,,,,,,,,,,,,,,,,,,,,,,,,,,,,,,,,,,,,,,,,,,,,,,,,,,,,,,,,,,,,,,,,,,,,,,,,,,,,,,,,,,,,,,,,,,,,,,,,,,,,,,,,,,,,,,,,,,,,,,,,,,,,,,,,,,,,,,,,,,,,,,,,,,,,,,,,,,,,,,,,,,,,,,,,,,,,,,,,,,,,,,,,,,,,,,,,,,,,,,,,,,,,,,,,,,,,,,,,,,,,,60.0.158.135,,,,,,,,,,,,,,,,,,,,,,,,,,,,,,,,,,,,,,,,,,,,,,,,,,,,,,,,,,,,,,,,,,,,,,,,,,,,,,,,,,,,,,,,,,,,,,,,,,,,,,,,,,,,,,,,,,,,,,,,,,,,,,,,,,,,,,,,,,,,,,,,,,,,,,,,,,,,,,,,,,,,,,,,,,,,,,,,,,,,,,,,,,,,,,,,,,,,,,,,,,,,,,,,,,,,,,,,,,,,,,,,,,,,,,,,,,,,,,,,,,,,,,,,,,,,,,,,,,,,,,,,,,,,,,,,,,,,,,,,,,,,,,,,,,,,,,,,,,,,,,,,,,,,,,,,,,,,,,,,,,,,,,,,,,,,,,,,,,,,,,,,,,,,,,,,,,,,,,,,,,,,,,,,,,,,,,,,,,,,,,,,,,,,,,,,,,,,,,,,,,,,,,,,,,,,,,,,,,,,,,,
Surat Prep Kitchen,376017,133607302,Manual Stock,0,0,,2026-07-01,0,0,Active,Unpaid,,0,0,0,0,0.00,0,0,0,0,2026-07-01 02:29:56,2026-07-01 02:29:56,376017,Kitchen,,,,Gujarat,,,,,,,,,,,Gujarat,,,,,,,,,,,,,,"[{""item_id"":""46283104"",""unit"":""4907667"",""qty"":1.56,""itemname"":""Dill Leaves Processed"",""lbl_unit"":""Kg"",""description"":"""",""weighted_price"":0,""price"":0,""amount"":0,""hsn_code"":"""",""batchprefix"":"""",""existing_stock"":-0.26,""current_stock"":1.3,""rmconv_qty"":""1000"",""rmconv_qty_total"":1560,""rmconv_unit"":""GM"",""rmconv_unit_id"":""4907673"",""category"":""Food"",""sap_code"":"""",""tax_type"":0,""excise_duty"":0,""tax1_label"":""CGST"",""tax2_label"":""SGST"",""tax3_label"":""IGST""}]",[],0,0,,,[],[],,,,,,,,,,,,,,,,,,,,,,,,,,,,,,,,,,,,,,,,,,,,,,,,,,,,,,,,,,,,,,,,,,,,,,,,,,,,,,,,6a442e45-2f00-4e5f-bda4-05433c009e87,,1,,,,,,,,,,,,,,,,,,,,,,,,,,,,,,,,,,,,,,,,,,,,,,,,,,,,,,,,,,,,,,,,,,,,,,,,,,,,,,,,,,,,,,,,,,,,,,,,,,,,,,,,,,,,,,,,,,,,,,,,,,,,,,,,,,,,,,,,,,,,,,,,,,,,,,,,,,,,,,,,,,,,,,,,,,,,,,,,,,,,,,,,,,,,,,,,,,,,,,,,,,,,,,,,,,,,,,,,,,,,,,,,,,,,,,,,,,,,,,,,,,,,,60.0.158.135,,,,,,,,,,,,,,,,,,,,,,,,,,,,,,,,,,,,,,,,,,,,,,,,,,,,,,,,,,,,,,,,,,,,,,,,,,,,,,,,,,,,,,,,,,,,,,,,,,,,,,,,,,,,,,,,,,,,,,,,,,,,,,,,,,,,,,,,,,,,,,,,,,,,,,,,,,,,,,,,,,,,,,,,,,,,,,,,,,,,,,,,,,,,,,,,,,,,,,,,,,,,,,,,,,,,,,,,,,,,,,,,,,,,,,,,,,,,,,,,,,,,,,,,,,,,,,,,,,,,,,,,,,,,,,,,,,,,,,,,,,,,,,,,,,,,,,,,,,,,,,,,,,,,,,,,,,,,,,,,,,,,,,,,,,,,,,,,,,,,,,,,,,,,,,,,,,,,,,,,,,,,,,,,,,,,,,,,,,,,,,,,,,,,,,,,,,,,,,,,,,,,,,,,,,,,,,,,,,,,,,
Surat Prep Kitchen,376017,133607297,Manual Stock,0,0,,2026-07-01,0,0,Active,Unpaid,,0,0,0,0,0.00,0,0,0,0,2026-07-01 02:29:16,2026-07-01 02:29:16,376017,Kitchen,,,,Gujarat,,,,,,,,,,,Gujarat,,,,,,,,,,,,,,"[{""item_id"":""46283154"",""unit"":""4907667"",""qty"":1.2,""itemname"":""French Beans Cut"",""lbl_unit"":""Kg"",""description"":"""",""weighted_price"":0,""price"":0,""amount"":0,""hsn_code"":"""",""batchprefix"":"""",""existing_stock"":-0.6,""current_stock"":0.6,""rmconv_qty"":""1000"",""rmconv_qty_total"":1200,""rmconv_unit"":""GM"",""rmconv_unit_id"":""4907673"",""category"":""Food"",""sap_code"":"""",""tax_type"":0,""excise_duty"":0,""tax1_label"":""CGST"",""tax2_label"":""SGST"",""tax3_label"":""IGST""}]",[],0,0,,,[],[],,,,,,,,,,,,,,,,,,,,,,,,,,,,,,,,,,,,,,,,,,,,,,,,,,,,,,,,,,,,,,,,,,,,,,,,,,,,,,,,6a442e1c-08cc-4c63-9139-086e3c009e87,,1,,,,,,,,,,,,,,,,,,,,,,,,,,,,,,,,,,,,,,,,,,,,,,,,,,,,,,,,,,,,,,,,,,,,,,,,,,,,,,,,,,,,,,,,,,,,,,,,,,,,,,,,,,,,,,,,,,,,,,,,,,,,,,,,,,,,,,,,,,,,,,,,,,,,,,,,,,,,,,,,,,,,,,,,,,,,,,,,,,,,,,,,,,,,,,,,,,,,,,,,,,,,,,,,,,,,,,,,,,,,,,,,,,,,,,,,,,,,,,,,,,,,,,60.0.158.135,,,,,,,,,,,,,,,,,,,,,,,,,,,,,,,,,,,,,,,,,,,,,,,,,,,,,,,,,,,,,,,,,,,,,,,,,,,,,,,,,,,,,,,,,,,,,,,,,,,,,,,,,,,,,,,,,,,,,,,,,,,,,,,,,,,,,,,,,,,,,,,,,,,,,,,,,,,,,,,,,,,,,,,,,,,,,,,,,,,,,,,,,,,,,,,,,,,,,,,,,,,,,,,,,,,,,,,,,,,,,,,,,,,,,,,,,,,,,,,,,,,,,,,,,,,,,,,,,,,,,,,,,,,,,,,,,,,,,,,,,,,,,,,,,,,,,,,,,,,,,,,,,,,,,,,,,,,,,,,,,,,,,,,,,,,,,,,,,,,,,,,,,,,,,,,,,,,,,,,,,,,,,,,,,,,,,,,,,,,,,,,,,,,,,,,,,,,,,,,,,,,,,,,,,,,,,,,,,,,,,
Surat Prep Kitchen,376017,133607294,Manual Stock,0,0,,2026-07-01,0,0,Active,Unpaid,,0,0,0,0,0.00,0,0,0,0,2026-07-01 02:29:05,2026-07-01 02:29:05,376017,Kitchen,,,,Gujarat,,,,,,,,,,,Gujarat,,,,,,,,,,,,,,"[{""item_id"":""46283126"",""unit"":""4907667"",""qty"":1,""itemname"":""Thai Chilli 1/2"",""lbl_unit"":""Kg"",""description"":"""",""weighted_price"":0,""price"":0,""amount"":0,""hsn_code"":"""",""batchprefix"":"""",""existing_stock"":-0.2,""current_stock"":0.8,""rmconv_qty"":""1000"",""rmconv_qty_total"":1000,""rmconv_unit"":""GM"",""rmconv_unit_id"":""4907673"",""category"":""Food"",""sap_code"":"""",""tax_type"":0,""excise_duty"":0,""tax1_label"":""CGST"",""tax2_label"":""SGST"",""tax3_label"":""IGST""}]",[],0,0,,,[],[],,,,,,,,,,,,,,,,,,,,,,,,,,,,,,,,,,,,,,,,,,,,,,,,,,,,,,,,,,,,,,,,,,,,,,,,,,,,,,,,6a442e12-52f0-4c81-8e80-07fe3c009e87,,1,,,,,,,,,,,,,,,,,,,,,,,,,,,,,,,,,,,,,,,,,,,,,,,,,,,,,,,,,,,,,,,,,,,,,,,,,,,,,,,,,,,,,,,,,,,,,,,,,,,,,,,,,,,,,,,,,,,,,,,,,,,,,,,,,,,,,,,,,,,,,,,,,,,,,,,,,,,,,,,,,,,,,,,,,,,,,,,,,,,,,,,,,,,,,,,,,,,,,,,,,,,,,,,,,,,,,,,,,,,,,,,,,,,,,,,,,,,,,,,,,,,,,,,60.0.158.135,,,,,,,,,,,,,,,,,,,,,,,,,,,,,,,,,,,,,,,,,,,,,,,,,,,,,,,,,,,,,,,,,,,,,,,,,,,,,,,,,,,,,,,,,,,,,,,,,,,,,,,,,,,,,,,,,,,,,,,,,,,,,,,,,,,,,,,,,,,,,,,,,,,,,,,,,,,,,,,,,,,,,,,,,,,,,,,,,,,,,,,,,,,,,,,,,,,,,,,,,,,,,,,,,,,,,,,,,,,,,,,,,,,,,,,,,,,,,,,,,,,,,,,,,,,,,,,,,,,,,,,,,,,,,,,,,,,,,,,,,,,,,,,,,,,,,,,,,,,,,,,,,,,,,,,,,,,,,,,,,,,,,,,,,,,,,,,,,,,,,,,,,,,,,,,,,,,,,,,,,,,,,,,,,,,,,,,,,,,,,,,,,,,,,,,,,,,,,,,,,,,,,,,,,,,,,,,,,,,,
Surat Prep Kitchen,376017,133607287,Manual Stock,0,0,,2026-07-01,0,0,Active,Unpaid,,0,0,0,0,0.00,0,0,0,0,2026-07-01 02:28:36,2026-07-01 02:28:36,376017,Kitchen,,,,Gujarat,,,,,,,,,,,Gujarat,,,,,,,,,,,,,,"[{""item_id"":""46283151"",""unit"":""4907667"",""qty"":4.06,""itemname"":""Iceberg Process"",""lbl_unit"":""Kg"",""description"":"""",""weighted_price"":0,""price"":0,""amount"":0,""hsn_code"":"""",""batchprefix"":"""",""existing_stock"":-2.26,""current_stock"":1.8,""rmconv_qty"":""1000"",""rmconv_qty_total"":4060,""rmconv_unit"":""GM"",""rmconv_unit_id"":""4907673"",""category"":""Food"",""sap_code"":"""",""tax_type"":0,""excise_duty"":0,""tax1_label"":""CGST"",""tax2_label"":""SGST"",""tax3_label"":""IGST""}]",[],0,0,,,[],[],,,,,,,,,,,,,,,,,,,,,,,,,,,,,,,,,,,,,,,,,,,,,,,,,,,,,,,,,,,,,,,,,,,,,,,,,,,,,,,,6a442df3-f174-44af-8951-05753c009e87,,1,,,,,,,,,,,,,,,,,,,,,,,,,,,,,,,,,,,,,,,,,,,,,,,,,,,,,,,,,,,,,,,,,,,,,,,,,,,,,,,,,,,,,,,,,,,,,,,,,,,,,,,,,,,,,,,,,,,,,,,,,,,,,,,,,,,,,,,,,,,,,,,,,,,,,,,,,,,,,,,,,,,,,,,,,,,,,,,,,,,,,,,,,,,,,,,,,,,,,,,,,,,,,,,,,,,,,,,,,,,,,,,,,,,,,,,,,,,,,,,,,,,,,,,,60.0.158.135,,,,,,,,,,,,,,,,,,,,,,,,,,,,,,,,,,,,,,,,,,,,,,,,,,,,,,,,,,,,,,,,,,,,,,,,,,,,,,,,,,,,,,,,,,,,,,,,,,,,,,,,,,,,,,,,,,,,,,,,,,,,,,,,,,,,,,,,,,,,,,,,,,,,,,,,,,,,,,,,,,,,,,,,,,,,,,,,,,,,,,,,,,,,,,,,,,,,,,,,,,,,,,,,,,,,,,,,,,,,,,,,,,,,,,,,,,,,,,,,,,,,,,,,,,,,,,,,,,,,,,,,,,,,,,,,,,,,,,,,,,,,,,,,,,,,,,,,,,,,,,,,,,,,,,,,,,,,,,,,,,,,,,,,,,,,,,,,,,,,,,,,,,,,,,,,,,,,,,,,,,,,,,,,,,,,,,,,,,,,,,,,,,,,,,,,,,,,,,,,,,,,,,,,,,,,,,,,,,,
Surat Prep Kitchen,376017,133607261,Manual Stock,0,0,,2026-07-01,0,0,Active,Unpaid,,0,0,0,0,0.00,0,0,0,0,2026-07-01 02:25:46,2026-07-01 02:25:46,376017,Kitchen,,,,Gujarat,,,,,,,,,,,Gujarat,,,,,,,,,,,,,,"[{""item_id"":""46283061"",""unit"":""4907667"",""qty"":8,""itemname"":""Chilli Oil Dumpling"",""lbl_unit"":""Kg"",""description"":"""",""weighted_price"":0,""price"":0,""amount"":0,""hsn_code"":"""",""batchprefix"":"""",""existing_stock"":-3,""current_stock"":5,""rmconv_qty"":""1000"",""rmconv_qty_total"":8000,""rmconv_unit"":""GM"",""rmconv_unit_id"":""4907673"",""category"":""Food"",""sap_code"":"""",""tax_type"":0,""excise_duty"":0,""tax1_label"":""CGST"",""tax2_label"":""SGST"",""tax3_label"":""IGST""}]",[],0,0,,,[],[],,,,,,,,,,,,,,,,,,,,,,,,,,,,,,,,,,,,,,,,,,,,,,,,,,,,,,,,,,,,,,,,,,,,,,,,,,,,,,,,6a442d4a-aa40-4087-86e3-09633c009e87,,1,,,,,,,,,,,,,,,,,,,,,,,,,,,,,,,,,,,,,,,,,,,,,,,,,,,,,,,,,,,,,,,,,,,,,,,,,,,,,,,,,,,,,,,,,,,,,,,,,,,,,,,,,,,,,,,,,,,,,,,,,,,,,,,,,,,,,,,,,,,,,,,,,,,,,,,,,,,,,,,,,,,,,,,,,,,,,,,,,,,,,,,,,,,,,,,,,,,,,,,,,,,,,,,,,,,,,,,,,,,,,,,,,,,,,,,,,,,,,,,,,,,,,,,,,60.0.158.135,,,,,,,,,,,,,,,,,,,,,,,,,,,,,,,,,,,,,,,,,,,,,,,,,,,,,,,,,,,,,,,,,,,,,,,,,,,,,,,,,,,,,,,,,,,,,,,,,,,,,,,,,,,,,,,,,,,,,,,,,,,,,,,,,,,,,,,,,,,,,,,,,,,,,,,,,,,,,,,,,,,,,,,,,,,,,,,,,,,,,,,,,,,,,,,,,,,,,,,,,,,,,,,,,,,,,,,,,,,,,,,,,,,,,,,,,,,,,,,,,,,,,,,,,,,,,,,,,,,,,,,,,,,,,,,,,,,,,,,,,,,,,,,,,,,,,,,,,,,,,,,,,,,,,,,,,,,,,,,,,,,,,,,,,,,,,,,,,,,,,,,,,,,,,,,,,,,,,,,,,,,,,,,,,,,,,,,,,,,,,,,,,,,,,,,,,,,,,,,,,,,,,,,,,,,,,,,,,,
Surat Prep Kitchen,376017,133607244,Manual Stock,0,0,,2026-07-01,0,0,Active,Unpaid,,0,0,0,0,0.00,0,0,0,0,2026-07-01 02:24:58,2026-07-01 02:24:58,376017,Kitchen,,,,Gujarat,,,,,,,,,,,Gujarat,,,,,,,,,,,,,,"[{""item_id"":""46282416"",""unit"":""4907684"",""qty"":1,""itemname"":""Tomato Paste 800 Gm"",""lbl_unit"":""Qty"",""description"":"""",""weighted_price"":0,""price"":0,""amount"":0,""hsn_code"":"""",""batchprefix"":"""",""existing_stock"":""1"",""current_stock"":""2"",""category"":""Food"",""sap_code"":"""",""tax_type"":0,""excise_duty"":0,""tax1_label"":""CGST"",""tax2_label"":""SGST"",""tax3_label"":""IGST""}]",[],0,0,,,[],[],,,,,,,,,,,,,,,,,,,,,,,,,,,,,,,,,,,,,,,,,,,,,,,,,,,,,,,,,,,,,,,,,,,,,,,,,,,,,,,,6a442d1e-b5c4-4187-8ccb-082b3c009e87,,1,,,,,,,,,,,,,,,,,,,,,,,,,,,,,,,,,,,,,,,,,,,,,,,,,,,,,,,,,,,,,,,,,,,,,,,,,,,,,,,,,,,,,,,,,,,,,,,,,,,,,,,,,,,,,,,,,,,,,,,,,,,,,,,,,,,,,,,,,,,,,,,,,,,,,,,,,,,,,,,,,,,,,,,,,,,,,,,,,,,,,,,,,,,,,,,,,,,,,,,,,,,,,,,,,,,,,,,,,,,,,,,,,,,,,,,,,,,,,,,,,,,,,,,,,,60.0.158.135,,,,,,,,,,,,,,,,,,,,,,,,,,,,,,,,,,,,,,,,,,,,,,,,,,,,,,,,,,,,,,,,,,,,,,,,,,,,,,,,,,,,,,,,,,,,,,,,,,,,,,,,,,,,,,,,,,,,,,,,,,,,,,,,,,,,,,,,,,,,,,,,,,,,,,,,,,,,,,,,,,,,,,,,,,,,,,,,,,,,,,,,,,,,,,,,,,,,,,,,,,,,,,,,,,,,,,,,,,,,,,,,,,,,,,,,,,,,,,,,,,,,,,,,,,,,,,,,,,,,,,,,,,,,,,,,,,,,,,,,,,,,,,,,,,,,,,,,,,,,,,,,,,,,,,,,,,,,,,,,,,,,,,,,,,,,,,,,,,,,,,,,,,,,,,,,,,,,,,,,,,,,,,,,,,,,,,,,,,,,,,,,,,,,,,,,,,,,,,,,,,,,,,,,,,,,,,,,,
Surat Prep Kitchen,376017,133607236,Manual Stock,0,0,,2026-07-01,0,0,Active,Unpaid,,0,0,0,0,0.00,0,0,0,0,2026-07-01 02:24:16,2026-07-01 02:24:16,376017,Kitchen,,,,Gujarat,,,,,,,,,,,Gujarat,,,,,,,,,,,,,,"[{""item_id"":""46281779"",""unit"":""4907684"",""qty"":18.5,""itemname"":""Spaghetti 1kg"",""lbl_unit"":""Qty"",""description"":"""",""weighted_price"":0,""price"":0,""amount"":0,""hsn_code"":"""",""batchprefix"":"""",""existing_stock"":""-3.5"",""current_stock"":""15"",""category"":""Food"",""sap_code"":"""",""tax_type"":0,""excise_duty"":0,""tax1_label"":""CGST"",""tax2_label"":""SGST"",""tax3_label"":""IGST""}]",[],0,0,,,[],[],,,,,,,,,,,,,,,,,,,,,,,,,,,,,,,,,,,,,,,,,,,,,,,,,,,,,,,,,,,,,,,,,,,,,,,,,,,,,,,,6a442cf3-ee5c-45d4-bd52-06fe3c009e87,,1,,,,,,,,,,,,,,,,,,,,,,,,,,,,,,,,,,,,,,,,,,,,,,,,,,,,,,,,,,,,,,,,,,,,,,,,,,,,,,,,,,,,,,,,,,,,,,,,,,,,,,,,,,,,,,,,,,,,,,,,,,,,,,,,,,,,,,,,,,,,,,,,,,,,,,,,,,,,,,,,,,,,,,,,,,,,,,,,,,,,,,,,,,,,,,,,,,,,,,,,,,,,,,,,,,,,,,,,,,,,,,,,,,,,,,,,,,,,,,,,,,,,,,,,,,,60.0.158.135,,,,,,,,,,,,,,,,,,,,,,,,,,,,,,,,,,,,,,,,,,,,,,,,,,,,,,,,,,,,,,,,,,,,,,,,,,,,,,,,,,,,,,,,,,,,,,,,,,,,,,,,,,,,,,,,,,,,,,,,,,,,,,,,,,,,,,,,,,,,,,,,,,,,,,,,,,,,,,,,,,,,,,,,,,,,,,,,,,,,,,,,,,,,,,,,,,,,,,,,,,,,,,,,,,,,,,,,,,,,,,,,,,,,,,,,,,,,,,,,,,,,,,,,,,,,,,,,,,,,,,,,,,,,,,,,,,,,,,,,,,,,,,,,,,,,,,,,,,,,,,,,,,,,,,,,,,,,,,,,,,,,,,,,,,,,,,,,,,,,,,,,,,,,,,,,,,,,,,,,,,,,,,,,,,,,,,,,,,,,,,,,,,,,,,,,,,,,,,,,,,,,,,,,,,,,,,,,
Surat Prep Kitchen,376017,133607230,Manual Stock,0,0,,2026-07-01,0,0,Active,Unpaid,,0,0,0,0,0.00,0,0,0,0,2026-07-01 02:23:16,2026-07-01 02:23:16,376017,Kitchen,,,,Gujarat,,,,,,,,,,,Gujarat,,,,,,,,,,,,,,"[{""item_id"":""46281851"",""unit"":""4907684"",""qty"":1.1,""itemname"":""Penne Pasta 500gm"",""lbl_unit"":""Qty"",""description"":"""",""weighted_price"":0,""price"":0,""amount"":0,""hsn_code"":"""",""batchprefix"":"""",""existing_stock"":""1.9"",""current_stock"":""3"",""category"":""Food"",""sap_code"":"""",""tax_type"":0,""excise_duty"":0,""tax1_label"":""CGST"",""tax2_label"":""SGST"",""tax3_label"":""IGST""}]",[],0,0,,,[],[],,,,,,,,,,,,,,,,,,,,,,,,,,,,,,,,,,,,,,,,,,,,,,,,,,,,,,,,,,,,,,,,,,,,,,,,,,,,,,,,6a442cb7-1124-4a98-9483-07383c009e87,,1,,,,,,,,,,,,,,,,,,,,,,,,,,,,,,,,,,,,,,,,,,,,,,,,,,,,,,,,,,,,,,,,,,,,,,,,,,,,,,,,,,,,,,,,,,,,,,,,,,,,,,,,,,,,,,,,,,,,,,,,,,,,,,,,,,,,,,,,,,,,,,,,,,,,,,,,,,,,,,,,,,,,,,,,,,,,,,,,,,,,,,,,,,,,,,,,,,,,,,,,,,,,,,,,,,,,,,,,,,,,,,,,,,,,,,,,,,,,,,,,,,,,,,,,,,,,60.0.158.135,,,,,,,,,,,,,,,,,,,,,,,,,,,,,,,,,,,,,,,,,,,,,,,,,,,,,,,,,,,,,,,,,,,,,,,,,,,,,,,,,,,,,,,,,,,,,,,,,,,,,,,,,,,,,,,,,,,,,,,,,,,,,,,,,,,,,,,,,,,,,,,,,,,,,,,,,,,,,,,,,,,,,,,,,,,,,,,,,,,,,,,,,,,,,,,,,,,,,,,,,,,,,,,,,,,,,,,,,,,,,,,,,,,,,,,,,,,,,,,,,,,,,,,,,,,,,,,,,,,,,,,,,,,,,,,,,,,,,,,,,,,,,,,,,,,,,,,,,,,,,,,,,,,,,,,,,,,,,,,,,,,,,,,,,,,,,,,,,,,,,,,,,,,,,,,,,,,,,,,,,,,,,,,,,,,,,,,,,,,,,,,,,,,,,,,,,,,,,,,,,,,,,,,,,,,,,,,
Surat Prep Kitchen,376017,133607228,Manual Stock,0,0,,2026-07-01,0,0,Active,Unpaid,,0,0,0,0,0.00,0,0,0,0,2026-07-01 02:23:07,2026-07-01 02:23:07,376017,Kitchen,,,,Gujarat,,,,,,,,,,,Gujarat,,,,,,,,,,,,,,"[{""item_id"":""46282683"",""unit"":""4907684"",""qty"":0.4,""itemname"":""Oregano 1kg"",""lbl_unit"":""Qty"",""description"":"""",""weighted_price"":0,""price"":0,""amount"":0,""hsn_code"":"""",""batchprefix"":"""",""existing_stock"":""2"",""current_stock"":""2.4"",""category"":""Food"",""sap_code"":"""",""tax_type"":0,""excise_duty"":0,""tax1_label"":""CGST"",""tax2_label"":""SGST"",""tax3_label"":""IGST""}]",[],0,0,,,[],[],,,,,,,,,,,,,,,,,,,,,,,,,,,,,,,,,,,,,,,,,,,,,,,,,,,,,,,,,,,,,,,,,,,,,,,,,,,,,,,,6a442cae-b5d8-4f49-a84f-07c83c009e87,,1,,,,,,,,,,,,,,,,,,,,,,,,,,,,,,,,,,,,,,,,,,,,,,,,,,,,,,,,,,,,,,,,,,,,,,,,,,,,,,,,,,,,,,,,,,,,,,,,,,,,,,,,,,,,,,,,,,,,,,,,,,,,,,,,,,,,,,,,,,,,,,,,,,,,,,,,,,,,,,,,,,,,,,,,,,,,,,,,,,,,,,,,,,,,,,,,,,,,,,,,,,,,,,,,,,,,,,,,,,,,,,,,,,,,,,,,,,,,,,,,,,,,,,,,,,,,,60.0.158.135,,,,,,,,,,,,,,,,,,,,,,,,,,,,,,,,,,,,,,,,,,,,,,,,,,,,,,,,,,,,,,,,,,,,,,,,,,,,,,,,,,,,,,,,,,,,,,,,,,,,,,,,,,,,,,,,,,,,,,,,,,,,,,,,,,,,,,,,,,,,,,,,,,,,,,,,,,,,,,,,,,,,,,,,,,,,,,,,,,,,,,,,,,,,,,,,,,,,,,,,,,,,,,,,,,,,,,,,,,,,,,,,,,,,,,,,,,,,,,,,,,,,,,,,,,,,,,,,,,,,,,,,,,,,,,,,,,,,,,,,,,,,,,,,,,,,,,,,,,,,,,,,,,,,,,,,,,,,,,,,,,,,,,,,,,,,,,,,,,,,,,,,,,,,,,,,,,,,,,,,,,,,,,,,,,,,,,,,,,,,,,,,,,,,,,,,,,,,,,,,,,,,,,,,,,,,,,
Surat Prep Kitchen,376017,133607214,Manual Stock,0,0,,2026-07-01,0,0,Active,Unpaid,,0,0,0,0,0.00,0,0,0,0,2026-07-01 02:22:27,2026-07-01 02:22:27,376017,Kitchen,,,,Gujarat,,,,,,,,,,,Gujarat,,,,,,,,,,,,,,"[{""item_id"":""46281823"",""unit"":""4907684"",""qty"":5,""itemname"":""Macaroni Pasta 500gm"",""lbl_unit"":""Qty"",""description"":"""",""weighted_price"":0,""price"":0,""amount"":0,""hsn_code"":"""",""batchprefix"":"""",""existing_stock"":""1"",""current_stock"":""6"",""category"":""Food"",""sap_code"":"""",""tax_type"":0,""excise_duty"":0,""tax1_label"":""CGST"",""tax2_label"":""SGST"",""tax3_label"":""IGST""}]",[],0,0,,,[],[],,,,,,,,,,,,,,,,,,,,,,,,,,,,,,,,,,,,,,,,,,,,,,,,,,,,,,,,,,,,,,,,,,,,,,,,,,,,,,,,6a442c87-3984-4b54-ba4d-065e3c009e87,,1,,,,,,,,,,,,,,,,,,,,,,,,,,,,,,,,,,,,,,,,,,,,,,,,,,,,,,,,,,,,,,,,,,,,,,,,,,,,,,,,,,,,,,,,,,,,,,,,,,,,,,,,,,,,,,,,,,,,,,,,,,,,,,,,,,,,,,,,,,,,,,,,,,,,,,,,,,,,,,,,,,,,,,,,,,,,,,,,,,,,,,,,,,,,,,,,,,,,,,,,,,,,,,,,,,,,,,,,,,,,,,,,,,,,,,,,,,,,,,,,,,,,,,,,,,,,,,60.0.158.135,,,,,,,,,,,,,,,,,,,,,,,,,,,,,,,,,,,,,,,,,,,,,,,,,,,,,,,,,,,,,,,,,,,,,,,,,,,,,,,,,,,,,,,,,,,,,,,,,,,,,,,,,,,,,,,,,,,,,,,,,,,,,,,,,,,,,,,,,,,,,,,,,,,,,,,,,,,,,,,,,,,,,,,,,,,,,,,,,,,,,,,,,,,,,,,,,,,,,,,,,,,,,,,,,,,,,,,,,,,,,,,,,,,,,,,,,,,,,,,,,,,,,,,,,,,,,,,,,,,,,,,,,,,,,,,,,,,,,,,,,,,,,,,,,,,,,,,,,,,,,,,,,,,,,,,,,,,,,,,,,,,,,,,,,,,,,,,,,,,,,,,,,,,,,,,,,,,,,,,,,,,,,,,,,,,,,,,,,,,,,,,,,,,,,,,,,,,,,,,,,,,,,,,,,,,,,
Surat Prep Kitchen,376017,133607208,Manual Stock,0,0,,2026-07-01,0,0,Active,Unpaid,,0,0,0,0,0.00,0,0,0,0,2026-07-01 02:22:20,2026-07-01 02:22:20,376017,Kitchen,,,,Gujarat,,,,,,,,,,,Gujarat,,,,,,,,,,,,,,"[{""item_id"":""46282578"",""unit"":""4907667"",""qty"":44.2,""itemname"":""Kashmiri Red Chilly Dry Whole Loose"",""lbl_unit"":""Kg"",""description"":"""",""weighted_price"":0,""price"":0,""amount"":0,""hsn_code"":"""",""batchprefix"":"""",""existing_stock"":""5.8"",""current_stock"":""50"",""category"":""Food"",""sap_code"":"""",""tax_type"":0,""excise_duty"":0,""tax1_label"":""CGST"",""tax2_label"":""SGST"",""tax3_label"":""IGST""}]",[],0,0,,,[],[],,,,,,,,,,,,,,,,,,,,,,,,,,,,,,,,,,,,,,,,,,,,,,,,,,,,,,,,,,,,,,,,,,,,,,,,,,,,,,,,6a442c7f-b670-4930-9f40-05f63c009e87,,1,,,,,,,,,,,,,,,,,,,,,,,,,,,,,,,,,,,,,,,,,,,,,,,,,,,,,,,,,,,,,,,,,,,,,,,,,,,,,,,,,,,,,,,,,,,,,,,,,,,,,,,,,,,,,,,,,,,,,,,,,,,,,,,,,,,,,,,,,,,,,,,,,,,,,,,,,,,,,,,,,,,,,,,,,,,,,,,,,,,,,,,,,,,,,,,,,,,,,,,,,,,,,,,,,,,,,,,,,,,,,,,,,,,,,,,,,,,,,,,,,,,,,,,,,,,,,,,60.0.158.135,,,,,,,,,,,,,,,,,,,,,,,,,,,,,,,,,,,,,,,,,,,,,,,,,,,,,,,,,,,,,,,,,,,,,,,,,,,,,,,,,,,,,,,,,,,,,,,,,,,,,,,,,,,,,,,,,,,,,,,,,,,,,,,,,,,,,,,,,,,,,,,,,,,,,,,,,,,,,,,,,,,,,,,,,,,,,,,,,,,,,,,,,,,,,,,,,,,,,,,,,,,,,,,,,,,,,,,,,,,,,,,,,,,,,,,,,,,,,,,,,,,,,,,,,,,,,,,,,,,,,,,,,,,,,,,,,,,,,,,,,,,,,,,,,,,,,,,,,,,,,,,,,,,,,,,,,,,,,,,,,,,,,,,,,,,,,,,,,,,,,,,,,,,,,,,,,,,,,,,,,,,,,,,,,,,,,,,,,,,,,,,,,,,,,,,,,,,,,,,,,,,,,,,,,,,,
Surat Prep Kitchen,376017,133607195,Manual Stock,0,0,,2026-07-01,0,0,Active,Unpaid,,0,0,0,0,0.00,0,0,0,0,2026-07-01 02:21:31,2026-07-01 02:21:31,376017,Kitchen,,,,Gujarat,,,,,,,,,,,Gujarat,,,,,,,,,,,,,,"[{""item_id"":""46281824"",""unit"":""4907684"",""qty"":2,""itemname"":""Fettuccine Pasta 500 Gm"",""lbl_unit"":""Qty"",""description"":"""",""weighted_price"":0,""price"":0,""amount"":0,""hsn_code"":"""",""batchprefix"":"""",""existing_stock"":""6"",""current_stock"":""8"",""category"":""Food"",""sap_code"":"""",""tax_type"":0,""excise_duty"":0,""tax1_label"":""CGST"",""tax2_label"":""SGST"",""tax3_label"":""IGST""}]",[],0,0,,,[],[],,,,,,,,,,,,,,,,,,,,,,,,,,,,,,,,,,,,,,,,,,,,,,,,,,,,,,,,,,,,,,,,,,,,,,,,,,,,,,,,6a442c4d-9f94-4f0f-ae71-05753c009e87,,1,,,,,,,,,,,,,,,,,,,,,,,,,,,,,,,,,,,,,,,,,,,,,,,,,,,,,,,,,,,,,,,,,,,,,,,,,,,,,,,,,,,,,,,,,,,,,,,,,,,,,,,,,,,,,,,,,,,,,,,,,,,,,,,,,,,,,,,,,,,,,,,,,,,,,,,,,,,,,,,,,,,,,,,,,,,,,,,,,,,,,,,,,,,,,,,,,,,,,,,,,,,,,,,,,,,,,,,,,,,,,,,,,,,,,,,,,,,,,,,,,,,,,,,,,,,,,,,,60.0.158.135,,,,,,,,,,,,,,,,,,,,,,,,,,,,,,,,,,,,,,,,,,,,,,,,,,,,,,,,,,,,,,,,,,,,,,,,,,,,,,,,,,,,,,,,,,,,,,,,,,,,,,,,,,,,,,,,,,,,,,,,,,,,,,,,,,,,,,,,,,,,,,,,,,,,,,,,,,,,,,,,,,,,,,,,,,,,,,,,,,,,,,,,,,,,,,,,,,,,,,,,,,,,,,,,,,,,,,,,,,,,,,,,,,,,,,,,,,,,,,,,,,,,,,,,,,,,,,,,,,,,,,,,,,,,,,,,,,,,,,,,,,,,,,,,,,,,,,,,,,,,,,,,,,,,,,,,,,,,,,,,,,,,,,,,,,,,,,,,,,,,,,,,,,,,,,,,,,,,,,,,,,,,,,,,,,,,,,,,,,,,,,,,,,,,,,,,,,,,,,,,,,,,,,,,,,,
Surat Prep Kitchen,376017,133607190,Manual Stock,0,0,,2026-07-01,0,0,Active,Unpaid,,0,0,0,0,0.00,0,0,0,0,2026-07-01 02:21:15,2026-07-01 02:21:15,376017,Kitchen,,,,Gujarat,,,,,,,,,,,Gujarat,,,,,,,,,,,,,,"[{""item_id"":""46282862"",""unit"":""4907684"",""qty"":41.6,""itemname"":""Extra Virgin Olive Oil 5ltr"",""lbl_unit"":""Qty"",""description"":"""",""weighted_price"":0,""price"":0,""amount"":0,""hsn_code"":"""",""batchprefix"":"""",""existing_stock"":""-37.1"",""current_stock"":""4.5"",""category"":""Food"",""sap_code"":"""",""tax_type"":0,""excise_duty"":0,""tax1_label"":""CGST"",""tax2_label"":""SGST"",""tax3_label"":""IGST""}]",[],0,0,,,[],[],,,,,,,,,,,,,,,,,,,,,,,,,,,,,,,,,,,,,,,,,,,,,,,,,,,,,,,,,,,,,,,,,,,,,,,,,,,,,,,,6a442c3d-bad8-4ae8-8ed1-05603c009e87,,1,,,,,,,,,,,,,,,,,,,,,,,,,,,,,,,,,,,,,,,,,,,,,,,,,,,,,,,,,,,,,,,,,,,,,,,,,,,,,,,,,,,,,,,,,,,,,,,,,,,,,,,,,,,,,,,,,,,,,,,,,,,,,,,,,,,,,,,,,,,,,,,,,,,,,,,,,,,,,,,,,,,,,,,,,,,,,,,,,,,,,,,,,,,,,,,,,,,,,,,,,,,,,,,,,,,,,,,,,,,,,,,,,,,,,,,,,,,,,,,,,,,,,,,,,,,,,,,,,60.0.158.135,,,,,,,,,,,,,,,,,,,,,,,,,,,,,,,,,,,,,,,,,,,,,,,,,,,,,,,,,,,,,,,,,,,,,,,,,,,,,,,,,,,,,,,,,,,,,,,,,,,,,,,,,,,,,,,,,,,,,,,,,,,,,,,,,,,,,,,,,,,,,,,,,,,,,,,,,,,,,,,,,,,,,,,,,,,,,,,,,,,,,,,,,,,,,,,,,,,,,,,,,,,,,,,,,,,,,,,,,,,,,,,,,,,,,,,,,,,,,,,,,,,,,,,,,,,,,,,,,,,,,,,,,,,,,,,,,,,,,,,,,,,,,,,,,,,,,,,,,,,,,,,,,,,,,,,,,,,,,,,,,,,,,,,,,,,,,,,,,,,,,,,,,,,,,,,,,,,,,,,,,,,,,,,,,,,,,,,,,,,,,,,,,,,,,,,,,,,,,,,,,,,,,,,,,,
Surat Prep Kitchen,376017,133607181,Manual Stock,0,0,,2026-07-01,0,0,Active,Unpaid,,0,0,0,0,0.00,0,0,0,0,2026-07-01 02:20:41,2026-07-01 02:20:41,376017,Kitchen,,,,Gujarat,,,,,,,,,,,Gujarat,,,,,,,,,,,,,,"[{""item_id"":""46281945"",""unit"":""4907684"",""qty"":3,""itemname"":""Dark Miso Paste 500gm"",""lbl_unit"":""Qty"",""description"":"""",""weighted_price"":0,""price"":0,""amount"":0,""hsn_code"":"""",""batchprefix"":"""",""existing_stock"":""1"",""current_stock"":""4"",""category"":""Food"",""sap_code"":"""",""tax_type"":0,""excise_duty"":0,""tax1_label"":""CGST"",""tax2_label"":""SGST"",""tax3_label"":""IGST""}]",[],0,0,,,[],[],,,,,,,,,,,,,,,,,,,,,,,,,,,,,,,,,,,,,,,,,,,,,,,,,,,,,,,,,,,,,,,,,,,,,,,,,,,,,,,,6a442c1c-9060-4062-830c-05753c009e87,,1,,,,,,,,,,,,,,,,,,,,,,,,,,,,,,,,,,,,,,,,,,,,,,,,,,,,,,,,,,,,,,,,,,,,,,,,,,,,,,,,,,,,,,,,,,,,,,,,,,,,,,,,,,,,,,,,,,,,,,,,,,,,,,,,,,,,,,,,,,,,,,,,,,,,,,,,,,,,,,,,,,,,,,,,,,,,,,,,,,,,,,,,,,,,,,,,,,,,,,,,,,,,,,,,,,,,,,,,,,,,,,,,,,,,,,,,,,,,,,,,,,,,,,,,,,,,,,,,,,60.0.158.135,,,,,,,,,,,,,,,,,,,,,,,,,,,,,,,,,,,,,,,,,,,,,,,,,,,,,,,,,,,,,,,,,,,,,,,,,,,,,,,,,,,,,,,,,,,,,,,,,,,,,,,,,,,,,,,,,,,,,,,,,,,,,,,,,,,,,,,,,,,,,,,,,,,,,,,,,,,,,,,,,,,,,,,,,,,,,,,,,,,,,,,,,,,,,,,,,,,,,,,,,,,,,,,,,,,,,,,,,,,,,,,,,,,,,,,,,,,,,,,,,,,,,,,,,,,,,,,,,,,,,,,,,,,,,,,,,,,,,,,,,,,,,,,,,,,,,,,,,,,,,,,,,,,,,,,,,,,,,,,,,,,,,,,,,,,,,,,,,,,,,,,,,,,,,,,,,,,,,,,,,,,,,,,,,,,,,,,,,,,,,,,,,,,,,,,,,,,,,,,,,,,,,,,,,
Surat Prep Kitchen,376017,133607178,Manual Stock,0,0,,2026-07-01,0,0,Active,Unpaid,,0,0,0,0,0.00,0,0,0,0,2026-07-01 02:20:12,2026-07-01 02:20:12,376017,Kitchen,,,,Gujarat,,,,,,,,,,,Gujarat,,,,,,,,,,,,,,"[{""item_id"":""46281772"",""unit"":""4907684"",""qty"":2,""itemname"":""Chilli Broad Beans 120gm"",""lbl_unit"":""Qty"",""description"":"""",""weighted_price"":0,""price"":0,""amount"":0,""hsn_code"":"""",""batchprefix"":"""",""existing_stock"":""5"",""current_stock"":""7"",""category"":""Food"",""sap_code"":"""",""tax_type"":0,""excise_duty"":0,""tax1_label"":""CGST"",""tax2_label"":""SGST"",""tax3_label"":""IGST""}]",[],0,0,,,[],[],,,,,,,,,,,,,,,,,,,,,,,,,,,,,,,,,,,,,,,,,,,,,,,,,,,,,,,,,,,,,,,,,,,,,,,,,,,,,,,,6a442c00-ad84-43c9-80f5-05d43c009e87,,1,,,,,,,,,,,,,,,,,,,,,,,,,,,,,,,,,,,,,,,,,,,,,,,,,,,,,,,,,,,,,,,,,,,,,,,,,,,,,,,,,,,,,,,,,,,,,,,,,,,,,,,,,,,,,,,,,,,,,,,,,,,,,,,,,,,,,,,,,,,,,,,,,,,,,,,,,,,,,,,,,,,,,,,,,,,,,,,,,,,,,,,,,,,,,,,,,,,,,,,,,,,,,,,,,,,,,,,,,,,,,,,,,,,,,,,,,,,,,,,,,,,,,,,,,,,,,,,,,,,60.0.158.135,,,,,,,,,,,,,,,,,,,,,,,,,,,,,,,,,,,,,,,,,,,,,,,,,,,,,,,,,,,,,,,,,,,,,,,,,,,,,,,,,,,,,,,,,,,,,,,,,,,,,,,,,,,,,,,,,,,,,,,,,,,,,,,,,,,,,,,,,,,,,,,,,,,,,,,,,,,,,,,,,,,,,,,,,,,,,,,,,,,,,,,,,,,,,,,,,,,,,,,,,,,,,,,,,,,,,,,,,,,,,,,,,,,,,,,,,,,,,,,,,,,,,,,,,,,,,,,,,,,,,,,,,,,,,,,,,,,,,,,,,,,,,,,,,,,,,,,,,,,,,,,,,,,,,,,,,,,,,,,,,,,,,,,,,,,,,,,,,,,,,,,,,,,,,,,,,,,,,,,,,,,,,,,,,,,,,,,,,,,,,,,,,,,,,,,,,,,,,,,,,,,,,,,,
Surat Prep Kitchen,376017,133607174,Manual Stock,0,0,,2026-07-01,0,0,Active,Unpaid,,0,0,0,0,0.00,0,0,0,0,2026-07-01 02:20:05,2026-07-01 02:20:05,376017,Kitchen,,,,Gujarat,,,,,,,,,,,Gujarat,,,,,,,,,,,,,,"[{""item_id"":""46282473"",""unit"":""4907684"",""qty"":799.8,""itemname"":""Bucatini Pasta 500 Gm"",""lbl_unit"":""Qty"",""description"":"""",""weighted_price"":0,""price"":0,""amount"":0,""hsn_code"":"""",""batchprefix"":"""",""existing_stock"":""-794.8"",""current_stock"":""5"",""category"":""Food"",""sap_code"":"""",""tax_type"":0,""excise_duty"":0,""tax1_label"":""CGST"",""tax2_label"":""SGST"",""tax3_label"":""IGST""}]",[],0,0,,,[],[],,,,,,,,,,,,,,,,,,,,,,,,,,,,,,,,,,,,,,,,,,,,,,,,,,,,,,,,,,,,,,,,,,,,,,,,,,,,,,,,6a442bf7-9468-4316-b5dd-08b23c009e87,,1,,,,,,,,,,,,,,,,,,,,,,,,,,,,,,,,,,,,,,,,,,,,,,,,,,,,,,,,,,,,,,,,,,,,,,,,,,,,,,,,,,,,,,,,,,,,,,,,,,,,,,,,,,,,,,,,,,,,,,,,,,,,,,,,,,,,,,,,,,,,,,,,,,,,,,,,,,,,,,,,,,,,,,,,,,,,,,,,,,,,,,,,,,,,,,,,,,,,,,,,,,,,,,,,,,,,,,,,,,,,,,,,,,,,,,,,,,,,,,,,,,,,,,,,,,,,,,,,,,,,60.0.158.135,,,,,,,,,,,,,,,,,,,,,,,,,,,,,,,,,,,,,,,,,,,,,,,,,,,,,,,,,,,,,,,,,,,,,,,,,,,,,,,,,,,,,,,,,,,,,,,,,,,,,,,,,,,,,,,,,,,,,,,,,,,,,,,,,,,,,,,,,,,,,,,,,,,,,,,,,,,,,,,,,,,,,,,,,,,,,,,,,,,,,,,,,,,,,,,,,,,,,,,,,,,,,,,,,,,,,,,,,,,,,,,,,,,,,,,,,,,,,,,,,,,,,,,,,,,,,,,,,,,,,,,,,,,,,,,,,,,,,,,,,,,,,,,,,,,,,,,,,,,,,,,,,,,,,,,,,,,,,,,,,,,,,,,,,,,,,,,,,,,,,,,,,,,,,,,,,,,,,,,,,,,,,,,,,,,,,,,,,,,,,,,,,,,,,,,,,,,,,,,,,,,,,,,
Surat Prep Kitchen,376017,133607169,Manual Stock,0,0,,2026-07-01,0,0,Active,Unpaid,,0,0,0,0,0.00,0,0,0,0,2026-07-01 02:19:56,2026-07-01 02:19:56,376017,Kitchen,,,,Gujarat,,,,,,,,,,,Gujarat,,,,,,,,,,,,,,"[{""item_id"":""46281481"",""unit"":""4907667"",""qty"":0.2,""itemname"":""Black Pepper Powder"",""lbl_unit"":""Kg"",""description"":"""",""weighted_price"":0,""price"":0,""amount"":0,""hsn_code"":"""",""batchprefix"":"""",""existing_stock"":0.8,""current_stock"":1,""rmconv_qty"":""1000"",""rmconv_qty_total"":200,""rmconv_unit"":""GM"",""rmconv_unit_id"":""4907673"",""category"":""Food"",""sap_code"":"""",""tax_type"":0,""excise_duty"":0,""tax1_label"":""CGST"",""tax2_label"":""SGST"",""tax3_label"":""IGST""}]",[],0,0,,,[],[],,,,,,,,,,,,,,,,,,,,,,,,,,,,,,,,,,,,,,,,,,,,,,,,,,,,,,,,,,,,,,,,,,,,,,,,,,,,,,,,6a442bef-8584-44bf-b6fb-06443c009e87,,1,,,,,,,,,,,,,,,,,,,,,,,,,,,,,,,,,,,,,,,,,,,,,,,,,,,,,,,,,,,,,,,,,,,,,,,,,,,,,,,,,,,,,,,,,,,,,,,,,,,,,,,,,,,,,,,,,,,,,,,,,,,,,,,,,,,,,,,,,,,,,,,,,,,,,,,,,,,,,,,,,,,,,,,,,,,,,,,,,,,,,,,,,,,,,,,,,,,,,,,,,,,,,,,,,,,,,,,,,,,,,,,,,,,,,,,,,,,,,,,,,,,,,,,,,,,,,,,,,,,,,60.0.158.135,,,,,,,,,,,,,,,,,,,,,,,,,,,,,,,,,,,,,,,,,,,,,,,,,,,,,,,,,,,,,,,,,,,,,,,,,,,,,,,,,,,,,,,,,,,,,,,,,,,,,,,,,,,,,,,,,,,,,,,,,,,,,,,,,,,,,,,,,,,,,,,,,,,,,,,,,,,,,,,,,,,,,,,,,,,,,,,,,,,,,,,,,,,,,,,,,,,,,,,,,,,,,,,,,,,,,,,,,,,,,,,,,,,,,,,,,,,,,,,,,,,,,,,,,,,,,,,,,,,,,,,,,,,,,,,,,,,,,,,,,,,,,,,,,,,,,,,,,,,,,,,,,,,,,,,,,,,,,,,,,,,,,,,,,,,,,,,,,,,,,,,,,,,,,,,,,,,,,,,,,,,,,,,,,,,,,,,,,,,,,,,,,,,,,,,,,,,,,,,,,,,,,,
Surat Prep Kitchen,376017,133607168,Manual Stock,0,0,,2026-07-01,0,0,Active,Unpaid,,0,0,0,0,0.00,0,0,0,0,2026-07-01 02:19:48,2026-07-01 02:19:48,376017,Kitchen,,,,Gujarat,,,,,,,,,,,Gujarat,,,,,,,,,,,,,,"[{""item_id"":""46281664"",""unit"":""4907667"",""qty"":0.7,""itemname"":""Almond 1kg"",""lbl_unit"":""Kg"",""description"":"""",""weighted_price"":0,""price"":0,""amount"":0,""hsn_code"":"""",""batchprefix"":"""",""existing_stock"":""1.3"",""current_stock"":""2"",""category"":""Food"",""sap_code"":"""",""tax_type"":0,""excise_duty"":0,""tax1_label"":""CGST"",""tax2_label"":""SGST"",""tax3_label"":""IGST""}]",[],0,0,,,[],[],,,,,,,,,,,,,,,,,,,,,,,,,,,,,,,,,,,,,,,,,,,,,,,,,,,,,,,,,,,,,,,,,,,,,,,,,,,,,,,,6a442be7-d69c-4b7b-b9fd-05f83c009e87,,1,,,,,,,,,,,,,,,,,,,,,,,,,,,,,,,,,,,,,,,,,,,,,,,,,,,,,,,,,,,,,,,,,,,,,,,,,,,,,,,,,,,,,,,,,,,,,,,,,,,,,,,,,,,,,,,,,,,,,,,,,,,,,,,,,,,,,,,,,,,,,,,,,,,,,,,,,,,,,,,,,,,,,,,,,,,,,,,,,,,,,,,,,,,,,,,,,,,,,,,,,,,,,,,,,,,,,,,,,,,,,,,,,,,,,,,,,,,,,,,,,,,,,,,,,,,,,,,,,,,,,,60.0.158.135,,,,,,,,,,,,,,,,,,,,,,,,,,,,,,,,,,,,,,,,,,,,,,,,,,,,,,,,,,,,,,,,,,,,,,,,,,,,,,,,,,,,,,,,,,,,,,,,,,,,,,,,,,,,,,,,,,,,,,,,,,,,,,,,,,,,,,,,,,,,,,,,,,,,,,,,,,,,,,,,,,,,,,,,,,,,,,,,,,,,,,,,,,,,,,,,,,,,,,,,,,,,,,,,,,,,,,,,,,,,,,,,,,,,,,,,,,,,,,,,,,,,,,,,,,,,,,,,,,,,,,,,,,,,,,,,,,,,,,,,,,,,,,,,,,,,,,,,,,,,,,,,,,,,,,,,,,,,,,,,,,,,,,,,,,,,,,,,,,,,,,,,,,,,,,,,,,,,,,,,,,,,,,,,,,,,,,,,,,,,,,,,,,,,,,,,,,,,,,,,,,,,,
Surat Prep Kitchen,376017,133607166,Manual Stock,0,0,,2026-07-01,0,0,Active,Unpaid,,0,0,0,0,0.00,0,0,0,0,2026-07-01 02:19:40,2026-07-01 02:19:40,376017,Kitchen,,,,Gujarat,,,,,,,,,,,Gujarat,,,,,,,,,,,,,,"[{""item_id"":""46282713"",""unit"":""4907667"",""qty"":2.9,""itemname"":""Yellow Bellpepper"",""lbl_unit"":""Kg"",""description"":"""",""weighted_price"":0,""price"":0,""amount"":0,""hsn_code"":"""",""batchprefix"":"""",""existing_stock"":1.5,""current_stock"":4.4,""rmconv_qty"":""1000"",""rmconv_qty_total"":2900,""rmconv_unit"":""GM"",""rmconv_unit_id"":""4907673"",""category"":""Food"",""sap_code"":"""",""tax_type"":0,""excise_duty"":0,""tax1_label"":""CGST"",""tax2_label"":""SGST"",""tax3_label"":""IGST""}]",[],0,0,,,[],[],,,,,,,,,,,,,,,,,,,,,,,,,,,,,,,,,,,,,,,,,,,,,,,,,,,,,,,,,,,,,,,,,,,,,,,,,,,,,,,,6a442bda-0dec-4e82-b65c-06f83c009e87,,1,,,,,,,,,,,,,,,,,,,,,,,,,,,,,,,,,,,,,,,,,,,,,,,,,,,,,,,,,,,,,,,,,,,,,,,,,,,,,,,,,,,,,,,,,,,,,,,,,,,,,,,,,,,,,,,,,,,,,,,,,,,,,,,,,,,,,,,,,,,,,,,,,,,,,,,,,,,,,,,,,,,,,,,,,,,,,,,,,,,,,,,,,,,,,,,,,,,,,,,,,,,,,,,,,,,,,,,,,,,,,,,,,,,,,,,,,,,,,,,,,,,,,,,,,,,,,,,,,,,,,,,60.0.158.135,,,,,,,,,,,,,,,,,,,,,,,,,,,,,,,,,,,,,,,,,,,,,,,,,,,,,,,,,,,,,,,,,,,,,,,,,,,,,,,,,,,,,,,,,,,,,,,,,,,,,,,,,,,,,,,,,,,,,,,,,,,,,,,,,,,,,,,,,,,,,,,,,,,,,,,,,,,,,,,,,,,,,,,,,,,,,,,,,,,,,,,,,,,,,,,,,,,,,,,,,,,,,,,,,,,,,,,,,,,,,,,,,,,,,,,,,,,,,,,,,,,,,,,,,,,,,,,,,,,,,,,,,,,,,,,,,,,,,,,,,,,,,,,,,,,,,,,,,,,,,,,,,,,,,,,,,,,,,,,,,,,,,,,,,,,,,,,,,,,,,,,,,,,,,,,,,,,,,,,,,,,,,,,,,,,,,,,,,,,,,,,,,,,,,,,,,,,,,,,,,,,,
Surat Prep Kitchen,376017,133607156,Manual Stock,0,0,,2026-07-01,0,0,Active,Unpaid,,0,0,0,0,0.00,0,0,0,0,2026-07-01 02:19:02,2026-07-01 02:19:02,376017,Kitchen,,,,Gujarat,,,,,,,,,,,Gujarat,,,,,,,,,,,,,,"[{""item_id"":""46283361"",""unit"":""4907666"",""qty"":107,""itemname"":""Small Pizza Dough"",""lbl_unit"":""Piece"",""description"":"""",""weighted_price"":0,""price"":0,""amount"":0,""hsn_code"":"""",""batchprefix"":"""",""existing_stock"":""2"",""current_stock"":""109"",""category"":""Food"",""sap_code"":"""",""tax_type"":0,""excise_duty"":0,""tax1_label"":""CGST"",""tax2_label"":""SGST"",""tax3_label"":""IGST""}]",[],0,0,,,[],[],,,,,,,,,,,,,,,,,,,,,,,,,,,,,,,,,,,,,,,,,,,,,,,,,,,,,,,,,,,,,,,,,,,,,,,,,,,,,,,,6a442bb9-00c8-47be-a503-08103c009e87,,1,,,,,,,,,,,,,,,,,,,,,,,,,,,,,,,,,,,,,,,,,,,,,,,,,,,,,,,,,,,,,,,,,,,,,,,,,,,,,,,,,,,,,,,,,,,,,,,,,,,,,,,,,,,,,,,,,,,,,,,,,,,,,,,,,,,,,,,,,,,,,,,,,,,,,,,,,,,,,,,,,,,,,,,,,,,,,,,,,,,,,,,,,,,,,,,,,,,,,,,,,,,,,,,,,,,,,,,,,,,,,,,,,,,,,,,,,,,,,,,,,,,,,,,,,,,,,,,,,,,,,,,,60.0.158.135,,,,,,,,,,,,,,,,,,,,,,,,,,,,,,,,,,,,,,,,,,,,,,,,,,,,,,,,,,,,,,,,,,,,,,,,,,,,,,,,,,,,,,,,,,,,,,,,,,,,,,,,,,,,,,,,,,,,,,,,,,,,,,,,,,,,,,,,,,,,,,,,,,,,,,,,,,,,,,,,,,,,,,,,,,,,,,,,,,,,,,,,,,,,,,,,,,,,,,,,,,,,,,,,,,,,,,,,,,,,,,,,,,,,,,,,,,,,,,,,,,,,,,,,,,,,,,,,,,,,,,,,,,,,,,,,,,,,,,,,,,,,,,,,,,,,,,,,,,,,,,,,,,,,,,,,,,,,,,,,,,,,,,,,,,,,,,,,,,,,,,,,,,,,,,,,,,,,,,,,,,,,,,,,,,,,,,,,,,,,,,,,,,,,,,,,,,,,,,,,,,,
Surat Prep Kitchen,376017,133607154,Manual Stock,0,0,,2026-07-01,0,0,Active,Unpaid,,0,0,0,0,0.00,0,0,0,0,2026-07-01 02:18:54,2026-07-01 02:18:54,376017,Kitchen,,,,Gujarat,,,,,,,,,,,Gujarat,,,,,,,,,,,,,,"[{""item_id"":""46281923"",""unit"":""4907684"",""qty"":1,""itemname"":""Semolina Pasta Flour 1kg"",""lbl_unit"":""Qty"",""description"":"""",""weighted_price"":0,""price"":0,""amount"":0,""hsn_code"":"""",""batchprefix"":"""",""existing_stock"":""1"",""current_stock"":""2"",""category"":""Food"",""sap_code"":"""",""tax_type"":0,""excise_duty"":0,""tax1_label"":""CGST"",""tax2_label"":""SGST"",""tax3_label"":""IGST""}]",[],0,0,,,[],[],,,,,,,,,,,,,,,,,,,,,,,,,,,,,,,,,,,,,,,,,,,,,,,,,,,,,,,,,,,,,,,,,,,,,,,,,,,,,,,,6a442bb0-8cc4-43d3-9110-08073c009e87,,1,,,,,,,,,,,,,,,,,,,,,,,,,,,,,,,,,,,,,,,,,,,,,,,,,,,,,,,,,,,,,,,,,,,,,,,,,,,,,,,,,,,,,,,,,,,,,,,,,,,,,,,,,,,,,,,,,,,,,,,,,,,,,,,,,,,,,,,,,,,,,,,,,,,,,,,,,,,,,,,,,,,,,,,,,,,,,,,,,,,,,,,,,,,,,,,,,,,,,,,,,,,,,,,,,,,,,,,,,,,,,,,,,,,,,,,,,,,,,,,,,,,,,,,,,,,,,,,,,,,,,,,,,60.0.158.135,,,,,,,,,,,,,,,,,,,,,,,,,,,,,,,,,,,,,,,,,,,,,,,,,,,,,,,,,,,,,,,,,,,,,,,,,,,,,,,,,,,,,,,,,,,,,,,,,,,,,,,,,,,,,,,,,,,,,,,,,,,,,,,,,,,,,,,,,,,,,,,,,,,,,,,,,,,,,,,,,,,,,,,,,,,,,,,,,,,,,,,,,,,,,,,,,,,,,,,,,,,,,,,,,,,,,,,,,,,,,,,,,,,,,,,,,,,,,,,,,,,,,,,,,,,,,,,,,,,,,,,,,,,,,,,,,,,,,,,,,,,,,,,,,,,,,,,,,,,,,,,,,,,,,,,,,,,,,,,,,,,,,,,,,,,,,,,,,,,,,,,,,,,,,,,,,,,,,,,,,,,,,,,,,,,,,,,,,,,,,,,,,,,,,,,,,,,,,,,,,,
Surat Prep Kitchen,376017,133607152,Manual Stock,0,0,,2026-07-01,0,0,Active,Unpaid,,0,0,0,0,0.00,0,0,0,0,2026-07-01 02:18:38,2026-07-01 02:18:38,376017,Kitchen,,,,Gujarat,,,,,,,,,,,Gujarat,,,,,,,,,,,,,,"[{""item_id"":""46282548"",""unit"":""4907667"",""qty"":1.2,""itemname"":""Rice Flour"",""lbl_unit"":""Kg"",""description"":"""",""weighted_price"":0,""price"":0,""amount"":0,""hsn_code"":"""",""batchprefix"":"""",""existing_stock"":1,""current_stock"":2.2,""rmconv_qty"":""1000"",""rmconv_qty_total"":1200,""rmconv_unit"":""GM"",""rmconv_unit_id"":""4907673"",""category"":""Food"",""sap_code"":"""",""tax_type"":0,""excise_duty"":0,""tax1_label"":""CGST"",""tax2_label"":""SGST"",""tax3_label"":""IGST""}]",[],0,0,,,[],[],,,,,,,,,,,,,,,,,,,,,,,,,,,,,,,,,,,,,,,,,,,,,,,,,,,,,,,,,,,,,,,,,,,,,,,,,,,,,,,,6a442b9f-504c-42f2-8a4e-07c83c009e87,,1,,,,,,,,,,,,,,,,,,,,,,,,,,,,,,,,,,,,,,,,,,,,,,,,,,,,,,,,,,,,,,,,,,,,,,,,,,,,,,,,,,,,,,,,,,,,,,,,,,,,,,,,,,,,,,,,,,,,,,,,,,,,,,,,,,,,,,,,,,,,,,,,,,,,,,,,,,,,,,,,,,,,,,,,,,,,,,,,,,,,,,,,,,,,,,,,,,,,,,,,,,,,,,,,,,,,,,,,,,,,,,,,,,,,,,,,,,,,,,,,,,,,,,,,,,,,,,,,,,,,,,,,,,60.0.158.135,,,,,,,,,,,,,,,,,,,,,,,,,,,,,,,,,,,,,,,,,,,,,,,,,,,,,,,,,,,,,,,,,,,,,,,,,,,,,,,,,,,,,,,,,,,,,,,,,,,,,,,,,,,,,,,,,,,,,,,,,,,,,,,,,,,,,,,,,,,,,,,,,,,,,,,,,,,,,,,,,,,,,,,,,,,,,,,,,,,,,,,,,,,,,,,,,,,,,,,,,,,,,,,,,,,,,,,,,,,,,,,,,,,,,,,,,,,,,,,,,,,,,,,,,,,,,,,,,,,,,,,,,,,,,,,,,,,,,,,,,,,,,,,,,,,,,,,,,,,,,,,,,,,,,,,,,,,,,,,,,,,,,,,,,,,,,,,,,,,,,,,,,,,,,,,,,,,,,,,,,,,,,,,,,,,,,,,,,,,,,,,,,,,,,,,,,,,,,,,,,
Surat Prep Kitchen,376017,133607100,Manual Stock,0,0,,2026-07-01,0,0,Active,Unpaid,,0,0,0,0,0.00,0,0,0,0,2026-07-01 02:15:53,2026-07-01 02:15:53,376017,Kitchen,,,,Gujarat,,,,,,,,,,,Gujarat,,,,,,,,,,,,,,"[{""item_id"":""46281930"",""unit"":""4907684"",""qty"":1,""itemname"":""Malted Barley Flour (diastatic) 1kg"",""lbl_unit"":""Qty"",""description"":"""",""weighted_price"":0,""price"":0,""amount"":0,""hsn_code"":"""",""batchprefix"":"""",""existing_stock"":""1"",""current_stock"":""2"",""category"":""Food"",""sap_code"":"""",""tax_type"":0,""excise_duty"":0,""tax1_label"":""CGST"",""tax2_label"":""SGST"",""tax3_label"":""IGST""}]",[],0,0,,,[],[],,,,,,,,,,,,,,,,,,,,,,,,,,,,,,,,,,,,,,,,,,,,,,,,,,,,,,,,,,,,,,,,,,,,,,,,,,,,,,,,6a442afb-19f8-4625-9753-08b23c009e87,,1,,,,,,,,,,,,,,,,,,,,,,,,,,,,,,,,,,,,,,,,,,,,,,,,,,,,,,,,,,,,,,,,,,,,,,,,,,,,,,,,,,,,,,,,,,,,,,,,,,,,,,,,,,,,,,,,,,,,,,,,,,,,,,,,,,,,,,,,,,,,,,,,,,,,,,,,,,,,,,,,,,,,,,,,,,,,,,,,,,,,,,,,,,,,,,,,,,,,,,,,,,,,,,,,,,,,,,,,,,,,,,,,,,,,,,,,,,,,,,,,,,,,,,,,,,,,,,,,,,,,,,,,,,,60.0.158.135,,,,,,,,,,,,,,,,,,,,,,,,,,,,,,,,,,,,,,,,,,,,,,,,,,,,,,,,,,,,,,,,,,,,,,,,,,,,,,,,,,,,,,,,,,,,,,,,,,,,,,,,,,,,,,,,,,,,,,,,,,,,,,,,,,,,,,,,,,,,,,,,,,,,,,,,,,,,,,,,,,,,,,,,,,,,,,,,,,,,,,,,,,,,,,,,,,,,,,,,,,,,,,,,,,,,,,,,,,,,,,,,,,,,,,,,,,,,,,,,,,,,,,,,,,,,,,,,,,,,,,,,,,,,,,,,,,,,,,,,,,,,,,,,,,,,,,,,,,,,,,,,,,,,,,,,,,,,,,,,,,,,,,,,,,,,,,,,,,,,,,,,,,,,,,,,,,,,,,,,,,,,,,,,,,,,,,,,,,,,,,,,,,,,,,,,,,,,,,,,
Surat Prep Kitchen,376017,133607097,Manual Stock,0,0,,2026-07-01,0,0,Active,Unpaid,,0,0,0,0,0.00,0,0,0,0,2026-07-01 02:15:45,2026-07-01 02:15:45,376017,Kitchen,,,,Gujarat,,,,,,,,,,,Gujarat,,,,,,,,,,,,,,"[{""item_id"":""46282655"",""unit"":""4907667"",""qty"":41.6,""itemname"":""Maida"",""lbl_unit"":""Kg"",""description"":"""",""weighted_price"":0,""price"":0,""amount"":0,""hsn_code"":"""",""batchprefix"":"""",""existing_stock"":""-10.6"",""current_stock"":""31"",""category"":""Food"",""sap_code"":"""",""tax_type"":0,""excise_duty"":0,""tax1_label"":""CGST"",""tax2_label"":""SGST"",""tax3_label"":""IGST""}]",[],0,0,,,[],[],,,,,,,,,,,,,,,,,,,,,,,,,,,,,,,,,,,,,,,,,,,,,,,,,,,,,,,,,,,,,,,,,,,,,,,,,,,,,,,,6a442af2-2f7c-455f-a342-04a23c009e87,,1,,,,,,,,,,,,,,,,,,,,,,,,,,,,,,,,,,,,,,,,,,,,,,,,,,,,,,,,,,,,,,,,,,,,,,,,,,,,,,,,,,,,,,,,,,,,,,,,,,,,,,,,,,,,,,,,,,,,,,,,,,,,,,,,,,,,,,,,,,,,,,,,,,,,,,,,,,,,,,,,,,,,,,,,,,,,,,,,,,,,,,,,,,,,,,,,,,,,,,,,,,,,,,,,,,,,,,,,,,,,,,,,,,,,,,,,,,,,,,,,,,,,,,,,,,,,,,,,,,,,,,,,,,,,60.0.158.135,,,,,,,,,,,,,,,,,,,,,,,,,,,,,,,,,,,,,,,,,,,,,,,,,,,,,,,,,,,,,,,,,,,,,,,,,,,,,,,,,,,,,,,,,,,,,,,,,,,,,,,,,,,,,,,,,,,,,,,,,,,,,,,,,,,,,,,,,,,,,,,,,,,,,,,,,,,,,,,,,,,,,,,,,,,,,,,,,,,,,,,,,,,,,,,,,,,,,,,,,,,,,,,,,,,,,,,,,,,,,,,,,,,,,,,,,,,,,,,,,,,,,,,,,,,,,,,,,,,,,,,,,,,,,,,,,,,,,,,,,,,,,,,,,,,,,,,,,,,,,,,,,,,,,,,,,,,,,,,,,,,,,,,,,,,,,,,,,,,,,,,,,,,,,,,,,,,,,,,,,,,,,,,,,,,,,,,,,,,,,,,,,,,,,,,,,,,,,,,
Surat Prep Kitchen,376017,133607090,Manual Stock,0,0,,2026-07-01,0,0,Active,Unpaid,,0,0,0,0,0.00,0,0,0,0,2026-07-01 02:15:14,2026-07-01 02:15:14,376017,Kitchen,,,,Gujarat,,,,,,,,,,,Gujarat,,,,,,,,,,,,,,"[{""item_id"":""46283028"",""unit"":""4907667"",""qty"":1,""itemname"":""Hydroponic English Cucumber"",""lbl_unit"":""Kg"",""description"":"""",""weighted_price"":0,""price"":0,""amount"":0,""hsn_code"":"""",""batchprefix"":"""",""existing_stock"":15.5,""current_stock"":16.5,""rmconv_qty"":""1000"",""rmconv_qty_total"":1000,""rmconv_unit"":""GM"",""rmconv_unit_id"":""4907673"",""category"":""Food"",""sap_code"":"""",""tax_type"":0,""excise_duty"":0,""tax1_label"":""CGST"",""tax2_label"":""SGST"",""tax3_label"":""IGST""}]",[],0,0,,,[],[],,,,,,,,,,,,,,,,,,,,,,,,,,,,,,,,,,,,,,,,,,,,,,,,,,,,,,,,,,,,,,,,,,,,,,,,,,,,,,,,6a442ad3-0c18-48ad-8f0c-08b23c009e87,,1,,,,,,,,,,,,,,,,,,,,,,,,,,,,,,,,,,,,,,,,,,,,,,,,,,,,,,,,,,,,,,,,,,,,,,,,,,,,,,,,,,,,,,,,,,,,,,,,,,,,,,,,,,,,,,,,,,,,,,,,,,,,,,,,,,,,,,,,,,,,,,,,,,,,,,,,,,,,,,,,,,,,,,,,,,,,,,,,,,,,,,,,,,,,,,,,,,,,,,,,,,,,,,,,,,,,,,,,,,,,,,,,,,,,,,,,,,,,,,,,,,,,,,,,,,,,,,,,,,,,,,,,,,,,,60.0.158.135,,,,,,,,,,,,,,,,,,,,,,,,,,,,,,,,,,,,,,,,,,,,,,,,,,,,,,,,,,,,,,,,,,,,,,,,,,,,,,,,,,,,,,,,,,,,,,,,,,,,,,,,,,,,,,,,,,,,,,,,,,,,,,,,,,,,,,,,,,,,,,,,,,,,,,,,,,,,,,,,,,,,,,,,,,,,,,,,,,,,,,,,,,,,,,,,,,,,,,,,,,,,,,,,,,,,,,,,,,,,,,,,,,,,,,,,,,,,,,,,,,,,,,,,,,,,,,,,,,,,,,,,,,,,,,,,,,,,,,,,,,,,,,,,,,,,,,,,,,,,,,,,,,,,,,,,,,,,,,,,,,,,,,,,,,,,,,,,,,,,,,,,,,,,,,,,,,,,,,,,,,,,,,,,,,,,,,,,,,,,,,,,,,,,,,,,,,,,,,
Surat Prep Kitchen,376017,133607083,Manual Stock,0,0,,2026-07-01,0,0,Active,Unpaid,,0,0,0,0,0.00,0,0,0,0,2026-07-01 02:14:15,2026-07-01 02:14:15,376017,Kitchen,,,,Gujarat,,,,,,,,,,,Gujarat,,,,,,,,,,,,,,"[{""item_id"":""46283177"",""unit"":""4907667"",""qty"":5.6,""itemname"":""Green Bell Pepper Whole"",""lbl_unit"":""Kg"",""description"":"""",""weighted_price"":0,""price"":0,""amount"":0,""hsn_code"":"""",""batchprefix"":"""",""existing_stock"":6.4,""current_stock"":12,""rmconv_qty"":""1000"",""rmconv_qty_total"":5600,""rmconv_unit"":""GM"",""rmconv_unit_id"":""4907673"",""category"":""Food"",""sap_code"":"""",""tax_type"":0,""excise_duty"":0,""tax1_label"":""CGST"",""tax2_label"":""SGST"",""tax3_label"":""IGST""}]",[],0,0,,,[],[],,,,,,,,,,,,,,,,,,,,,,,,,,,,,,,,,,,,,,,,,,,,,,,,,,,,,,,,,,,,,,,,,,,,,,,,,,,,,,,,6a442a95-9c4c-4b83-8b83-05d03c009e87,,1,,,,,,,,,,,,,,,,,,,,,,,,,,,,,,,,,,,,,,,,,,,,,,,,,,,,,,,,,,,,,,,,,,,,,,,,,,,,,,,,,,,,,,,,,,,,,,,,,,,,,,,,,,,,,,,,,,,,,,,,,,,,,,,,,,,,,,,,,,,,,,,,,,,,,,,,,,,,,,,,,,,,,,,,,,,,,,,,,,,,,,,,,,,,,,,,,,,,,,,,,,,,,,,,,,,,,,,,,,,,,,,,,,,,,,,,,,,,,,,,,,,,,,,,,,,,,,,,,,,,,,,,,,,,,,60.0.158.135,,,,,,,,,,,,,,,,,,,,,,,,,,,,,,,,,,,,,,,,,,,,,,,,,,,,,,,,,,,,,,,,,,,,,,,,,,,,,,,,,,,,,,,,,,,,,,,,,,,,,,,,,,,,,,,,,,,,,,,,,,,,,,,,,,,,,,,,,,,,,,,,,,,,,,,,,,,,,,,,,,,,,,,,,,,,,,,,,,,,,,,,,,,,,,,,,,,,,,,,,,,,,,,,,,,,,,,,,,,,,,,,,,,,,,,,,,,,,,,,,,,,,,,,,,,,,,,,,,,,,,,,,,,,,,,,,,,,,,,,,,,,,,,,,,,,,,,,,,,,,,,,,,,,,,,,,,,,,,,,,,,,,,,,,,,,,,,,,,,,,,,,,,,,,,,,,,,,,,,,,,,,,,,,,,,,,,,,,,,,,,,,,,,,,,,,,,,,,
Surat Prep Kitchen,376017,133607068,Manual Stock,0,0,,2026-07-01,0,0,Active,Unpaid,,0,0,0,0,0.00,0,0,0,0,2026-07-01 02:13:23,2026-07-01 02:13:23,376017,Kitchen,,,,Gujarat,,,,,,,,,,,Gujarat,,,,,,,,,,,,,,"[{""item_id"":""46283377"",""unit"":""4907667"",""qty"":0.2,""itemname"":""Cream Cheese In-house"",""lbl_unit"":""Kg"",""description"":"""",""weighted_price"":0,""price"":0,""amount"":0,""hsn_code"":"""",""batchprefix"":"""",""existing_stock"":3.7,""current_stock"":3.9,""rmconv_qty"":""1000"",""rmconv_qty_total"":200,""rmconv_unit"":""GM"",""rmconv_unit_id"":""4907673"",""category"":""Food"",""sap_code"":"""",""tax_type"":0,""excise_duty"":0,""tax1_label"":""CGST"",""tax2_label"":""SGST"",""tax3_label"":""IGST""}]",[],0,0,,,[],[],,,,,,,,,,,,,,,,,,,,,,,,,,,,,,,,,,,,,,,,,,,,,,,,,,,,,,,,,,,,,,,,,,,,,,,,,,,,,,,,6a442a63-ec0c-422c-87b5-06fe3c009e87,,1,,,,,,,,,,,,,,,,,,,,,,,,,,,,,,,,,,,,,,,,,,,,,,,,,,,,,,,,,,,,,,,,,,,,,,,,,,,,,,,,,,,,,,,,,,,,,,,,,,,,,,,,,,,,,,,,,,,,,,,,,,,,,,,,,,,,,,,,,,,,,,,,,,,,,,,,,,,,,,,,,,,,,,,,,,,,,,,,,,,,,,,,,,,,,,,,,,,,,,,,,,,,,,,,,,,,,,,,,,,,,,,,,,,,,,,,,,,,,,,,,,,,,,,,,,,,,,,,,,,,,,,,,,,,,,,60.0.158.135,,,,,,,,,,,,,,,,,,,,,,,,,,,,,,,,,,,,,,,,,,,,,,,,,,,,,,,,,,,,,,,,,,,,,,,,,,,,,,,,,,,,,,,,,,,,,,,,,,,,,,,,,,,,,,,,,,,,,,,,,,,,,,,,,,,,,,,,,,,,,,,,,,,,,,,,,,,,,,,,,,,,,,,,,,,,,,,,,,,,,,,,,,,,,,,,,,,,,,,,,,,,,,,,,,,,,,,,,,,,,,,,,,,,,,,,,,,,,,,,,,,,,,,,,,,,,,,,,,,,,,,,,,,,,,,,,,,,,,,,,,,,,,,,,,,,,,,,,,,,,,,,,,,,,,,,,,,,,,,,,,,,,,,,,,,,,,,,,,,,,,,,,,,,,,,,,,,,,,,,,,,,,,,,,,,,,,,,,,,,,,,,,,,,,,,,,,,,
Surat Prep Kitchen,376017,133607065,Manual Stock,0,0,,2026-07-01,0,0,Active,Unpaid,,0,0,0,0,0.00,0,0,0,0,2026-07-01 02:13:12,2026-07-01 02:13:12,376017,Kitchen,,,,Gujarat,,,,,,,,,,,Gujarat,,,,,,,,,,,,,,"[{""item_id"":""46283264"",""unit"":""4907667"",""qty"":5.7,""itemname"":""Confit Onion"",""lbl_unit"":""Kg"",""description"":"""",""weighted_price"":0,""price"":0,""amount"":0,""hsn_code"":"""",""batchprefix"":"""",""existing_stock"":-2.7,""current_stock"":3,""rmconv_qty"":""1000"",""rmconv_qty_total"":5700,""rmconv_unit"":""GM"",""rmconv_unit_id"":""4907673"",""category"":""Food"",""sap_code"":"""",""tax_type"":0,""excise_duty"":0,""tax1_label"":""CGST"",""tax2_label"":""SGST"",""tax3_label"":""IGST""}]",[],0,0,,,[],[],,,,,,,,,,,,,,,,,,,,,,,,,,,,,,,,,,,,,,,,,,,,,,,,,,,,,,,,,,,,,,,,,,,,,,,,,,,,,,,,6a442a59-bf84-4ed7-b67e-04f73c009e87,,1,,,,,,,,,,,,,,,,,,,,,,,,,,,,,,,,,,,,,,,,,,,,,,,,,,,,,,,,,,,,,,,,,,,,,,,,,,,,,,,,,,,,,,,,,,,,,,,,,,,,,,,,,,,,,,,,,,,,,,,,,,,,,,,,,,,,,,,,,,,,,,,,,,,,,,,,,,,,,,,,,,,,,,,,,,,,,,,,,,,,,,,,,,,,,,,,,,,,,,,,,,,,,,,,,,,,,,,,,,,,,,,,,,,,,,,,,,,,,,,,,,,,,,,,,,,,,,,,,,,,,,,,,,,,,,,,60.0.158.135,,,,,,,,,,,,,,,,,,,,,,,,,,,,,,,,,,,,,,,,,,,,,,,,,,,,,,,,,,,,,,,,,,,,,,,,,,,,,,,,,,,,,,,,,,,,,,,,,,,,,,,,,,,,,,,,,,,,,,,,,,,,,,,,,,,,,,,,,,,,,,,,,,,,,,,,,,,,,,,,,,,,,,,,,,,,,,,,,,,,,,,,,,,,,,,,,,,,,,,,,,,,,,,,,,,,,,,,,,,,,,,,,,,,,,,,,,,,,,,,,,,,,,,,,,,,,,,,,,,,,,,,,,,,,,,,,,,,,,,,,,,,,,,,,,,,,,,,,,,,,,,,,,,,,,,,,,,,,,,,,,,,,,,,,,,,,,,,,,,,,,,,,,,,,,,,,,,,,,,,,,,,,,,,,,,,,,,,,,,,,,,,,,,,,,,,,,,
Surat Prep Kitchen,376017,133607058,Manual Stock,0,0,,2026-07-01,0,0,Active,Unpaid,,0,0,0,0,0.00,0,0,0,0,2026-07-01 02:12:35,2026-07-01 02:12:35,376017,Kitchen,,,,Gujarat,,,,,,,,,,,Gujarat,,,,,,,,,,,,,,"[{""item_id"":""46283362"",""unit"":""4907666"",""qty"":572,""itemname"":""Big Pizza Dough"",""lbl_unit"":""Piece"",""description"":"""",""weighted_price"":0,""price"":0,""amount"":0,""hsn_code"":"""",""batchprefix"":"""",""existing_stock"":""-475"",""current_stock"":""97"",""category"":""Food"",""sap_code"":"""",""tax_type"":0,""excise_duty"":0,""tax1_label"":""CGST"",""tax2_label"":""SGST"",""tax3_label"":""IGST""}]",[],0,0,,,[],[],,,,,,,,,,,,,,,,,,,,,,,,,,,,,,,,,,,,,,,,,,,,,,,,,,,,,,,,,,,,,,,,,,,,,,,,,,,,,,,,6a442a35-ab90-40f7-94b6-08103c009e87,,1,,,,,,,,,,,,,,,,,,,,,,,,,,,,,,,,,,,,,,,,,,,,,,,,,,,,,,,,,,,,,,,,,,,,,,,,,,,,,,,,,,,,,,,,,,,,,,,,,,,,,,,,,,,,,,,,,,,,,,,,,,,,,,,,,,,,,,,,,,,,,,,,,,,,,,,,,,,,,,,,,,,,,,,,,,,,,,,,,,,,,,,,,,,,,,,,,,,,,,,,,,,,,,,,,,,,,,,,,,,,,,,,,,,,,,,,,,,,,,,,,,,,,,,,,,,,,,,,,,,,,,,,,,,,,,,,,60.0.158.135,,,,,,,,,,,,,,,,,,,,,,,,,,,,,,,,,,,,,,,,,,,,,,,,,,,,,,,,,,,,,,,,,,,,,,,,,,,,,,,,,,,,,,,,,,,,,,,,,,,,,,,,,,,,,,,,,,,,,,,,,,,,,,,,,,,,,,,,,,,,,,,,,,,,,,,,,,,,,,,,,,,,,,,,,,,,,,,,,,,,,,,,,,,,,,,,,,,,,,,,,,,,,,,,,,,,,,,,,,,,,,,,,,,,,,,,,,,,,,,,,,,,,,,,,,,,,,,,,,,,,,,,,,,,,,,,,,,,,,,,,,,,,,,,,,,,,,,,,,,,,,,,,,,,,,,,,,,,,,,,,,,,,,,,,,,,,,,,,,,,,,,,,,,,,,,,,,,,,,,,,,,,,,,,,,,,,,,,,,,,,,,,,,,,,,,,,,
Ahmedabad Bakery,410700,134388400,From Sales,118012255,68,,2026-07-06,15474.24,0,Active,Unpaid,,15474.24,0,0,0,0.00,0,0,0,0,2026-07-08 10:32:49,2026-07-08 10:32:49,443195,Kitchen,,Surat,Ahmedabad Bakery,Gujarat,,"Ason vista, Ahmedabad, Gujarat ",9510355182,,,,Ahmedabad,Ahmedabad store 2.0 ,Kitchen,,Gujarat,,Ahmedabad ,8849373682,0,,1,PO0081092261,PO0081092261,1,,0,0,0,"[{""prev_price"":""80.000000"",""item_id"":""46288406"",""itemname"":""Seedless Dates 500gm"",""qty"":1,""price"":80,""amount"":80,""discount"":""0.000"",""lbl_unit"":""Qty"",""unit"":""5804681"",""description"":"""",""hsn_code"":"""",""weighted_price"":80,""invoice_date"":""2026-07-06"",""sap_code"":"""",""purchase_doc_number"":"""",""purchase_invoice_number"":"""",""tax1"":0,""tax2"":0,""tax3"":0,""tax1_amount"":0,""tax2_amount"":0,""tax3_amount"":0,""expiry_date"":"""",""manufacturing_date"":"""",""actual_qty"":""4.000"",""actual_unit_id"":""6602488"",""actual_unit_name"":""Qty"",""sap_group_master_id"":0,""category"":""Food"",""yield_qty"":""0"",""discount_application"":""B"",""pricing_method"":""0"",""container_weight"":0,""net_weight"":""1"",""gross_weight"":0,""tax_type"":0,""excise_duty"":0,""tax1_label"":""CGST"",""tax2_label"":""SGST"",""tax3_label"":""IGST""},{""prev_price"":""78.020000"",""item_id"":""46288494"",""itemname"":""Gold Milk 1 Ltr"",""qty"":12,""price"":78.02,""amount"":936.24,""discount"":""0.000"",""lbl_unit"":""Qty"",""unit"":""5804681"",""description"":"""",""hsn_code"":"""",""weighted_price"":78.02,""invoice_date"":""2026-07-06"",""sap_code"":"""",""purchase_doc_number"":"""",""purchase_invoice_number"":"""",""tax1"":0,""tax2"":0,""tax3"":0,""tax1_amount"":0,""tax2_amount"":0,""tax3_amount"":0,""expiry_date"":"""",""manufacturing_date"":"""",""actual_qty"":""12.000"",""actual_unit_id"":""6602488"",""actual_unit_name"":""Qty"",""sap_group_master_id"":0,""category"":""Food"",""yield_qty"":""0"",""discount_application"":""B"",""pricing_method"":""0"",""container_weight"":0,""net_weight"":""12"",""gross_weight"":0,""tax_type"":0,""excise_duty"":0,""tax1_label"":""CGST"",""tax2_label"":""SGST"",""tax3_label"":""IGST""},{""prev_price"":""237.000000"",""item_id"":""46661399"",""itemname"":""Fresh Cream 1ltr"",""qty"":12,""price"":237,""amount"":2844,""discount"":""0.000"",""lbl_unit"":""Qty"",""unit"":""5804681"",""description"":"""",""hsn_code"":"""",""weighted_price"":237,""invoice_date"":""2026-07-06"",""sap_code"":"""",""purchase_doc_number"":"""",""purchase_invoice_number"":"""",""tax1"":0,""tax2"":0,""tax3"":0,""tax1_amount"":0,""tax2_amount"":0,""tax3_amount"":0,""expiry_date"":"""",""manufacturing_date"":"""",""actual_qty"":""12.000"",""actual_unit_id"":""6602488"",""actual_unit_name"":""Qty"",""sap_group_master_id"":0,""category"":""Food"",""yield_qty"":""0"",""discount_application"":""B"",""container_weight"":0,""net_weight"":""12"",""gross_weight"":0,""tax_type"":0,""excise_duty"":0,""tax1_label"":""CGST"",""tax2_label"":""SGST"",""tax3_label"":""IGST""},{""prev_price"":""553.000000"",""item_id"":""46289405"",""itemname"":""Nutella 750 Gm"",""qty"":2,""price"":553,""amount"":1106,""discount"":""0.000"",""lbl_unit"":""Qty"",""unit"":""5804681"",""description"":"""",""hsn_code"":"""",""weighted_price"":553,""invoice_date"":""2026-07-06"",""sap_code"":"""",""purchase_doc_number"":"""",""purchase_invoice_number"":"""",""tax1"":0,""tax2"":0,""tax3"":0,""tax1_amount"":0,""tax2_amount"":0,""tax3_amount"":0,""expiry_date"":"""",""manufacturing_date"":"""",""actual_qty"":""2.000"",""actual_unit_id"":""6602488"",""actual_unit_name"":""Qty"",""sap_group_master_id"":0,""category"":""Food"",""yield_qty"":""0"",""discount_application"":""B"",""container_weight"":0,""net_weight"":""2"",""gross_weight"":0,""tax_type"":0,""excise_duty"":0,""tax1_label"":""CGST"",""tax2_label"":""SGST"",""tax3_label"":""IGST""},{""prev_price"":""722.000000"",""item_id"":""46288472"",""itemname"":""Mascarpone 1kg"",""qty"":6,""price"":722,""amount"":4332,""discount"":""0.000"",""lbl_unit"":""Qty"",""unit"":""5804681"",""description"":"""",""hsn_code"":"""",""weighted_price"":722,""invoice_date"":""2026-07-06"",""sap_code"":"""",""purchase_doc_number"":"""",""purchase_invoice_number"":"""",""tax1"":0,""tax2"":0,""tax3"":0,""tax1_amount"":0,""tax2_amount"":0,""tax3_amount"":0,""expiry_date"":"""",""manufacturing_date"":"""",""actual_qty"":""6.000"",""actual_unit_id"":""6602488"",""actual_unit_name"":""Qty"",""sap_group_master_id"":0,""category"":""Food"",""yield_qty"":""0"",""discount_application"":""B"",""pricing_method"":""0"",""container_weight"":0,""net_weight"":""6"",""gross_weight"":0,""tax_type"":0,""excise_duty"":0,""tax1_label"":""CGST"",""tax2_label"":""SGST"",""tax3_label"":""IGST""},{""prev_price"":""950.000000"",""item_id"":""46288466"",""itemname"":""Pecan"",""qty"":1,""price"":950,""amount"":950,""discount"":""0.000"",""lbl_unit"":""Qty"",""unit"":""5804681"",""description"":"""",""hsn_code"":"""",""weighted_price"":950,""invoice_date"":""2026-07-06"",""sap_code"":"""",""purchase_doc_number"":"""",""purchase_invoice_number"":"""",""tax1"":0,""tax2"":0,""tax3"":0,""tax1_amount"":0,""tax2_amount"":0,""tax3_amount"":0,""expiry_date"":"""",""manufacturing_date"":"""",""actual_qty"":""1.000"",""actual_unit_id"":""6602488"",""actual_unit_name"":""Qty"",""sap_group_master_id"":0,""category"":""Food"",""rmconv_qty"":""1000"",""rmconv_qty_total"":1000,""rmconv_unit_id"":""5804664"",""rmconv_unit"":""Kg"",""yield_qty"":""0"",""discount_application"":""B"",""container_weight"":0,""net_weight"":""1"",""gross_weight"":0,""tax_type"":0,""excise_duty"":0,""tax1_label"":""CGST"",""tax2_label"":""SGST"",""tax3_label"":""IGST""},{""prev_price"":""30.000000"",""item_id"":""46289311"",""itemname"":""Rubber Band"",""qty"":1,""price"":30,""amount"":30,""discount"":""0.000"",""lbl_unit"":""Qty"",""unit"":""5804681"",""description"":"""",""hsn_code"":"""",""weighted_price"":30,""invoice_date"":""2026-07-06"",""sap_code"":"""",""purchase_doc_number"":"""",""purchase_invoice_number"":"""",""tax1"":0,""tax2"":0,""tax3"":0,""tax1_amount"":0,""tax2_amount"":0,""tax3_amount"":0,""expiry_date"":"""",""manufacturing_date"":"""",""actual_qty"":""3.000"",""actual_unit_id"":""6602488"",""actual_unit_name"":""Qty"",""sap_group_master_id"":0,""category"":""Stationery"",""yield_qty"":""0"",""discount_application"":""B"",""container_weight"":0,""net_weight"":""1"",""gross_weight"":0,""tax_type"":0,""excise_duty"":0,""tax1_label"":""CGST"",""tax2_label"":""SGST"",""tax3_label"":""IGST""},{""prev_price"":""2540.000000"",""item_id"":""46660926"",""itemname"":""Hazelnut Kernel 1kg"",""qty"":1,""price"":2540,""amount"":2540,""discount"":""0.000"",""lbl_unit"":""Qty"",""unit"":""5804681"",""description"":"""",""hsn_code"":"""",""weighted_price"":2540,""invoice_date"":""2026-07-06"",""sap_code"":"""",""purchase_doc_number"":"""",""purchase_invoice_number"":"""",""tax1"":0,""tax2"":0,""tax3"":0,""tax1_amount"":0,""tax2_amount"":0,""tax3_amount"":0,""expiry_date"":"""",""manufacturing_date"":"""",""actual_qty"":""1.000"",""actual_unit_id"":""6602488"",""actual_unit_name"":""Qty"",""sap_group_master_id"":0,""category"":""Food"",""yield_qty"":""0"",""discount_application"":""B"",""container_weight"":0,""net_weight"":""1"",""gross_weight"":0,""tax_type"":0,""excise_duty"":0,""tax1_label"":""CGST"",""tax2_label"":""SGST"",""tax3_label"":""IGST""},{""prev_price"":""1772.000000"",""item_id"":""46289123"",""itemname"":""Mithai Maid Big 7.5kg"",""qty"":1,""price"":1772,""amount"":1772,""discount"":""0.000"",""lbl_unit"":""Qty"",""unit"":""5804681"",""description"":"""",""hsn_code"":"""",""weighted_price"":1772,""invoice_date"":""2026-07-06"",""sap_code"":"""",""purchase_doc_number"":"""",""purchase_invoice_number"":"""",""tax1"":0,""tax2"":0,""tax3"":0,""tax1_amount"":0,""tax2_amount"":0,""tax3_amount"":0,""expiry_date"":"""",""manufacturing_date"":"""",""actual_qty"":""1.000"",""actual_unit_id"":""6602488"",""actual_unit_name"":""Qty"",""sap_group_master_id"":0,""category"":""Food"",""yield_qty"":""0"",""discount_application"":""B"",""container_weight"":0,""net_weight"":""1"",""gross_weight"":0,""tax_type"":0,""excise_duty"":0,""tax1_label"":""CGST"",""tax2_label"":""SGST"",""tax3_label"":""IGST""},{""prev_price"":""250.000000"",""item_id"":""46288796"",""itemname"":""Kitchen Roll"",""qty"":2,""price"":250,""amount"":500,""discount"":""0.000"",""lbl_unit"":""Qty"",""unit"":""5804681"",""description"":"""",""hsn_code"":"""",""weighted_price"":250,""invoice_date"":""2026-07-06"",""sap_code"":"""",""purchase_doc_number"":"""",""purchase_invoice_number"":"""",""tax1"":0,""tax2"":0,""tax3"":0,""tax1_amount"":0,""tax2_amount"":0,""tax3_amount"":0,""expiry_date"":"""",""manufacturing_date"":"""",""actual_qty"":""2.000"",""actual_unit_id"":""6602488"",""actual_unit_name"":""Qty"",""sap_group_master_id"":0,""category"":""Housekeeping Hygiene"",""yield_qty"":""0"",""discount_application"":""B"",""container_weight"":0,""net_weight"":""2"",""gross_weight"":0,""tax_type"":0,""excise_duty"":0,""tax1_label"":""CGST"",""tax2_label"":""SGST"",""tax3_label"":""IGST""},{""prev_price"":""128.000000"",""item_id"":""46661679"",""itemname"":""Brit Nutri Choice Digestive 1kg"",""qty"":3,""price"":128,""amount"":384,""discount"":""0.000"",""lbl_unit"":""Qty"",""unit"":""5804681"",""description"":"""",""hsn_code"":"""",""weighted_price"":128,""invoice_date"":""2026-07-06"",""sap_code"":"""",""purchase_doc_number"":"""",""purchase_invoice_number"":"""",""tax1"":0,""tax2"":0,""tax3"":0,""tax1_amount"":0,""tax2_amount"":0,""tax3_amount"":0,""expiry_date"":"""",""manufacturing_date"":"""",""sap_group_master_id"":0,""category"":""Food"",""yield_qty"":""0"",""discount_application"":""B"",""container_weight"":0,""net_weight"":""3"",""gross_weight"":0,""tax_type"":0,""excise_duty"":0,""tax1_label"":""CGST"",""tax2_label"":""SGST"",""tax3_label"":""IGST""}]",[],0,0,,,[],[],,,,,,,,,,,,,,,,,,,,,,,,,,,,,,,,,,,,,,,,,,,,,,,,,,,,,,,,,,,,,,,,,,,,,,,,,,,,,,,,,,,,,,,,,,,,,,,,,,,,,,,,,,,,,,,,,,,,,,,,,,,,,,,,,,,,,,,,,,,,,,,,,,,,,,,,,,,,,,,,,,,,,,,,,,,,,,,,,,,,,,,,,,,,,,,,,,,,,,,,,,,,,,,,,,,,,,,,,,,,,,,,,,,,,,,,,,,,,,,,,,,,,,,,,,,,,,,,,,,,,,,,,,,,,,,,,,,,,,,,,,,,,,,,,,,,,,,,,,,,,,,,,,,,,,,,,,,,,,,,,,,,,,,,,,,,,,,,,,,,,,,,,,,,,,,,,,,,6a4dd9dd-f66c-4609-858b-12713c009e87,60.0.129.100,,,,,,,,,,,,,,,,,,,,,,,,,,,,,,,,,,,,,,,,,,,,,,,,,,,,,,,,,,,,,,,,,,,,,,,,,,,,,,,,,,,,,,,,,,,,,,,,,,,,,,,,,,,,,,,,,,,,,,,,,,,,,,,,,,,,,,,,,,,,,,,,,,,,,,,,,,,,,,,,,,,,,,,,,,,,,,,,,,,,,,,,,,,,,,,,,,,,,,,,,,,,,,,,,,,,,,,,,,,,,,,,,,,,,,,,,,,,,,,,,,,,,,,,,,,,,,,,,,,,,,,,,,,,,,,,,,,,,,,,,,,,,,,,,,,,,,,,,,,,,,,,,,,,,,,,,,,,,,,,,,,,,,,,,,,,,,,,,,,,,,,,,,,,,,,,,,,,,,,,,,,,,,,,,,,,,,,,,,,,,,,,,,,,,,,,
Ahmedabad Bakery,410700,134276864,From Sales,117622023,67,,2026-07-05,16479.419,0,Active,Unpaid,,16479.419,0,0,0,0.00,0,0,0,0,2026-07-07 09:21:24,2026-07-07 09:21:24,443195,Kitchen,,Surat,Ahmedabad Bakery,Gujarat,,"Ason vista, Ahmedabad, Gujarat ",9510355182,,,,Ahmedabad,Ahmedabad store 2.0 ,Kitchen,,Gujarat,,Ahmedabad ,8849373682,0,,1,PO0081024557,PO0081024557,1,,0,0,0,"[{""prev_price"":""722.000000"",""item_id"":""46288472"",""itemname"":""Mascarpone 1kg"",""qty"":6,""price"":722,""amount"":4332,""discount"":""0.000"",""lbl_unit"":""Qty"",""unit"":""5804681"",""description"":"""",""hsn_code"":"""",""weighted_price"":722,""invoice_date"":""2026-07-05"",""sap_code"":"""",""purchase_doc_number"":"""",""purchase_invoice_number"":"""",""tax1"":0,""tax2"":0,""tax3"":0,""tax1_amount"":0,""tax2_amount"":0,""tax3_amount"":0,""expiry_date"":"""",""manufacturing_date"":"""",""actual_qty"":""6.000"",""actual_unit_id"":""6602488"",""actual_unit_name"":""Qty"",""sap_group_master_id"":0,""category"":""Food"",""yield_qty"":""0"",""discount_application"":""B"",""pricing_method"":""0"",""container_weight"":0,""net_weight"":""6"",""gross_weight"":0,""tax_type"":0,""excise_duty"":0,""tax1_label"":""CGST"",""tax2_label"":""SGST"",""tax3_label"":""IGST""},{""prev_price"":""242.858000"",""item_id"":""46289669"",""itemname"":""Madhur Sugar 5 Kg"",""qty"":1,""price"":242.858,""amount"":242.858,""discount"":""0.000"",""lbl_unit"":""Qty"",""unit"":""5804681"",""description"":"""",""hsn_code"":"""",""weighted_price"":242.858,""invoice_date"":""2026-07-05"",""sap_code"":"""",""purchase_doc_number"":"""",""purchase_invoice_number"":"""",""tax1"":0,""tax2"":0,""tax3"":0,""tax1_amount"":0,""tax2_amount"":0,""tax3_amount"":0,""expiry_date"":"""",""manufacturing_date"":"""",""actual_qty"":""1.000"",""actual_unit_id"":""6602488"",""actual_unit_name"":""Qty"",""sap_group_master_id"":0,""category"":""Food"",""yield_qty"":""0"",""discount_application"":""B"",""container_weight"":0,""net_weight"":""1"",""gross_weight"":0,""tax_type"":0,""excise_duty"":0,""tax1_label"":""CGST"",""tax2_label"":""SGST"",""tax3_label"":""IGST""},{""prev_price"":""885.000000"",""item_id"":""46288223"",""itemname"":""Frozen Raspberry 1kg"",""qty"":2,""price"":885,""amount"":1770,""discount"":""0.000"",""lbl_unit"":""Qty"",""unit"":""5804681"",""description"":"""",""hsn_code"":"""",""weighted_price"":885,""invoice_date"":""2026-07-05"",""sap_code"":"""",""purchase_doc_number"":"""",""purchase_invoice_number"":"""",""tax1"":0,""tax2"":0,""tax3"":0,""tax1_amount"":0,""tax2_amount"":0,""tax3_amount"":0,""expiry_date"":"""",""manufacturing_date"":"""",""actual_qty"":""2.000"",""actual_unit_id"":""6602488"",""actual_unit_name"":""Qty"",""sap_group_master_id"":0,""category"":""Food"",""yield_qty"":""0"",""discount_application"":""B"",""container_weight"":0,""net_weight"":""2"",""gross_weight"":0,""tax_type"":0,""excise_duty"":0,""tax1_label"":""CGST"",""tax2_label"":""SGST"",""tax3_label"":""IGST""},{""prev_price"":""245.710000"",""item_id"":""46288477"",""itemname"":""Amul Butter - 500gm"",""qty"":6,""price"":245.71,""amount"":1474.26,""discount"":""0.000"",""lbl_unit"":""Qty"",""unit"":""5804681"",""description"":"""",""hsn_code"":"""",""weighted_price"":245.71,""invoice_date"":""2026-07-05"",""sap_code"":"""",""purchase_doc_number"":"""",""purchase_invoice_number"":"""",""tax1"":0,""tax2"":0,""tax3"":0,""tax1_amount"":0,""tax2_amount"":0,""tax3_amount"":0,""expiry_date"":"""",""manufacturing_date"":"""",""actual_qty"":""6.000"",""actual_unit_id"":""6602488"",""actual_unit_name"":""Qty"",""sap_group_master_id"":0,""category"":""Food"",""yield_qty"":""0"",""discount_application"":""B"",""pricing_method"":""0"",""container_weight"":0,""net_weight"":""6"",""gross_weight"":0,""tax_type"":0,""excise_duty"":0,""tax1_label"":""CGST"",""tax2_label"":""SGST"",""tax3_label"":""IGST""},{""prev_price"":""142.860000"",""item_id"":""46661401"",""itemname"":""Tropolite Whipping Cream"",""qty"":5,""price"":142.86,""amount"":714.3,""discount"":""0.000"",""lbl_unit"":""pcs"",""unit"":""6501218"",""description"":"""",""hsn_code"":"""",""weighted_price"":142.86,""invoice_date"":""2026-07-05"",""sap_code"":"""",""purchase_doc_number"":"""",""purchase_invoice_number"":"""",""tax1"":0,""tax2"":0,""tax3"":0,""tax1_amount"":0,""tax2_amount"":0,""tax3_amount"":0,""expiry_date"":"""",""manufacturing_date"":"""",""actual_qty"":""5.000"",""actual_unit_id"":""6602725"",""actual_unit_name"":""pcs"",""sap_group_master_id"":0,""category"":""Food"",""yield_qty"":""0"",""discount_application"":""B"",""container_weight"":0,""net_weight"":""5"",""gross_weight"":0,""tax_type"":0,""excise_duty"":0,""tax1_label"":""CGST"",""tax2_label"":""SGST"",""tax3_label"":""IGST""},{""prev_price"":""5350.000000"",""item_id"":""46288699"",""itemname"":""Callebuat Gold 2.5 Kg"",""qty"":1,""price"":5350,""amount"":5350,""discount"":""0.000"",""lbl_unit"":""Qty"",""unit"":""5804681"",""description"":"""",""hsn_code"":"""",""weighted_price"":5350,""invoice_date"":""2026-07-05"",""sap_code"":"""",""purchase_doc_number"":"""",""purchase_invoice_number"":"""",""tax1"":0,""tax2"":0,""tax3"":0,""tax1_amount"":0,""tax2_amount"":0,""tax3_amount"":0,""expiry_date"":"""",""manufacturing_date"":"""",""actual_qty"":""1.000"",""actual_unit_id"":""6602488"",""actual_unit_name"":""Qty"",""sap_group_master_id"":0,""category"":""Food"",""yield_qty"":""0"",""discount_application"":""B"",""container_weight"":0,""net_weight"":""1"",""gross_weight"":0,""tax_type"":0,""excise_duty"":0,""tax1_label"":""CGST"",""tax2_label"":""SGST"",""tax3_label"":""IGST""},{""prev_price"":""36.866700"",""item_id"":""46288452"",""itemname"":""Maida"",""qty"":30,""price"":36.8667,""amount"":1106.001,""discount"":""0.000"",""lbl_unit"":""Kg"",""unit"":""5804664"",""description"":"""",""hsn_code"":"""",""weighted_price"":36.8667,""invoice_date"":""2026-07-05"",""sap_code"":"""",""purchase_doc_number"":"""",""purchase_invoice_number"":"""",""tax1"":0,""tax2"":0,""tax3"":0,""tax1_amount"":0,""tax2_amount"":0,""tax3_amount"":0,""expiry_date"":"""",""manufacturing_date"":"""",""actual_qty"":""30.000"",""actual_unit_id"":""6602471"",""actual_unit_name"":""Kg"",""sap_group_master_id"":0,""category"":""Food"",""yield_qty"":""0"",""discount_application"":""B"",""container_weight"":0,""net_weight"":""30"",""gross_weight"":0,""tax_type"":0,""excise_duty"":0,""tax1_label"":""CGST"",""tax2_label"":""SGST"",""tax3_label"":""IGST""},{""prev_price"":""495.000000"",""item_id"":""46289676"",""itemname"":""Nata De Coconut Jelly 250 * 3 (750 Grams)"",""qty"":2,""price"":495,""amount"":990,""discount"":""0.000"",""lbl_unit"":""Qty"",""unit"":""5804681"",""description"":"""",""hsn_code"":"""",""weighted_price"":495,""invoice_date"":""2026-07-05"",""sap_code"":"""",""purchase_doc_number"":"""",""purchase_invoice_number"":"""",""tax1"":0,""tax2"":0,""tax3"":0,""tax1_amount"":0,""tax2_amount"":0,""tax3_amount"":0,""expiry_date"":"""",""manufacturing_date"":"""",""actual_qty"":""6.000"",""actual_unit_id"":""6602488"",""actual_unit_name"":""Qty"",""sap_group_master_id"":0,""category"":""Food"",""yield_qty"":""0"",""discount_application"":""B"",""container_weight"":0,""net_weight"":""2"",""gross_weight"":0,""tax_type"":0,""excise_duty"":0,""tax1_label"":""CGST"",""tax2_label"":""SGST"",""tax3_label"":""IGST""},{""prev_price"":""250.000000"",""item_id"":""46288796"",""itemname"":""Kitchen Roll"",""qty"":2,""price"":250,""amount"":500,""discount"":""0.000"",""lbl_unit"":""Qty"",""unit"":""5804681"",""description"":"""",""hsn_code"":"""",""weighted_price"":250,""invoice_date"":""2026-07-05"",""sap_code"":"""",""purchase_doc_number"":"""",""purchase_invoice_number"":"""",""tax1"":0,""tax2"":0,""tax3"":0,""tax1_amount"":0,""tax2_amount"":0,""tax3_amount"":0,""expiry_date"":"""",""manufacturing_date"":"""",""sap_group_master_id"":0,""category"":""Housekeeping Hygiene"",""yield_qty"":""0"",""discount_application"":""B"",""container_weight"":0,""net_weight"":""2"",""gross_weight"":0,""tax_type"":0,""excise_duty"":0,""tax1_label"":""CGST"",""tax2_label"":""SGST"",""tax3_label"":""IGST""}]",[],0,0,,,[],[],,,,,,,,,,,,,,,,,,,,,,,,,,,,,,,,,,,,,,,,,,,,,,,,,,,,,,,,,,,,,,,,,,,,,,,,,,,,,,,,,,,,,,,,,,,,,,,,,,,,,,,,,,,,,,,,,,,,,,,,,,,,,,,,,,,,,,,,,,,,,,,,,,,,,,,,,,,,,,,,,,,,,,,,,,,,,,,,,,,,,,,,,,,,,,,,,,,,,,,,,,,,,,,,,,,,,,,,,,,,,,,,,,,,,,,,,,,,,,,,,,,,,,,,,,,,,,,,,,,,,,,,,,,,,,,,,,,,,,,,,,,,,,,,,,,,,,,,,,,,,,,,,,,,,,,,,,,,,,,,,,,,,,,,,,,,,,,,,,,,,,,,,,,,,,,,,,,,,,6a4c7791-e1e0-4a94-971b-23853c009e87,60.0.140.147,,,,,,,,,,,,,,,,,,,,,,,,,,,,,,,,,,,,,,,,,,,,,,,,,,,,,,,,,,,,,,,,,,,,,,,,,,,,,,,,,,,,,,,,,,,,,,,,,,,,,,,,,,,,,,,,,,,,,,,,,,,,,,,,,,,,,,,,,,,,,,,,,,,,,,,,,,,,,,,,,,,,,,,,,,,,,,,,,,,,,,,,,,,,,,,,,,,,,,,,,,,,,,,,,,,,,,,,,,,,,,,,,,,,,,,,,,,,,,,,,,,,,,,,,,,,,,,,,,,,,,,,,,,,,,,,,,,,,,,,,,,,,,,,,,,,,,,,,,,,,,,,,,,,,,,,,,,,,,,,,,,,,,,,,,,,,,,,,,,,,,,,,,,,,,,,,,,,,,,,,,,,,,,,,,,,,,,,,,,,,,,,,,,,,,
Ahmedabad Bakery,410700,134276308,From Sales,117974575,66,,2026-07-05,1500,0,Active,Unpaid,,1500,0,0,0,0.00,0,0,0,0,2026-07-07 09:01:26,2026-07-07 09:01:26,443195,Kitchen,,Surat,Ahmedabad Bakery,Gujarat,,"Ason vista, Ahmedabad, Gujarat ",9510355182,,,,Ahmedabad,Ahmedabad store 2.0 ,Kitchen,,Gujarat,,Ahmedabad ,8849373682,0,,1,PO0081073627,PO0081073627,1,,0,0,0,"[{""prev_price"":""15.000000"",""item_id"":""46288985"",""itemname"":""Prockured Tiramisu Tiffin"",""qty"":100,""price"":15,""amount"":1500,""discount"":""0.000"",""lbl_unit"":""Qty"",""unit"":""5804681"",""description"":"""",""hsn_code"":"""",""weighted_price"":15,""invoice_date"":""2026-07-05"",""sap_code"":"""",""purchase_doc_number"":"""",""purchase_invoice_number"":"""",""tax1"":0,""tax2"":0,""tax3"":0,""tax1_amount"":0,""tax2_amount"":0,""tax3_amount"":0,""expiry_date"":"""",""manufacturing_date"":"""",""actual_qty"":""100.000"",""actual_unit_id"":""6602488"",""actual_unit_name"":""Qty"",""sap_group_master_id"":0,""category"":""Kitchen Equipment"",""yield_qty"":""0"",""discount_application"":""B"",""container_weight"":0,""net_weight"":""100"",""gross_weight"":0,""tax_type"":0,""excise_duty"":0,""tax1_label"":""CGST"",""tax2_label"":""SGST"",""tax3_label"":""IGST""}]",[],0,0,,,[],[],,,,,,,,,,,,,,,,,,,,,,,,,,,,,,,,,,,,,,,,,,,,,,,,,,,,,,,,,,,,,,,,,,,,,,,,,,,,,,,,,,,,,,,,,,,,,,,,,,,,,,,,,,,,,,,,,,,,,,,,,,,,,,,,,,,,,,,,,,,,,,,,,,,,,,,,,,,,,,,,,,,,,,,,,,,,,,,,,,,,,,,,,,,,,,,,,,,,,,,,,,,,,,,,,,,,,,,,,,,,,,,,,,,,,,,,,,,,,,,,,,,,,,,,,,,,,,,,,,,,,,,,,,,,,,,,,,,,,,,,,,,,,,,,,,,,,,,,,,,,,,,,,,,,,,,,,,,,,,,,,,,,,,,,,,,,,,,,,,,,,,,,,,,,,,,,,,,,,,,,6a4c72f4-bc5c-4a96-b0a3-1b243c009e87,60.0.158.135,,,,,,,,,,,,,,,,,,,,,,,,,,,,,,,,,,,,,,,,,,,,,,,,,,,,,,,,,,,,,,,,,,,,,,,,,,,,,,,,,,,,,,,,,,,,,,,,,,,,,,,,,,,,,,,,,,,,,,,,,,,,,,,,,,,,,,,,,,,,,,,,,,,,,,,,,,,,,,,,,,,,,,,,,,,,,,,,,,,,,,,,,,,,,,,,,,,,,,,,,,,,,,,,,,,,,,,,,,,,,,,,,,,,,,,,,,,,,,,,,,,,,,,,,,,,,,,,,,,,,,,,,,,,,,,,,,,,,,,,,,,,,,,,,,,,,,,,,,,,,,,,,,,,,,,,,,,,,,,,,,,,,,,,,,,,,,,,,,,,,,,,,,,,,,,,,,,,,,,,,,,,,,,,,,,,,,,,,,,,,,,,,,,,
Ahmedabad Bakery,410700,134035228,From Sales,117739641,65,,2026-07-03,8629.66,0,Active,Unpaid,,8629.66,0,0,0,0.00,0,0,0,0,2026-07-04 19:19:51,2026-07-04 19:19:51,443195,Kitchen,,Surat,Ahmedabad Bakery,Gujarat,,"Ason vista, Ahmedabad, Gujarat ",9510355182,,,,Ahmedabad,Ahmedabad store 2.0 ,Kitchen,,Gujarat,,Ahmedabad ,8849373682,0,,1,PO0081046223,PO0081046223,1,,0,0,0,"[{""prev_price"":""78.020000"",""item_id"":""46288494"",""itemname"":""Gold Milk 1 Ltr"",""qty"":12,""price"":78.02,""amount"":936.24,""discount"":""0.000"",""lbl_unit"":""Qty"",""unit"":""5804681"",""description"":"""",""hsn_code"":"""",""weighted_price"":78.02,""invoice_date"":""2026-07-03"",""sap_code"":"""",""purchase_doc_number"":"""",""purchase_invoice_number"":"""",""tax1"":0,""tax2"":0,""tax3"":0,""tax1_amount"":0,""tax2_amount"":0,""tax3_amount"":0,""expiry_date"":"""",""manufacturing_date"":"""",""actual_qty"":""12.000"",""actual_unit_id"":""6602488"",""actual_unit_name"":""Qty"",""sap_group_master_id"":0,""category"":""Food"",""yield_qty"":""0"",""discount_application"":""B"",""pricing_method"":""0"",""container_weight"":0,""net_weight"":""12"",""gross_weight"":0,""tax_type"":0,""excise_duty"":0,""tax1_label"":""CGST"",""tax2_label"":""SGST"",""tax3_label"":""IGST""},{""prev_price"":""347.000000"",""item_id"":""46660927"",""itemname"":""Coconut Flakes 1kg"",""qty"":1,""price"":347,""amount"":347,""discount"":""0.000"",""lbl_unit"":""Qty"",""unit"":""5804681"",""description"":"""",""hsn_code"":"""",""weighted_price"":347,""invoice_date"":""2026-07-03"",""sap_code"":"""",""purchase_doc_number"":"""",""purchase_invoice_number"":"""",""tax1"":0,""tax2"":0,""tax3"":0,""tax1_amount"":0,""tax2_amount"":0,""tax3_amount"":0,""expiry_date"":"""",""manufacturing_date"":"""",""actual_qty"":""1.000"",""actual_unit_id"":""6602488"",""actual_unit_name"":""Qty"",""sap_group_master_id"":0,""category"":""Food"",""yield_qty"":""0"",""discount_application"":""B"",""container_weight"":0,""net_weight"":""1"",""gross_weight"":0,""tax_type"":0,""excise_duty"":0,""tax1_label"":""CGST"",""tax2_label"":""SGST"",""tax3_label"":""IGST""},{""prev_price"":""178.570000"",""item_id"":""46289158"",""itemname"":""White Compound 500gm"",""qty"":6,""price"":178.57,""amount"":1071.42,""discount"":""0.000"",""lbl_unit"":""Qty"",""unit"":""5804681"",""description"":"""",""hsn_code"":"""",""weighted_price"":178.57,""invoice_date"":""2026-07-03"",""sap_code"":"""",""purchase_doc_number"":"""",""purchase_invoice_number"":"""",""tax1"":0,""tax2"":0,""tax3"":0,""tax1_amount"":0,""tax2_amount"":0,""tax3_amount"":0,""expiry_date"":"""",""manufacturing_date"":"""",""actual_qty"":""6.000"",""actual_unit_id"":""6602488"",""actual_unit_name"":""Qty"",""sap_group_master_id"":0,""category"":""Food"",""yield_qty"":""0"",""discount_application"":""B"",""container_weight"":0,""net_weight"":""6"",""gross_weight"":0,""tax_type"":0,""excise_duty"":0,""tax1_label"":""CGST"",""tax2_label"":""SGST"",""tax3_label"":""IGST""},{""prev_price"":""1105.000000"",""item_id"":""46289692"",""itemname"":""Dira Frozen Mango Puree"",""qty"":5,""price"":1105,""amount"":5525,""discount"":""0.000"",""lbl_unit"":""Qty"",""unit"":""5804681"",""description"":"""",""hsn_code"":"""",""weighted_price"":1105,""invoice_date"":""2026-07-03"",""sap_code"":"""",""purchase_doc_number"":"""",""purchase_invoice_number"":"""",""tax1"":0,""tax2"":0,""tax3"":0,""tax1_amount"":0,""tax2_amount"":0,""tax3_amount"":0,""expiry_date"":"""",""manufacturing_date"":"""",""actual_qty"":""5.000"",""actual_unit_id"":""6602488"",""actual_unit_name"":""Qty"",""sap_group_master_id"":0,""category"":""Food"",""yield_qty"":""0"",""discount_application"":""B"",""container_weight"":0,""net_weight"":""5"",""gross_weight"":0,""tax_type"":0,""excise_duty"":0,""tax1_label"":""CGST"",""tax2_label"":""SGST"",""tax3_label"":""IGST""},{""prev_price"":""250.000000"",""item_id"":""46288796"",""itemname"":""Kitchen Roll"",""qty"":3,""price"":250,""amount"":750,""discount"":""0.000"",""lbl_unit"":""Qty"",""unit"":""5804681"",""description"":"""",""hsn_code"":"""",""weighted_price"":250,""invoice_date"":""2026-07-03"",""sap_code"":"""",""purchase_doc_number"":"""",""purchase_invoice_number"":"""",""tax1"":0,""tax2"":0,""tax3"":0,""tax1_amount"":0,""tax2_amount"":0,""tax3_amount"":0,""expiry_date"":"""",""manufacturing_date"":"""",""sap_group_master_id"":0,""category"":""Housekeeping Hygiene"",""yield_qty"":""0"",""discount_application"":""B"",""container_weight"":0,""net_weight"":""3"",""gross_weight"":0,""tax_type"":0,""excise_duty"":0,""tax1_label"":""CGST"",""tax2_label"":""SGST"",""tax3_label"":""IGST""}]",[],0,0,,,[],[],,,,,,,,,,,,,,,,,,,,,,,,,,,,,,,,,,,,,,,,,,,,,,,,,,,,,,,,,,,,,,,,,,,,,,,,,,,,,,,,,,,,,,,,,,,,,,,,,,,,,,,,,,,,,,,,,,,,,,,,,,,,,,,,,,,,,,,,,,,,,,,,,,,,,,,,,,,,,,,,,,,,,,,,,,,,,,,,,,,,,,,,,,,,,,,,,,,,,,,,,,,,,,,,,,,,,,,,,,,,,,,,,,,,,,,,,,,,,,,,,,,,,,,,,,,,,,,,,,,,,,,,,,,,,,,,,,,,,,,,,,,,,,,,,,,,,,,,,,,,,,,,,,,,,,,,,,,,,,,,,,,,,,,,,,,,,,,,,,,,,,,,,,,,,,,,,,,,,,,,,,6a490f5d-a974-402f-a295-15593c0081b3,60.0.158.135,,,,,,,,,,,,,,,,,,,,,,,,,,,,,,,,,,,,,,,,,,,,,,,,,,,,,,,,,,,,,,,,,,,,,,,,,,,,,,,,,,,,,,,,,,,,,,,,,,,,,,,,,,,,,,,,,,,,,,,,,,,,,,,,,,,,,,,,,,,,,,,,,,,,,,,,,,,,,,,,,,,,,,,,,,,,,,,,,,,,,,,,,,,,,,,,,,,,,,,,,,,,,,,,,,,,,,,,,,,,,,,,,,,,,,,,,,,,,,,,,,,,,,,,,,,,,,,,,,,,,,,,,,,,,,,,,,,,,,,,,,,,,,,,,,,,,,,,,,,,,,,,,,,,,,,,,,,,,,,,,,,,,,,,,,,,,,,,,,,,,,,,,,,,,,,,,,,,,,,,,,,,,,,,,,,,,,,,,,,,,,,,,,
Ahmedabad Bakery,410700,134035138,From Sales,117805418,64,,2026-07-04,900,0,Active,Unpaid,,900,0,0,0,0.00,0,0,0,0,2026-07-04 19:19:10,2026-07-04 19:19:10,443195,Kitchen,,Surat,Ahmedabad Bakery,Gujarat,,"Ason vista, Ahmedabad, Gujarat ",9510355182,,,,Ahmedabad,Ahmedabad store 2.0 ,Kitchen,,Gujarat,,Ahmedabad ,8849373682,0,,1,PO0081058699,PO0081058699,1,,0,0,0,"[{""prev_price"":""60.000000"",""item_id"":""46288893"",""itemname"":""Dry Ice"",""qty"":10,""price"":60,""amount"":600,""discount"":""0.000"",""lbl_unit"":""Kg"",""unit"":""5804664"",""description"":"""",""hsn_code"":"""",""weighted_price"":60,""invoice_date"":""2026-07-04"",""sap_code"":"""",""purchase_doc_number"":"""",""purchase_invoice_number"":"""",""tax1"":0,""tax2"":0,""tax3"":0,""tax1_amount"":0,""tax2_amount"":0,""tax3_amount"":0,""expiry_date"":"""",""manufacturing_date"":"""",""actual_qty"":""10.000"",""actual_unit_id"":""6602471"",""actual_unit_name"":""Kg"",""sap_group_master_id"":0,""category"":""Packaging"",""rmconv_qty"":""1000"",""rmconv_qty_total"":10000,""rmconv_unit_id"":""5804670"",""rmconv_unit"":""GM"",""yield_qty"":""0"",""discount_application"":""B"",""container_weight"":0,""net_weight"":""10"",""gross_weight"":0,""tax_type"":0,""excise_duty"":0,""tax1_label"":""CGST"",""tax2_label"":""SGST"",""tax3_label"":""IGST""},{""item_id"":""46880084"",""itemname"":""Brit Nutri Choice 125gm"",""qty"":12,""price"":25,""prev_price"":""25.000000"",""amount"":300,""discount"":""0.000"",""lbl_unit"":""Qty"",""unit"":""5804681"",""description"":"""",""hsn_code"":"""",""weighted_price"":25,""invoice_date"":""2026-07-04"",""sap_code"":"""",""purchase_doc_number"":"""",""purchase_invoice_number"":"""",""tax1"":0,""tax2"":0,""tax3"":0,""tax1_amount"":0,""tax2_amount"":0,""tax3_amount"":0,""expiry_date"":"""",""manufacturing_date"":"""",""sap_group_master_id"":0,""discount_application"":""B"",""container_weight"":0,""net_weight"":""12"",""gross_weight"":0,""category"":""Food"",""tax_type"":0,""excise_duty"":0,""tax1_label"":""CGST"",""tax2_label"":""SGST"",""tax3_label"":""IGST""}]",[],0,0,,,[],[],,,,,,,,,,,,,,,,,,,,,,,,,,,,,,,,,,,,,,,,,,,,,,,,,,,,,,,,,,,,,,,,,,,,,,,,,,,,,,,,,,,,,,,,,,,,,,,,,,,,,,,,,,,,,,,,,,,,,,,,,,,,,,,,,,,,,,,,,,,,,,,,,,,,,,,,,,,,,,,,,,,,,,,,,,,,,,,,,,,,,,,,,,,,,,,,,,,,,,,,,,,,,,,,,,,,,,,,,,,,,,,,,,,,,,,,,,,,,,,,,,,,,,,,,,,,,,,,,,,,,,,,,,,,,,,,,,,,,,,,,,,,,,,,,,,,,,,,,,,,,,,,,,,,,,,,,,,,,,,,,,,,,,,,,,,,,,,,,,,,,,,,,,,,,,,,,,,,,,,,,,,,6a490f3e-ea5c-467f-88c8-4b233c008b09,60.0.139.9,,,,,,,,,,,,,,,,,,,,,,,,,,,,,,,,,,,,,,,,,,,,,,,,,,,,,,,,,,,,,,,,,,,,,,,,,,,,,,,,,,,,,,,,,,,,,,,,,,,,,,,,,,,,,,,,,,,,,,,,,,,,,,,,,,,,,,,,,,,,,,,,,,,,,,,,,,,,,,,,,,,,,,,,,,,,,,,,,,,,,,,,,,,,,,,,,,,,,,,,,,,,,,,,,,,,,,,,,,,,,,,,,,,,,,,,,,,,,,,,,,,,,,,,,,,,,,,,,,,,,,,,,,,,,,,,,,,,,,,,,,,,,,,,,,,,,,,,,,,,,,,,,,,,,,,,,,,,,,,,,,,,,,,,,,,,,,,,,,,,,,,,,,,,,,,,,,,,,,,,,,,,,,,,,,,,,,,,,,,,,,,,
Ahmedabad Bakery,410700,134035081,From Sales,117822105,63,,2026-07-04,10284.84,0,Active,Unpaid,,10284.84,0,0,0,0.00,0,0,0,0,2026-07-04 19:18:35,2026-07-04 19:18:35,443195,Kitchen,,Surat,Ahmedabad Bakery,Gujarat,,"Ason vista, Ahmedabad, Gujarat ",9510355182,,,,Ahmedabad,Ahmedabad store 2.0 ,Kitchen,,Gujarat,,Ahmedabad ,8849373682,0,,1,PO0081061443,PO0081061443,1,,0,0,0,"[{""prev_price"":""722.000000"",""item_id"":""46288472"",""itemname"":""Mascarpone 1kg"",""qty"":8,""price"":722,""amount"":5776,""discount"":""0.000"",""lbl_unit"":""Qty"",""unit"":""5804681"",""description"":"""",""hsn_code"":"""",""weighted_price"":722,""invoice_date"":""2026-07-04"",""sap_code"":"""",""purchase_doc_number"":"""",""purchase_invoice_number"":"""",""tax1"":0,""tax2"":0,""tax3"":0,""tax1_amount"":0,""tax2_amount"":0,""tax3_amount"":0,""expiry_date"":"""",""manufacturing_date"":"""",""actual_qty"":""8.000"",""actual_unit_id"":""6602488"",""actual_unit_name"":""Qty"",""sap_group_master_id"":0,""category"":""Food"",""yield_qty"":""0"",""discount_application"":""B"",""pricing_method"":""0"",""container_weight"":0,""net_weight"":""8"",""gross_weight"":0,""tax_type"":0,""excise_duty"":0,""tax1_label"":""CGST"",""tax2_label"":""SGST"",""tax3_label"":""IGST""},{""prev_price"":""82.000000"",""item_id"":""46289267"",""itemname"":""Caster Sugar 1kg"",""qty"":5,""price"":82,""amount"":410,""discount"":""0.000"",""lbl_unit"":""Qty"",""unit"":""5804681"",""description"":"""",""hsn_code"":"""",""weighted_price"":82,""invoice_date"":""2026-07-04"",""sap_code"":"""",""purchase_doc_number"":"""",""purchase_invoice_number"":"""",""tax1"":0,""tax2"":0,""tax3"":0,""tax1_amount"":0,""tax2_amount"":0,""tax3_amount"":0,""expiry_date"":"""",""manufacturing_date"":"""",""actual_qty"":""5.000"",""actual_unit_id"":""6602488"",""actual_unit_name"":""Qty"",""sap_group_master_id"":0,""category"":""Food"",""yield_qty"":""0"",""discount_application"":""B"",""container_weight"":0,""net_weight"":""5"",""gross_weight"":0,""tax_type"":0,""excise_duty"":0,""tax1_label"":""CGST"",""tax2_label"":""SGST"",""tax3_label"":""IGST""},{""prev_price"":""295.000000"",""item_id"":""46289796"",""itemname"":""Cocoa Powder 225gm"",""qty"":4,""price"":295,""amount"":1180,""discount"":""0.000"",""lbl_unit"":""Qty"",""unit"":""5804681"",""description"":"""",""hsn_code"":"""",""weighted_price"":295,""invoice_date"":""2026-07-04"",""sap_code"":"""",""purchase_doc_number"":"""",""purchase_invoice_number"":"""",""tax1"":0,""tax2"":0,""tax3"":0,""tax1_amount"":0,""tax2_amount"":0,""tax3_amount"":0,""expiry_date"":"""",""manufacturing_date"":"""",""actual_qty"":""4.000"",""actual_unit_id"":""6602488"",""actual_unit_name"":""Qty"",""sap_group_master_id"":0,""category"":""Food"",""yield_qty"":""0"",""discount_application"":""B"",""container_weight"":0,""net_weight"":""4"",""gross_weight"":0,""tax_type"":0,""excise_duty"":0,""tax1_label"":""CGST"",""tax2_label"":""SGST"",""tax3_label"":""IGST""},{""prev_price"":""71.300000"",""item_id"":""46289200"",""itemname"":""Muscovado Sugar 500 Gm"",""qty"":4,""price"":71.3,""amount"":285.2,""discount"":""0.000"",""lbl_unit"":""Qty"",""unit"":""5804681"",""description"":"""",""hsn_code"":"""",""weighted_price"":71.3,""invoice_date"":""2026-07-04"",""sap_code"":"""",""purchase_doc_number"":"""",""purchase_invoice_number"":"""",""tax1"":0,""tax2"":0,""tax3"":0,""tax1_amount"":0,""tax2_amount"":0,""tax3_amount"":0,""expiry_date"":"""",""manufacturing_date"":"""",""actual_qty"":""4.000"",""actual_unit_id"":""6602488"",""actual_unit_name"":""Qty"",""sap_group_master_id"":0,""category"":""Food"",""yield_qty"":""0"",""discount_application"":""B"",""container_weight"":0,""net_weight"":""4"",""gross_weight"":0,""tax_type"":0,""excise_duty"":0,""tax1_label"":""CGST"",""tax2_label"":""SGST"",""tax3_label"":""IGST""},{""prev_price"":""245.710000"",""item_id"":""46288477"",""itemname"":""Amul Butter - 500gm"",""qty"":4,""price"":245.71,""amount"":982.84,""discount"":""0.000"",""lbl_unit"":""Qty"",""unit"":""5804681"",""description"":"""",""hsn_code"":"""",""weighted_price"":245.71,""invoice_date"":""2026-07-04"",""sap_code"":"""",""purchase_doc_number"":"""",""purchase_invoice_number"":"""",""tax1"":0,""tax2"":0,""tax3"":0,""tax1_amount"":0,""tax2_amount"":0,""tax3_amount"":0,""expiry_date"":"""",""manufacturing_date"":"""",""actual_qty"":""4.000"",""actual_unit_id"":""6602488"",""actual_unit_name"":""Qty"",""sap_group_master_id"":0,""category"":""Food"",""yield_qty"":""0"",""discount_application"":""B"",""pricing_method"":""0"",""container_weight"":0,""net_weight"":""4"",""gross_weight"":0,""tax_type"":0,""excise_duty"":0,""tax1_label"":""CGST"",""tax2_label"":""SGST"",""tax3_label"":""IGST""},{""prev_price"":""142.860000"",""item_id"":""46661401"",""itemname"":""Tropolite Whipping Cream"",""qty"":5,""price"":142.86,""amount"":714.3,""discount"":""0.000"",""lbl_unit"":""pcs"",""unit"":""6501218"",""description"":"""",""hsn_code"":"""",""weighted_price"":142.86,""invoice_date"":""2026-07-04"",""sap_code"":"""",""purchase_doc_number"":"""",""purchase_invoice_number"":"""",""tax1"":0,""tax2"":0,""tax3"":0,""tax1_amount"":0,""tax2_amount"":0,""tax3_amount"":0,""expiry_date"":"""",""manufacturing_date"":"""",""actual_qty"":""6.000"",""actual_unit_id"":""6602725"",""actual_unit_name"":""pcs"",""sap_group_master_id"":0,""category"":""Food"",""yield_qty"":""0"",""discount_application"":""B"",""container_weight"":0,""net_weight"":""5"",""gross_weight"":0,""tax_type"":0,""excise_duty"":0,""tax1_label"":""CGST"",""tax2_label"":""SGST"",""tax3_label"":""IGST""},{""item_id"":""46879989"",""itemname"":""Cinnamon Stick 500 Grams"",""qty"":1,""price"":206.5,""prev_price"":""206.500000"",""amount"":206.5,""discount"":""0.000"",""lbl_unit"":""Qty"",""unit"":""5804681"",""description"":"""",""hsn_code"":"""",""weighted_price"":206.5,""invoice_date"":""2026-07-04"",""sap_code"":"""",""purchase_doc_number"":"""",""purchase_invoice_number"":"""",""tax1"":0,""tax2"":0,""tax3"":0,""tax1_amount"":0,""tax2_amount"":0,""tax3_amount"":0,""expiry_date"":"""",""manufacturing_date"":"""",""actual_qty"":""1.000"",""actual_unit_id"":""6602488"",""actual_unit_name"":""Qty"",""sap_group_master_id"":0,""discount_application"":""B"",""container_weight"":0,""net_weight"":""1"",""gross_weight"":0,""category"":""Food"",""tax_type"":0,""excise_duty"":0,""tax1_label"":""CGST"",""tax2_label"":""SGST"",""tax3_label"":""IGST""},{""item_id"":""46879990"",""itemname"":""Candia Whipping Cream 1ltr"",""qty"":1,""price"":730,""prev_price"":""730.000000"",""amount"":730,""discount"":""0.000"",""lbl_unit"":""Qty"",""unit"":""5804681"",""description"":"""",""hsn_code"":"""",""weighted_price"":730,""invoice_date"":""2026-07-04"",""sap_code"":"""",""purchase_doc_number"":"""",""purchase_invoice_number"":"""",""tax1"":0,""tax2"":0,""tax3"":0,""tax1_amount"":0,""tax2_amount"":0,""tax3_amount"":0,""expiry_date"":"""",""manufacturing_date"":"""",""sap_group_master_id"":0,""discount_application"":""B"",""container_weight"":0,""net_weight"":""1"",""gross_weight"":0,""category"":""Food"",""tax_type"":0,""excise_duty"":0,""tax1_label"":""CGST"",""tax2_label"":""SGST"",""tax3_label"":""IGST""}]",[],0,0,,,[],[],,,,,,,,,,,,,,,,,,,,,,,,,,,,,,,,,,,,,,,,,,,,,,,,,,,,,,,,,,,,,,,,,,,,,,,,,,,,,,,,,,,,,,,,,,,,,,,,,,,,,,,,,,,,,,,,,,,,,,,,,,,,,,,,,,,,,,,,,,,,,,,,,,,,,,,,,,,,,,,,,,,,,,,,,,,,,,,,,,,,,,,,,,,,,,,,,,,,,,,,,,,,,,,,,,,,,,,,,,,,,,,,,,,,,,,,,,,,,,,,,,,,,,,,,,,,,,,,,,,,,,,,,,,,,,,,,,,,,,,,,,,,,,,,,,,,,,,,,,,,,,,,,,,,,,,,,,,,,,,,,,,,,,,,,,,,,,,,,,,,,,,,,,,,,,,,,,,,,,,,,,,,,,6a490f11-9a58-4136-8338-45d03c009e87,60.0.139.9,,,,,,,,,,,,,,,,,,,,,,,,,,,,,,,,,,,,,,,,,,,,,,,,,,,,,,,,,,,,,,,,,,,,,,,,,,,,,,,,,,,,,,,,,,,,,,,,,,,,,,,,,,,,,,,,,,,,,,,,,,,,,,,,,,,,,,,,,,,,,,,,,,,,,,,,,,,,,,,,,,,,,,,,,,,,,,,,,,,,,,,,,,,,,,,,,,,,,,,,,,,,,,,,,,,,,,,,,,,,,,,,,,,,,,,,,,,,,,,,,,,,,,,,,,,,,,,,,,,,,,,,,,,,,,,,,,,,,,,,,,,,,,,,,,,,,,,,,,,,,,,,,,,,,,,,,,,,,,,,,,,,,,,,,,,,,,,,,,,,,,,,,,,,,,,,,,,,,,,,,,,,,,,,,,,,,,,,,,,,,,
Ahmedabad Bakery,410700,133959664,From Sales,117624968,62,,2026-07-02,600,0,Active,Unpaid,,600,0,0,0,0.00,0,0,0,0,2026-07-04 08:32:02,2026-07-04 08:32:02,443195,Kitchen,,Surat,Ahmedabad Bakery,Gujarat,,"Ason vista, Ahmedabad, Gujarat ",9510355182,,,,Ahmedabad,Ahmedabad store 2.0 ,Kitchen,,Gujarat,,Ahmedabad ,8849373682,0,,1,PO0081025712,PO0081025712,1,,0,0,0,"[{""prev_price"":""60.000000"",""item_id"":""46288893"",""itemname"":""Dry Ice"",""qty"":10,""price"":60,""amount"":600,""discount"":""0.000"",""lbl_unit"":""Kg"",""unit"":""5804664"",""description"":"""",""hsn_code"":"""",""weighted_price"":60,""invoice_date"":""2026-07-02"",""sap_code"":"""",""purchase_doc_number"":"""",""purchase_invoice_number"":"""",""tax1"":0,""tax2"":0,""tax3"":0,""tax1_amount"":0,""tax2_amount"":0,""tax3_amount"":0,""expiry_date"":"""",""manufacturing_date"":"""",""actual_qty"":""10.000"",""actual_unit_id"":""6602471"",""actual_unit_name"":""Kg"",""sap_group_master_id"":0,""category"":""Packaging"",""rmconv_qty"":""1000"",""rmconv_qty_total"":10000,""rmconv_unit_id"":""5804670"",""rmconv_unit"":""GM"",""yield_qty"":""0"",""discount_application"":""B"",""container_weight"":0,""net_weight"":""10"",""gross_weight"":0,""tax_type"":0,""excise_duty"":0,""tax1_label"":""CGST"",""tax2_label"":""SGST"",""tax3_label"":""IGST""}]",[],0,0,,,[],[],,,,,,,,,,,,,,,,,,,,,,,,,,,,,,,,,,,,,,,,,,,,,,,,,,,,,,,,,,,,,,,,,,,,,,,,,,,,,,,,,,,,,,,,,,,,,,,,,,,,,,,,,,,,,,,,,,,,,,,,,,,,,,,,,,,,,,,,,,,,,,,,,,,,,,,,,,,,,,,,,,,,,,,,,,,,,,,,,,,,,,,,,,,,,,,,,,,,,,,,,,,,,,,,,,,,,,,,,,,,,,,,,,,,,,,,,,,,,,,,,,,,,,,,,,,,,,,,,,,,,,,,,,,,,,,,,,,,,,,,,,,,,,,,,,,,,,,,,,,,,,,,,,,,,,,,,,,,,,,,,,,,,,,,,,,,,,,,,,,,,,,,,,,,,,,,,,,,,,,,,,,,,,,,6a487774-c810-4079-bc31-14573c009e87,60.0.158.135,,,,,,,,,,,,,,,,,,,,,,,,,,,,,,,,,,,,,,,,,,,,,,,,,,,,,,,,,,,,,,,,,,,,,,,,,,,,,,,,,,,,,,,,,,,,,,,,,,,,,,,,,,,,,,,,,,,,,,,,,,,,,,,,,,,,,,,,,,,,,,,,,,,,,,,,,,,,,,,,,,,,,,,,,,,,,,,,,,,,,,,,,,,,,,,,,,,,,,,,,,,,,,,,,,,,,,,,,,,,,,,,,,,,,,,,,,,,,,,,,,,,,,,,,,,,,,,,,,,,,,,,,,,,,,,,,,,,,,,,,,,,,,,,,,,,,,,,,,,,,,,,,,,,,,,,,,,,,,,,,,,,,,,,,,,,,,,,,,,,,,,,,,,,,,,,,,,,,,,,,,,,,,,,,,,,,,,,,,,,
Surat Bakery,343448,134383408,From Sales,118076998,484,,2026-07-07,10405.066,0,Active,Unpaid,,10405.066,0,0,0,0.00,0,0,0,0,2026-07-08 08:25:28,2026-07-08 08:25:28,117185,Kitchen,,Surat,Surat Bakery,Gujarat,,"4th-block,2nd floor,bookends hospitality,ichchapore,394210",9016168269,,,,Surat,Surat Store,Kitchen,,Gujarat,,"1st Floor, Samanvay, Near Chandni Chowk, Gymkhana Rd, Piplod, Surat",9825184377,0,,1,PO0081092095,PO0081092095,1,,0,0,0,"[{""prev_price"":""880.950000"",""item_id"":""46283628"",""itemname"":""Frozen Rasbeery 1 Kg"",""qty"":1,""price"":880.95,""amount"":880.95,""discount"":""0.000"",""lbl_unit"":""Qty"",""unit"":""4037145"",""description"":"""",""hsn_code"":"""",""weighted_price"":880.95,""invoice_date"":""2026-07-07"",""sap_code"":"""",""purchase_doc_number"":"""",""purchase_invoice_number"":"""",""tax1"":0,""tax2"":0,""tax3"":0,""tax1_amount"":0,""tax2_amount"":0,""tax3_amount"":0,""expiry_date"":"""",""manufacturing_date"":"""",""actual_qty"":""1.000"",""actual_unit_id"":""2418165"",""actual_unit_name"":""Qty"",""sap_group_master_id"":0,""category"":""Food"",""yield_qty"":""0"",""discount_application"":""B"",""container_weight"":0,""net_weight"":""1"",""gross_weight"":0,""tax_type"":0,""excise_duty"":0,""tax1_label"":""CGST"",""tax2_label"":""SGST"",""tax3_label"":""IGST""},{""prev_price"":""295.000000"",""item_id"":""46283662"",""itemname"":""Cocoa Powder 225gm"",""qty"":2,""price"":295,""amount"":590,""discount"":""0.000"",""lbl_unit"":""Qty"",""unit"":""4037145"",""description"":"""",""hsn_code"":"""",""weighted_price"":295,""invoice_date"":""2026-07-07"",""sap_code"":"""",""purchase_doc_number"":"""",""purchase_invoice_number"":"""",""tax1"":0,""tax2"":0,""tax3"":0,""tax1_amount"":0,""tax2_amount"":0,""tax3_amount"":0,""expiry_date"":"""",""manufacturing_date"":"""",""actual_qty"":""2.000"",""actual_unit_id"":""2418165"",""actual_unit_name"":""Qty"",""sap_group_master_id"":0,""category"":""Food"",""yield_qty"":""0"",""discount_application"":""B"",""container_weight"":0,""net_weight"":""2"",""gross_weight"":0,""tax_type"":0,""excise_duty"":0,""tax1_label"":""CGST"",""tax2_label"":""SGST"",""tax3_label"":""IGST""},{""prev_price"":""119.050000"",""item_id"":""46283573"",""itemname"":""Kara Coconut Milk 400ml"",""qty"":3,""price"":119.05,""amount"":357.15,""discount"":""0.000"",""lbl_unit"":""Qty"",""unit"":""4037145"",""description"":"""",""hsn_code"":"""",""weighted_price"":119.05,""invoice_date"":""2026-07-07"",""sap_code"":"""",""purchase_doc_number"":"""",""purchase_invoice_number"":"""",""tax1"":0,""tax2"":0,""tax3"":0,""tax1_amount"":0,""tax2_amount"":0,""tax3_amount"":0,""expiry_date"":"""",""manufacturing_date"":"""",""actual_qty"":""3.000"",""actual_unit_id"":""2418165"",""actual_unit_name"":""Qty"",""sap_group_master_id"":0,""category"":""Food"",""yield_qty"":""0"",""discount_application"":""B"",""container_weight"":0,""net_weight"":""3"",""gross_weight"":0,""tax_type"":0,""excise_duty"":0,""tax1_label"":""CGST"",""tax2_label"":""SGST"",""tax3_label"":""IGST""},{""prev_price"":""78.023000"",""item_id"":""46285077"",""itemname"":""Gold Milk 1 Ltr"",""qty"":12,""price"":78.023,""amount"":936.276,""discount"":""0.000"",""lbl_unit"":""Qty"",""unit"":""4037145"",""description"":"""",""hsn_code"":"""",""weighted_price"":78.023,""invoice_date"":""2026-07-07"",""sap_code"":"""",""purchase_doc_number"":"""",""purchase_invoice_number"":"""",""tax1"":0,""tax2"":0,""tax3"":0,""tax1_amount"":0,""tax2_amount"":0,""tax3_amount"":0,""expiry_date"":"""",""manufacturing_date"":"""",""actual_qty"":""12.000"",""actual_unit_id"":""2418165"",""actual_unit_name"":""Qty"",""sap_group_master_id"":0,""category"":""Food"",""yield_qty"":""0"",""discount_application"":""B"",""pricing_method"":""0"",""container_weight"":0,""net_weight"":""12"",""gross_weight"":0,""tax_type"":0,""excise_duty"":0,""tax1_label"":""CGST"",""tax2_label"":""SGST"",""tax3_label"":""IGST""},{""prev_price"":""147.619000"",""item_id"":""46283743"",""itemname"":""Whipping Cream 1ltr"",""qty"":6,""price"":147.619,""amount"":885.714,""discount"":""0.000"",""lbl_unit"":""Qty"",""unit"":""4037145"",""description"":"""",""hsn_code"":"""",""weighted_price"":147.619,""invoice_date"":""2026-07-07"",""sap_code"":"""",""purchase_doc_number"":"""",""purchase_invoice_number"":"""",""tax1"":0,""tax2"":0,""tax3"":0,""tax1_amount"":0,""tax2_amount"":0,""tax3_amount"":0,""expiry_date"":"""",""manufacturing_date"":"""",""actual_qty"":""6.000"",""actual_unit_id"":""2418165"",""actual_unit_name"":""Qty"",""sap_group_master_id"":0,""category"":""Food"",""yield_qty"":""0"",""discount_application"":""B"",""container_weight"":0,""net_weight"":""6"",""gross_weight"":0,""tax_type"":0,""excise_duty"":0,""tax1_label"":""CGST"",""tax2_label"":""SGST"",""tax3_label"":""IGST""},{""prev_price"":""169.492000"",""item_id"":""46284735"",""itemname"":""Ecobake"",""qty"":3,""price"":169.492,""amount"":508.476,""discount"":""0.000"",""lbl_unit"":""Qty"",""unit"":""4037145"",""description"":"""",""hsn_code"":"""",""weighted_price"":169.492,""invoice_date"":""2026-07-07"",""sap_code"":"""",""purchase_doc_number"":"""",""purchase_invoice_number"":"""",""tax1"":0,""tax2"":0,""tax3"":0,""tax1_amount"":0,""tax2_amount"":0,""tax3_amount"":0,""expiry_date"":"""",""manufacturing_date"":"""",""actual_qty"":""3.000"",""actual_unit_id"":""2418165"",""actual_unit_name"":""Qty"",""sap_group_master_id"":0,""category"":""Packaging"",""yield_qty"":""0"",""discount_application"":""B"",""container_weight"":0,""net_weight"":""3"",""gross_weight"":0,""tax_type"":0,""excise_duty"":0,""tax1_label"":""CGST"",""tax2_label"":""SGST"",""tax3_label"":""IGST""},{""prev_price"":""177.000000"",""item_id"":""46284771"",""itemname"":""Kitchen Roll"",""qty"":2,""price"":177,""amount"":354,""discount"":""0.000"",""lbl_unit"":""Qty"",""unit"":""4037145"",""description"":"""",""hsn_code"":"""",""weighted_price"":177,""invoice_date"":""2026-07-07"",""sap_code"":"""",""purchase_doc_number"":"""",""purchase_invoice_number"":"""",""tax1"":0,""tax2"":0,""tax3"":0,""tax1_amount"":0,""tax2_amount"":0,""tax3_amount"":0,""expiry_date"":"""",""manufacturing_date"":"""",""actual_qty"":""2.000"",""actual_unit_id"":""2418165"",""actual_unit_name"":""Qty"",""sap_group_master_id"":0,""category"":""Housekeeping Hygiene"",""yield_qty"":""0"",""discount_application"":""B"",""container_weight"":0,""net_weight"":""2"",""gross_weight"":0,""tax_type"":0,""excise_duty"":0,""tax1_label"":""CGST"",""tax2_label"":""SGST"",""tax3_label"":""IGST""},{""prev_price"":""1105.000000"",""item_id"":""46283765"",""itemname"":""Dira Frozen Mango Puree"",""qty"":3,""price"":1105,""amount"":3315,""discount"":""0.000"",""lbl_unit"":""Qty"",""unit"":""4037145"",""description"":"""",""hsn_code"":"""",""weighted_price"":1105,""invoice_date"":""2026-07-07"",""sap_code"":"""",""purchase_doc_number"":"""",""purchase_invoice_number"":"""",""tax1"":0,""tax2"":0,""tax3"":0,""tax1_amount"":0,""tax2_amount"":0,""tax3_amount"":0,""expiry_date"":"""",""manufacturing_date"":"""",""actual_qty"":""3.000"",""actual_unit_id"":""2418165"",""actual_unit_name"":""Qty"",""sap_group_master_id"":0,""category"":""Food"",""yield_qty"":""0"",""discount_application"":""B"",""container_weight"":0,""net_weight"":""3"",""gross_weight"":0,""tax_type"":0,""excise_duty"":0,""tax1_label"":""CGST"",""tax2_label"":""SGST"",""tax3_label"":""IGST""},{""prev_price"":""20.000000"",""item_id"":""46284325"",""itemname"":""Masking Tape 6pcs"",""qty"":1,""price"":20,""amount"":20,""discount"":""0.000"",""lbl_unit"":""Qty"",""unit"":""4037145"",""description"":"""",""hsn_code"":"""",""weighted_price"":20,""invoice_date"":""2026-07-07"",""sap_code"":"""",""purchase_doc_number"":"""",""purchase_invoice_number"":"""",""tax1"":0,""tax2"":0,""tax3"":0,""tax1_amount"":0,""tax2_amount"":0,""tax3_amount"":0,""expiry_date"":"""",""manufacturing_date"":"""",""actual_qty"":""1.000"",""actual_unit_id"":""2418165"",""actual_unit_name"":""Qty"",""sap_group_master_id"":0,""category"":""Packaging"",""yield_qty"":""0"",""discount_application"":""B"",""container_weight"":0,""net_weight"":""1"",""gross_weight"":0,""tax_type"":0,""excise_duty"":0,""tax1_label"":""CGST"",""tax2_label"":""SGST"",""tax3_label"":""IGST""},{""prev_price"":""232.500000"",""item_id"":""46284496"",""itemname"":""Fresh Cream 1ltr"",""qty"":11,""price"":232.5,""amount"":2557.5,""discount"":""0.000"",""lbl_unit"":""Qty"",""unit"":""4037145"",""description"":"""",""hsn_code"":"""",""weighted_price"":232.5,""invoice_date"":""2026-07-07"",""sap_code"":"""",""purchase_doc_number"":"""",""purchase_invoice_number"":"""",""tax1"":0,""tax2"":0,""tax3"":0,""tax1_amount"":0,""tax2_amount"":0,""tax3_amount"":0,""expiry_date"":"""",""manufacturing_date"":"""",""actual_qty"":""11.000"",""actual_unit_id"":""2418165"",""actual_unit_name"":""Qty"",""sap_group_master_id"":0,""category"":""Food"",""yield_qty"":""0"",""discount_application"":""B"",""container_weight"":0,""net_weight"":""11"",""gross_weight"":0,""tax_type"":0,""excise_duty"":0,""tax1_label"":""CGST"",""tax2_label"":""SGST"",""tax3_label"":""IGST""}]",[],0,0,,,[],[],,,,,,,,,,,,,,,,,,,,,,,,,,,,,,,,,,,,,,,,,,,,,,,,,,,,,,,,,,,,,,,,,,,,,,,,,,,,,,,,,,,,,,,,,,,,,,,,,,,,,,,,,,,,,,,,,,,,,,,,,,,,,,,,,,,,,,,,,,,,,,,,,,,,,,,,,,,,,,,,,,,,,,,,,,,,,,,,,,,,,,,,,,,,,,,,,,,,,,,,,,,,,,,,,,,,,,,,,,,,,,,,,,,,,,,,,,,,,,,,,,,,,,,,,,,,,,,,,,,,,,,,,,,,,,,,,,,,,,,,,,,,,,,,,,,,,,,,,,,,,,,,,,,,,,,,,,,,,,,,,,,,,,,,,,,,,,,,,,,,,,,,,,,,,,,,,,,,,,,,,,,,,,,,,,6a4dbbfb-d38c-4c7f-8d5b-297d3c009e87,60.0.158.135,,,,,,,,,,,,,,,,,,,,,,,,,,,,,,,,,,,,,,,,,,,,,,,,,,,,,,,,,,,,,,,,,,,,,,,,,,,,,,,,,,,,,,,,,,,,,,,,,,,,,,,,,,,,,,,,,,,,,,,,,,,,,,,,,,,,,,,,,,,,,,,,,,,,,,,,,,,,,,,,,,,,,,,,,,,,,,,,,,,,,,,,,,,,,,,,,,,,,,,,,,,,,,,,,,,,,,,,,,,,,,,,,,,,,,,,,,,,,,,,,,,,,,,,,,,,,,,,,,,,,,,,,,,,,,,,,,,,,,,,,,,,,,,,,,,,,,,,,,,,,,,,,,,,,,,,,,,,,,,,,,,,,,,,,,,,,,,,,,,,,,,,,,,,,,,,,,,,,,,,,,,,,,,,,,,,,,,,,,
Surat Bakery,343448,134168760,From Sales,117824709,483,,2026-07-04,351.63,0,Active,Unpaid,,351.63,0,0,0,0.00,0,0,0,0,2026-07-06 10:15:20,2026-07-06 10:15:20,117185,Kitchen,,Surat,Surat Bakery,Gujarat,,"4th-block,2nd floor,bookends hospitality,ichchapore,394210",9016168269,,,,Surat,Surat Store,Kitchen,,Gujarat,,"1st Floor, Samanvay, Near Chandni Chowk, Gymkhana Rd, Piplod, Surat",9825184377,0,,1,PO0081060940,PO0081060940,1,,0,0,0,"[{""prev_price"":""351.630000"",""item_id"":""46284832"",""itemname"":""Up Pectin Powder 150gm"",""qty"":1,""price"":351.63,""amount"":351.63,""discount"":""0.000"",""lbl_unit"":""Qty"",""unit"":""4037145"",""description"":"""",""hsn_code"":"""",""weighted_price"":351.63,""invoice_date"":""2026-07-04"",""sap_code"":"""",""purchase_doc_number"":"""",""purchase_invoice_number"":"""",""tax1"":0,""tax2"":0,""tax3"":0,""tax1_amount"":0,""tax2_amount"":0,""tax3_amount"":0,""expiry_date"":"""",""manufacturing_date"":"""",""actual_qty"":""1.000"",""actual_unit_id"":""2418165"",""actual_unit_name"":""Qty"",""sap_group_master_id"":0,""category"":""Food"",""yield_qty"":""0"",""discount_application"":""B"",""container_weight"":0,""net_weight"":""1"",""gross_weight"":0,""tax_type"":0,""excise_duty"":0,""tax1_label"":""CGST"",""tax2_label"":""SGST"",""tax3_label"":""IGST""}]",[],0,0,,,[],[],,,,,,,,,,,,,,,,,,,,,,,,,,,,,,,,,,,,,,,,,,,,,,,,,,,,,,,,,,,,,,,,,,,,,,,,,,,,,,,,,,,,,,,,,,,,,,,,,,,,,,,,,,,,,,,,,,,,,,,,,,,,,,,,,,,,,,,,,,,,,,,,,,,,,,,,,,,,,,,,,,,,,,,,,,,,,,,,,,,,,,,,,,,,,,,,,,,,,,,,,,,,,,,,,,,,,,,,,,,,,,,,,,,,,,,,,,,,,,,,,,,,,,,,,,,,,,,,,,,,,,,,,,,,,,,,,,,,,,,,,,,,,,,,,,,,,,,,,,,,,,,,,,,,,,,,,,,,,,,,,,,,,,,,,,,,,,,,,,,,,,,,,,,,,,,,,,,,,,,,,,,,,,,,,,,,6a4b32c5-4720-4432-b2b5-306a3c008e0a,60.0.158.135,,,,,,,,,,,,,,,,,,,,,,,,,,,,,,,,,,,,,,,,,,,,,,,,,,,,,,,,,,,,,,,,,,,,,,,,,,,,,,,,,,,,,,,,,,,,,,,,,,,,,,,,,,,,,,,,,,,,,,,,,,,,,,,,,,,,,,,,,,,,,,,,,,,,,,,,,,,,,,,,,,,,,,,,,,,,,,,,,,,,,,,,,,,,,,,,,,,,,,,,,,,,,,,,,,,,,,,,,,,,,,,,,,,,,,,,,,,,,,,,,,,,,,,,,,,,,,,,,,,,,,,,,,,,,,,,,,,,,,,,,,,,,,,,,,,,,,,,,,,,,,,,,,,,,,,,,,,,,,,,,,,,,,,,,,,,,,,,,,,,,,,,,,,,,,,,,,,,,,,,,,,,,,,,,,,,,,,,
Surat Bakery,343448,134167530,Normal,,482,,2026-07-06,9280,0,Active,Unpaid,,9280,0,0,0,0.00,0,0,0,0,2026-07-06 09:44:41,2026-07-06 09:49:05,117185,Kitchen,,Surat,Surat Bakery,Gujarat,,"4th-block,2nd floor,bookends hospitality,ichchapore,394210",9016168269,,,,Surat,Surat Store,Kitchen,,Gujarat,,"1st Floor, Samanvay, Near Chandni Chowk, Gymkhana Rd, Piplod, Surat",9825184377,0,,,,,1,,0,0,0,"[{""prev_price"":""580.000000"",""item_id"":""46283559"",""itemname"":""Ferrero Crunch"",""qty"":6,""price"":580,""amount"":3480,""discount"":""0.000"",""lbl_unit"":""Piece"",""unit"":""4037127"",""description"":"""",""hsn_code"":"""",""weighted_price"":580,""invoice_date"":""2026-07-06"",""sap_code"":"""",""purchase_doc_number"":"""",""purchase_invoice_number"":"""",""tax1"":0,""tax2"":0,""tax3"":0,""tax1_amount"":0,""tax2_amount"":0,""tax3_amount"":0,""expiry_date"":"""",""manufacturing_date"":"""",""sap_group_master_id"":0,""category"":""Food"",""yield_qty"":""0"",""discount_application"":""B"",""container_weight"":0,""net_weight"":""6"",""gross_weight"":""6"",""tax_type"":0,""excise_duty"":0,""tax1_label"":""CGST"",""tax2_label"":""SGST"",""tax3_label"":""IGST""},{""prev_price"":""0.000000"",""item_id"":""46285680"",""itemname"":""Vanilla Cream"",""qty"":600,""price"":0,""amount"":0,""discount"":""0.000"",""lbl_unit"":""GM"",""unit"":""4037134"",""description"":"""",""hsn_code"":"""",""weighted_price"":0,""invoice_date"":""2026-07-06"",""sap_code"":"""",""purchase_doc_number"":"""",""purchase_invoice_number"":"""",""tax1"":0,""tax2"":0,""tax3"":0,""tax1_amount"":0,""tax2_amount"":0,""tax3_amount"":0,""expiry_date"":"""",""manufacturing_date"":"""",""sap_group_master_id"":0,""category"":""Food"",""rmconv_qty"":""1000"",""rmconv_qty_total"":0.6,""rmconv_unit_id"":""4037128"",""rmconv_unit"":""Kg"",""yield_qty"":""0"",""discount_application"":""B"",""container_weight"":0,""net_weight"":""600"",""gross_weight"":""600"",""tax_type"":0,""excise_duty"":0,""tax1_label"":""CGST"",""tax2_label"":""SGST"",""tax3_label"":""IGST""},{""prev_price"":""0.000000"",""item_id"":""46283542"",""itemname"":""Nutella Cream"",""qty"":100,""price"":0,""amount"":0,""discount"":""0.000"",""lbl_unit"":""GM"",""unit"":""4037134"",""description"":"""",""hsn_code"":"""",""weighted_price"":0,""invoice_date"":""2026-07-06"",""sap_code"":"""",""purchase_doc_number"":"""",""purchase_invoice_number"":"""",""tax1"":0,""tax2"":0,""tax3"":0,""tax1_amount"":0,""tax2_amount"":0,""tax3_amount"":0,""expiry_date"":"""",""manufacturing_date"":"""",""sap_group_master_id"":0,""category"":""Food"",""rmconv_qty"":""1000"",""rmconv_qty_total"":0.1,""rmconv_unit_id"":""4037128"",""rmconv_unit"":""Kg"",""yield_qty"":""0"",""discount_application"":""B"",""container_weight"":0,""net_weight"":""100"",""gross_weight"":""100"",""tax_type"":0,""excise_duty"":0,""tax1_label"":""CGST"",""tax2_label"":""SGST"",""tax3_label"":""IGST""},{""prev_price"":""0.000000"",""item_id"":""46283543"",""itemname"":""Chocolate Ganache"",""qty"":100,""price"":0,""amount"":0,""discount"":""0.000"",""lbl_unit"":""GM"",""unit"":""4037134"",""description"":"""",""hsn_code"":"""",""weighted_price"":0,""invoice_date"":""2026-07-06"",""sap_code"":"""",""purchase_doc_number"":"""",""purchase_invoice_number"":"""",""tax1"":0,""tax2"":0,""tax3"":0,""tax1_amount"":0,""tax2_amount"":0,""tax3_amount"":0,""expiry_date"":"""",""manufacturing_date"":"""",""sap_group_master_id"":0,""category"":""Food"",""yield_qty"":""0"",""discount_application"":""B"",""container_weight"":0,""net_weight"":""100"",""gross_weight"":""100"",""tax_type"":0,""excise_duty"":0,""tax1_label"":""CGST"",""tax2_label"":""SGST"",""tax3_label"":""IGST""},{""prev_price"":""0.000000"",""item_id"":""46285163"",""itemname"":""Pineapple"",""qty"":1,""price"":0,""amount"":0,""discount"":""0.000"",""lbl_unit"":""pcs"",""unit"":""5357421"",""description"":"""",""hsn_code"":"""",""weighted_price"":0,""invoice_date"":""2026-07-06"",""sap_code"":"""",""purchase_doc_number"":"""",""purchase_invoice_number"":"""",""tax1"":0,""tax2"":0,""tax3"":0,""tax1_amount"":0,""tax2_amount"":0,""tax3_amount"":0,""expiry_date"":"""",""manufacturing_date"":"""",""sap_group_master_id"":0,""category"":""Food"",""yield_qty"":""0"",""discount_application"":""B"",""container_weight"":0,""net_weight"":""1"",""gross_weight"":""1"",""tax_type"":0,""excise_duty"":0,""tax1_label"":""CGST"",""tax2_label"":""SGST"",""tax3_label"":""IGST""},{""prev_price"":""580.000000"",""item_id"":""46283610"",""itemname"":""Tiramisu"",""qty"":2,""price"":580,""amount"":1160,""discount"":""0.000"",""lbl_unit"":""Piece"",""unit"":""4037127"",""description"":"""",""hsn_code"":"""",""weighted_price"":580,""invoice_date"":""2026-07-06"",""sap_code"":"""",""purchase_doc_number"":"""",""purchase_invoice_number"":"""",""tax1"":0,""tax2"":0,""tax3"":0,""tax1_amount"":0,""tax2_amount"":0,""tax3_amount"":0,""expiry_date"":"""",""manufacturing_date"":"""",""sap_group_master_id"":0,""category"":""Food"",""yield_qty"":""0"",""discount_application"":""B"",""container_weight"":0,""net_weight"":""2"",""gross_weight"":""2"",""tax_type"":0,""excise_duty"":0,""tax1_label"":""CGST"",""tax2_label"":""SGST"",""tax3_label"":""IGST""},{""prev_price"":""0.000000"",""item_id"":""46283459"",""itemname"":""Take Away Tiramisu"",""qty"":4,""price"":0,""amount"":0,""discount"":""0.000"",""lbl_unit"":""pcs"",""unit"":""5357421"",""description"":"""",""hsn_code"":"""",""weighted_price"":0,""invoice_date"":""2026-07-06"",""sap_code"":"""",""purchase_doc_number"":"""",""purchase_invoice_number"":"""",""tax1"":0,""tax2"":0,""tax3"":0,""tax1_amount"":0,""tax2_amount"":0,""tax3_amount"":0,""expiry_date"":"""",""manufacturing_date"":"""",""sap_group_master_id"":0,""category"":""Food"",""yield_qty"":""0"",""discount_application"":""B"",""container_weight"":0,""net_weight"":""4"",""gross_weight"":""4"",""tax_type"":0,""excise_duty"":0,""tax1_label"":""CGST"",""tax2_label"":""SGST"",""tax3_label"":""IGST""},{""prev_price"":""580.000000"",""item_id"":""46283566"",""itemname"":""Sticky Toffee Pudding"",""qty"":4,""price"":580,""amount"":2320,""discount"":""0.000"",""lbl_unit"":""Piece"",""unit"":""4037127"",""description"":"""",""hsn_code"":"""",""weighted_price"":580,""invoice_date"":""2026-07-06"",""sap_code"":"""",""purchase_doc_number"":"""",""purchase_invoice_number"":"""",""tax1"":0,""tax2"":0,""tax3"":0,""tax1_amount"":0,""tax2_amount"":0,""tax3_amount"":0,""expiry_date"":"""",""manufacturing_date"":"""",""sap_group_master_id"":0,""category"":""Food"",""yield_qty"":""0"",""discount_application"":""B"",""container_weight"":0,""net_weight"":""4"",""gross_weight"":""4"",""tax_type"":0,""excise_duty"":0,""tax1_label"":""CGST"",""tax2_label"":""SGST"",""tax3_label"":""IGST""},{""prev_price"":""580.000000"",""item_id"":""46283565"",""itemname"":""Pistachio Mousse Cake"",""qty"":4,""price"":580,""amount"":2320,""discount"":""0.000"",""lbl_unit"":""Piece"",""unit"":""4037127"",""description"":"""",""hsn_code"":"""",""weighted_price"":580,""invoice_date"":""2026-07-06"",""sap_code"":"""",""purchase_doc_number"":"""",""purchase_invoice_number"":"""",""tax1"":0,""tax2"":0,""tax3"":0,""tax1_amount"":0,""tax2_amount"":0,""tax3_amount"":0,""expiry_date"":"""",""manufacturing_date"":"""",""sap_group_master_id"":0,""category"":""Food"",""yield_qty"":""0"",""discount_application"":""B"",""container_weight"":0,""net_weight"":""4"",""gross_weight"":""4"",""tax_type"":0,""excise_duty"":0,""tax1_label"":""CGST"",""tax2_label"":""SGST"",""tax3_label"":""IGST""},{""prev_price"":""0.000000"",""item_id"":""46283816"",""itemname"":""Chocolate Mousse Cake"",""qty"":11,""price"":0,""amount"":0,""discount"":""0.000"",""lbl_unit"":""pcs"",""unit"":""5357421"",""description"":"""",""hsn_code"":"""",""weighted_price"":0,""invoice_date"":""2026-07-06"",""sap_code"":"""",""purchase_doc_number"":"""",""purchase_invoice_number"":"""",""tax1"":0,""tax2"":0,""tax3"":0,""tax1_amount"":0,""tax2_amount"":0,""tax3_amount"":0,""expiry_date"":"""",""manufacturing_date"":"""",""sap_group_master_id"":0,""category"":""Food"",""yield_qty"":""0"",""discount_application"":""B"",""container_weight"":0,""net_weight"":""11"",""gross_weight"":""11"",""tax_type"":0,""excise_duty"":0,""tax1_label"":""CGST"",""tax2_label"":""SGST"",""tax3_label"":""IGST""},{""prev_price"":""0.000000"",""item_id"":""46283815"",""itemname"":""Crunchy Crisp"",""qty"":500,""price"":0,""amount"":0,""discount"":""0.000"",""lbl_unit"":""GM"",""unit"":""4037134"",""description"":"""",""hsn_code"":"""",""weighted_price"":0,""invoice_date"":""2026-07-06"",""sap_code"":"""",""purchase_doc_number"":"""",""purchase_invoice_number"":"""",""tax1"":0,""tax2"":0,""tax3"":0,""tax1_amount"":0,""tax2_amount"":0,""tax3_amount"":0,""expiry_date"":"""",""manufacturing_date"":"""",""sap_group_master_id"":0,""category"":""Food"",""yield_qty"":""0"",""discount_application"":""B"",""container_weight"":0,""net_weight"":""500"",""gross_weight"":""500"",""tax_type"":0,""excise_duty"":0,""tax1_label"":""CGST"",""tax2_label"":""SGST"",""tax3_label"":""IGST""},{""prev_price"":""0.000000"",""item_id"":""46283807"",""itemname"":""Caramelised Custard"",""qty"":500,""price"":0,""amount"":0,""discount"":""0.000"",""lbl_unit"":""GM"",""unit"":""4037134"",""description"":"""",""hsn_code"":"""",""weighted_price"":0,""invoice_date"":""2026-07-06"",""sap_code"":"""",""purchase_doc_number"":"""",""purchase_invoice_number"":"""",""tax1"":0,""tax2"":0,""tax3"":0,""tax1_amount"":0,""tax2_amount"":0,""tax3_amount"":0,""expiry_date"":"""",""manufacturing_date"":"""",""sap_group_master_id"":0,""category"":""Food"",""yield_qty"":""0"",""discount_application"":""B"",""container_weight"":0,""net_weight"":""500"",""gross_weight"":""500"",""tax_type"":0,""excise_duty"":0,""tax1_label"":""CGST"",""tax2_label"":""SGST"",""tax3_label"":""IGST""},{""prev_price"":""0.000000"",""item_id"":""46285679"",""itemname"":""Mango Jam"",""qty"":600,""price"":0,""amount"":0,""discount"":""0.000"",""lbl_unit"":""GM"",""unit"":""4037134"",""description"":"""",""hsn_code"":"""",""weighted_price"":0,""invoice_date"":""2026-07-06"",""sap_code"":"""",""purchase_doc_number"":"""",""purchase_invoice_number"":"""",""tax1"":0,""tax2"":0,""tax3"":0,""tax1_amount"":0,""tax2_amount"":0,""tax3_amount"":0,""expiry_date"":"""",""manufacturing_date"":"""",""sap_group_master_id"":0,""category"":""Food"",""rmconv_qty"":""1000"",""rmconv_qty_total"":0.6,""rmconv_unit_id"":""4037128"",""rmconv_unit"":""Kg"",""yield_qty"":""0"",""discount_application"":""B"",""container_weight"":0,""net_weight"":""600"",""gross_weight"":""600"",""tax_type"":0,""excise_duty"":0,""tax1_label"":""CGST"",""tax2_label"":""SGST"",""tax3_label"":""IGST""},{""prev_price"":""0.000000"",""item_id"":""46283814"",""itemname"":""Chocolate Sauce"",""qty"":500,""price"":0,""amount"":0,""discount"":""0.000"",""lbl_unit"":""GM"",""unit"":""4037134"",""description"":"""",""hsn_code"":"""",""weighted_price"":0,""invoice_date"":""2026-07-06"",""sap_code"":"""",""purchase_doc_number"":"""",""purchase_invoice_number"":"""",""tax1"":0,""tax2"":0,""tax3"":0,""tax1_amount"":0,""tax2_amount"":0,""tax3_amount"":0,""expiry_date"":"""",""manufacturing_date"":"""",""sap_group_master_id"":0,""category"":""Food"",""yield_qty"":""0"",""discount_application"":""B"",""container_weight"":0,""net_weight"":""500"",""gross_weight"":""500"",""tax_type"":0,""excise_duty"":0,""tax1_label"":""CGST"",""tax2_label"":""SGST"",""tax3_label"":""IGST""},{""prev_price"":""0.000000"",""item_id"":""46283535"",""itemname"":""White Chocolate Sheets"",""qty"":5,""price"":0,""amount"":0,""discount"":""0.000"",""lbl_unit"":""Piece"",""unit"":""4037127"",""description"":"""",""hsn_code"":"""",""weighted_price"":0,""invoice_date"":""2026-07-06"",""sap_code"":"""",""purchase_doc_number"":"""",""purchase_invoice_number"":"""",""tax1"":0,""tax2"":0,""tax3"":0,""tax1_amount"":0,""tax2_amount"":0,""tax3_amount"":0,""expiry_date"":"""",""manufacturing_date"":"""",""sap_group_master_id"":0,""category"":""Food"",""yield_qty"":""0"",""discount_application"":""B"",""container_weight"":0,""net_weight"":""5"",""gross_weight"":""5"",""tax_type"":0,""excise_duty"":0,""tax1_label"":""CGST"",""tax2_label"":""SGST"",""tax3_label"":""IGST""},{""prev_price"":""0.000000"",""item_id"":""46283809"",""itemname"":""Pumpkin And Oats Granola"",""qty"":200,""price"":0,""amount"":0,""discount"":""0.000"",""lbl_unit"":""GM"",""unit"":""4037134"",""description"":"""",""hsn_code"":"""",""weighted_price"":0,""invoice_date"":""2026-07-06"",""sap_code"":"""",""purchase_doc_number"":"""",""purchase_invoice_number"":"""",""tax1"":0,""tax2"":0,""tax3"":0,""tax1_amount"":0,""tax2_amount"":0,""tax3_amount"":0,""expiry_date"":"""",""manufacturing_date"":"""",""sap_group_master_id"":0,""category"":""Food"",""yield_qty"":""0"",""discount_application"":""B"",""container_weight"":0,""net_weight"":""200"",""gross_weight"":""200"",""tax_type"":0,""excise_duty"":0,""tax1_label"":""CGST"",""tax2_label"":""SGST"",""tax3_label"":""IGST""},{""prev_price"":""0.000000"",""item_id"":""46283806"",""itemname"":""Candied Kaju"",""qty"":200,""price"":0,""amount"":0,""discount"":""0.000"",""lbl_unit"":""GM"",""unit"":""4037134"",""description"":"""",""hsn_code"":"""",""weighted_price"":0,""invoice_date"":""2026-07-06"",""sap_code"":"""",""purchase_doc_number"":"""",""purchase_invoice_number"":"""",""tax1"":0,""tax2"":0,""tax3"":0,""tax1_amount"":0,""tax2_amount"":0,""tax3_amount"":0,""expiry_date"":"""",""manufacturing_date"":"""",""sap_group_master_id"":0,""category"":""Food"",""yield_qty"":""0"",""discount_application"":""B"",""container_weight"":0,""net_weight"":""200"",""gross_weight"":""200"",""tax_type"":0,""excise_duty"":0,""tax1_label"":""CGST"",""tax2_label"":""SGST"",""tax3_label"":""IGST""},{""prev_price"":""0.000000"",""item_id"":""46283590"",""itemname"":""Tiramise Tuile"",""qty"":200,""price"":0,""amount"":0,""discount"":""0.000"",""lbl_unit"":""GM"",""unit"":""4037134"",""description"":"""",""hsn_code"":"""",""weighted_price"":0,""invoice_date"":""2026-07-06"",""sap_code"":"""",""purchase_doc_number"":"""",""purchase_invoice_number"":"""",""tax1"":0,""tax2"":0,""tax3"":0,""tax1_amount"":0,""tax2_amount"":0,""tax3_amount"":0,""expiry_date"":"""",""manufacturing_date"":"""",""sap_group_master_id"":0,""category"":""Food"",""yield_qty"":""0"",""discount_application"":""B"",""container_weight"":0,""net_weight"":""200"",""gross_weight"":""200"",""tax_type"":0,""excise_duty"":0,""tax1_label"":""CGST"",""tax2_label"":""SGST"",""tax3_label"":""IGST""},{""prev_price"":""0.000000"",""item_id"":""46283804"",""itemname"":""Mango Pate De Fruit"",""qty"":100,""price"":0,""amount"":0,""discount"":""0.000"",""lbl_unit"":""GM"",""unit"":""4037134"",""description"":"""",""hsn_code"":"""",""weighted_price"":0,""invoice_date"":""2026-07-06"",""sap_code"":"""",""purchase_doc_number"":"""",""purchase_invoice_number"":"""",""tax1"":0,""tax2"":0,""tax3"":0,""tax1_amount"":0,""tax2_amount"":0,""tax3_amount"":0,""expiry_date"":"""",""manufacturing_date"":"""",""sap_group_master_id"":0,""category"":""Food"",""yield_qty"":""0"",""discount_application"":""B"",""container_weight"":0,""net_weight"":""100"",""gross_weight"":""100"",""tax_type"":0,""excise_duty"":0,""tax1_label"":""CGST"",""tax2_label"":""SGST"",""tax3_label"":""IGST""},{""prev_price"":""0.000000"",""item_id"":""46283605"",""itemname"":""Whipped Cream"",""qty"":800,""price"":0,""amount"":0,""discount"":""0.000"",""lbl_unit"":""GM"",""unit"":""4037134"",""description"":"""",""hsn_code"":"""",""weighted_price"":0,""invoice_date"":""2026-07-06"",""sap_code"":"""",""purchase_doc_number"":"""",""purchase_invoice_number"":"""",""tax1"":0,""tax2"":0,""tax3"":0,""tax1_amount"":0,""tax2_amount"":0,""tax3_amount"":0,""expiry_date"":"""",""manufacturing_date"":"""",""sap_group_master_id"":0,""category"":""Food"",""yield_qty"":""0"",""discount_application"":""B"",""container_weight"":0,""net_weight"":""800"",""gross_weight"":""800"",""tax_type"":0,""excise_duty"":0,""tax1_label"":""CGST"",""tax2_label"":""SGST"",""tax3_label"":""IGST""},{""prev_price"":""0.000000"",""item_id"":""46283811"",""itemname"":""Aam Ras"",""qty"":200,""price"":0,""amount"":0,""discount"":""0.000"",""lbl_unit"":""GM"",""unit"":""4037134"",""description"":"""",""hsn_code"":"""",""weighted_price"":0,""invoice_date"":""2026-07-06"",""sap_code"":"""",""purchase_doc_number"":"""",""purchase_invoice_number"":"""",""tax1"":0,""tax2"":0,""tax3"":0,""tax1_amount"":0,""tax2_amount"":0,""tax3_amount"":0,""expiry_date"":"""",""manufacturing_date"":"""",""sap_group_master_id"":0,""category"":""Food"",""yield_qty"":""0"",""discount_application"":""B"",""container_weight"":0,""net_weight"":""200"",""gross_weight"":""200"",""tax_type"":0,""excise_duty"":0,""tax1_label"":""CGST"",""tax2_label"":""SGST"",""tax3_label"":""IGST""},{""prev_price"":""0.000000"",""item_id"":""46283805"",""itemname"":""Cassata"",""qty"":4,""price"":0,""amount"":0,""discount"":""0.000"",""lbl_unit"":""pcs"",""unit"":""5357421"",""description"":"""",""hsn_code"":"""",""weighted_price"":0,""invoice_date"":""2026-07-06"",""sap_code"":"""",""purchase_doc_number"":"""",""purchase_invoice_number"":"""",""tax1"":0,""tax2"":0,""tax3"":0,""tax1_amount"":0,""tax2_amount"":0,""tax3_amount"":0,""expiry_date"":"""",""manufacturing_date"":"""",""sap_group_master_id"":0,""category"":""Food"",""yield_qty"":""0"",""discount_application"":""B"",""container_weight"":0,""net_weight"":""4"",""gross_weight"":""4"",""tax_type"":0,""excise_duty"":0,""tax1_label"":""CGST"",""tax2_label"":""SGST"",""tax3_label"":""IGST""},{""prev_price"":""0.000000"",""item_id"":""46285491"",""itemname"":""Vanilla Spounge"",""qty"":2.4,""price"":0,""amount"":0,""discount"":""0.000"",""lbl_unit"":""Kg"",""unit"":""4037128"",""description"":"""",""hsn_code"":"""",""weighted_price"":0,""invoice_date"":""2026-07-06"",""sap_code"":"""",""purchase_doc_number"":"""",""purchase_invoice_number"":"""",""tax1"":0,""tax2"":0,""tax3"":0,""tax1_amount"":0,""tax2_amount"":0,""tax3_amount"":0,""expiry_date"":"""",""manufacturing_date"":"""",""sap_group_master_id"":0,""category"":""Food"",""rmconv_qty"":""1000"",""rmconv_qty_total"":2400,""rmconv_unit_id"":""4037134"",""rmconv_unit"":""GM"",""yield_qty"":""0"",""discount_application"":""B"",""container_weight"":0,""net_weight"":""2.4"",""gross_weight"":""2.4"",""tax_type"":0,""excise_duty"":0,""tax1_label"":""CGST"",""tax2_label"":""SGST"",""tax3_label"":""IGST""}]",[],0,0,,,[],[],,,,,,,,,,,,,,,,,,,,,,,,,,,,,,,,,,,,,,,,,,,,,,,,,,,,,,,,,,,,,,,,,,,,,,,,,,,,,,,,,,,,,,,,,,,,,,,,,,,,,,,,,,,,,,,,,,,,,,,,,,,,,,,,,,,,,,,,,,,,,,,,,,,,,,,,,,,,,,,,,,,,,,,,,,,,,,,,,,,,,,,,,,,,,,,,,,,,,,,,,,,,,,,,,,,,,,,,,,,,,,,,,,,,,,,,,,,,,,,,,,,,,,,,,,,,,,,,,,,,,,,,,,,,,,,,,,,,,,,,,,,,,,,,,,,,,,,,,,,,,,,,,,,,,,,,,,,,,,,,,,,,,,,,,,,,,,,,,,,,,,,,,,,,,,,,,,,,,,,,,,,,,,,,,,,,,,6a4b29f6-4efc-4d53-b478-20143c008e0a,6a4b2c8e-9294-447b-ac39-4cea3c009e87,60.0.158.135,60.0.142.10,,,,,,,,,,,,,,,,,,,,,,,,,,,,,,,,,,,,,,,,,,,,,,,,,,,,,,,,,,,,,,,,,,,,,,,,,,,,,,,,,,,,,,,,,,,,,,,,,,,,,,,,,,,,,,,,,,,,,,,,,,,,,,,,,,,,,,,,,,,,,,,,,,,,,,,,,,,,,,,,,,,,,,,,,,,,,,,,,,,,,,,,,,,,,,,,,,,,,,,,,,,,,,,,,,,,,,,,,,,,,,,,,,,,,,,,,,,,,,,,,,,,,,,,,,,,,,,,,,,,,,,,,,,,,,,,,,,,,,,,,,,,,,,,,,,,,,,,,,,,,,,,,,,,,,,,,,,,,,,,,,,,,,,,,,,,,,,,,,,,,,,,,,,,,,,,,,,,,,,,,,,,,,,,,,,,
Surat Bakery,343448,134167233,From Sales,117455730,481,,2026-07-06,361.92,0,Active,Unpaid,,361.92,0,0,0,0.00,0,0,0,0,2026-07-06 09:37:13,2026-07-06 09:37:13,117185,Kitchen,,Surat,Surat Bakery,Gujarat,,"4th-block,2nd floor,bookends hospitality,ichchapore,394210",9016168269,,,,Surat,Surat Store,Kitchen,,Gujarat,,"1st Floor, Samanvay, Near Chandni Chowk, Gymkhana Rd, Piplod, Surat",9825184377,0,,1,,,1,,0,0,0,"[{""prev_price"":""90.480000"",""item_id"":""46284484"",""itemname"":""Dahi"",""qty"":4,""price"":90.48,""amount"":361.92,""discount"":""0.000"",""lbl_unit"":""Kg"",""unit"":""4037128"",""description"":"""",""hsn_code"":"""",""weighted_price"":90.48,""invoice_date"":""2026-07-06"",""sap_code"":"""",""purchase_doc_number"":"""",""purchase_invoice_number"":"""",""tax1"":0,""tax2"":0,""tax3"":0,""tax1_amount"":0,""tax2_amount"":0,""tax3_amount"":0,""expiry_date"":"""",""manufacturing_date"":"""",""sap_group_master_id"":0,""category"":""Food"",""rmconv_qty"":""1000"",""rmconv_qty_total"":4000,""rmconv_unit_id"":""4037134"",""rmconv_unit"":""GM"",""yield_qty"":""0"",""discount_application"":""B"",""container_weight"":0,""net_weight"":""4"",""gross_weight"":0,""tax_type"":0,""excise_duty"":0,""tax1_label"":""CGST"",""tax2_label"":""SGST"",""tax3_label"":""IGST""}]",[],0,0,,,[],[],,,,,,,,,,,,,,,,,,,,,,,,,,,,,,,,,,,,,,,,,,,,,,,,,,,,,,,,,,,,,,,,,,,,,,,,,,,,,,,,,,,,,,,,,,,,,,,,,,,,,,,,,,,,,,,,,,,,,,,,,,,,,,,,,,,,,,,,,,,,,,,,,,,,,,,,,,,,,,,,,,,,,,,,,,,,,,,,,,,,,,,,,,,,,,,,,,,,,,,,,,,,,,,,,,,,,,,,,,,,,,,,,,,,,,,,,,,,,,,,,,,,,,,,,,,,,,,,,,,,,,,,,,,,,,,,,,,,,,,,,,,,,,,,,,,,,,,,,,,,,,,,,,,,,,,,,,,,,,,,,,,,,,,,,,,,,,,,,,,,,,,,,,,,,,,,,,,,,,,,,,,,,,,,,,,,,,,,,,6a4b29b7-c524-4501-b7bc-35d43c009e87,60.0.158.135,,,,,,,,,,,,,,,,,,,,,,,,,,,,,,,,,,,,,,,,,,,,,,,,,,,,,,,,,,,,,,,,,,,,,,,,,,,,,,,,,,,,,,,,,,,,,,,,,,,,,,,,,,,,,,,,,,,,,,,,,,,,,,,,,,,,,,,,,,,,,,,,,,,,,,,,,,,,,,,,,,,,,,,,,,,,,,,,,,,,,,,,,,,,,,,,,,,,,,,,,,,,,,,,,,,,,,,,,,,,,,,,,,,,,,,,,,,,,,,,,,,,,,,,,,,,,,,,,,,,,,,,,,,,,,,,,,,,,,,,,,,,,,,,,,,,,,,,,,,,,,,,,,,,,,,,,,,,,,,,,,,,,,,,,,,,,,,,,,,,,,,,,,,,,,,,,,,,,,,,,,,,,,,,,,
Surat Bakery,343448,134167096,From Sales,117744042,480,,2026-07-06,210,0,Active,Unpaid,,210,0,0,0,0.00,0,0,0,0,2026-07-06 09:33:11,2026-07-06 09:33:11,117185,Kitchen,,Surat,Surat Bakery,Gujarat,,"4th-block,2nd floor,bookends hospitality,ichchapore,394210",9016168269,,,,Surat,Surat Store,Kitchen,,Gujarat,,"1st Floor, Samanvay, Near Chandni Chowk, Gymkhana Rd, Piplod, Surat",9825184377,0,,1,,,1,,0,0,0,"[{""prev_price"":""70.000000"",""item_id"":""46284674"",""itemname"":""Dry Ice"",""qty"":3,""price"":70,""amount"":210,""discount"":""0.000"",""lbl_unit"":""Kg"",""unit"":""4037128"",""description"":"""",""hsn_code"":"""",""weighted_price"":70,""invoice_date"":""2026-07-06"",""sap_code"":"""",""purchase_doc_number"":"""",""purchase_invoice_number"":"""",""tax1"":0,""tax2"":0,""tax3"":0,""tax1_amount"":0,""tax2_amount"":0,""tax3_amount"":0,""expiry_date"":"""",""manufacturing_date"":"""",""sap_group_master_id"":0,""category"":""Packaging"",""rmconv_qty"":""1000"",""rmconv_qty_total"":3000,""rmconv_unit_id"":""4037134"",""rmconv_unit"":""GM"",""yield_qty"":""0"",""discount_application"":""B"",""container_weight"":0,""net_weight"":""3"",""gross_weight"":0,""tax_type"":0,""excise_duty"":0,""tax1_label"":""CGST"",""tax2_label"":""SGST"",""tax3_label"":""IGST""}]",[],0,0,,,[],[],,,,,,,,,,,,,,,,,,,,,,,,,,,,,,,,,,,,,,,,,,,,,,,,,,,,,,,,,,,,,,,,,,,,,,,,,,,,,,,,,,,,,,,,,,,,,,,,,,,,,,,,,,,,,,,,,,,,,,,,,,,,,,,,,,,,,,,,,,,,,,,,,,,,,,,,,,,,,,,,,,,,,,,,,,,,,,,,,,,,,,,,,,,,,,,,,,,,,,,,,,,,,,,,,,,,,,,,,,,,,,,,,,,,,,,,,,,,,,,,,,,,,,,,,,,,,,,,,,,,,,,,,,,,,,,,,,,,,,,,,,,,,,,,,,,,,,,,,,,,,,,,,,,,,,,,,,,,,,,,,,,,,,,,,,,,,,,,,,,,,,,,,,,,,,,,,,,,,,,,,,,,,,,,,,,,,,,,,,,,6a4b2899-5b14-46e9-91ea-1ef73c008e0a,60.0.158.135,,,,,,,,,,,,,,,,,,,,,,,,,,,,,,,,,,,,,,,,,,,,,,,,,,,,,,,,,,,,,,,,,,,,,,,,,,,,,,,,,,,,,,,,,,,,,,,,,,,,,,,,,,,,,,,,,,,,,,,,,,,,,,,,,,,,,,,,,,,,,,,,,,,,,,,,,,,,,,,,,,,,,,,,,,,,,,,,,,,,,,,,,,,,,,,,,,,,,,,,,,,,,,,,,,,,,,,,,,,,,,,,,,,,,,,,,,,,,,,,,,,,,,,,,,,,,,,,,,,,,,,,,,,,,,,,,,,,,,,,,,,,,,,,,,,,,,,,,,,,,,,,,,,,,,,,,,,,,,,,,,,,,,,,,,,,,,,,,,,,,,,,,,,,,,,,,,,,,,,,,,,,,,,,
Surat Bakery,343448,134166992,From Sales,117891364,479,,2026-07-05,290,0,Active,Unpaid,,290,0,0,0,0.00,0,0,0,0,2026-07-06 09:30:20,2026-07-06 09:30:20,117185,Kitchen,,Surat,Surat Bakery,Gujarat,,"4th-block,2nd floor,bookends hospitality,ichchapore,394210",9016168269,,,,Surat,Surat Store,Kitchen,,Gujarat,,"1st Floor, Samanvay, Near Chandni Chowk, Gymkhana Rd, Piplod, Surat",9825184377,0,,1,PO0081073633,PO0081073633,1,,0,0,0,"[{""prev_price"":""70.000000"",""item_id"":""46285165"",""itemname"":""Seedless Dates 500gm"",""qty"":1,""price"":70,""amount"":70,""discount"":""0.000"",""lbl_unit"":""Qty"",""unit"":""4037145"",""description"":"""",""hsn_code"":"""",""weighted_price"":70,""invoice_date"":""2026-07-05"",""sap_code"":"""",""purchase_doc_number"":"""",""purchase_invoice_number"":"""",""tax1"":0,""tax2"":0,""tax3"":0,""tax1_amount"":0,""tax2_amount"":0,""tax3_amount"":0,""expiry_date"":"""",""manufacturing_date"":"""",""actual_qty"":""1.000"",""actual_unit_id"":""2418165"",""actual_unit_name"":""Qty"",""sap_group_master_id"":0,""category"":""Food"",""yield_qty"":""0"",""discount_application"":""B"",""pricing_method"":""0"",""container_weight"":0,""net_weight"":""1"",""gross_weight"":0,""tax_type"":0,""excise_duty"":0,""tax1_label"":""CGST"",""tax2_label"":""SGST"",""tax3_label"":""IGST""},{""item_id"":""46910325"",""itemname"":""Ananda Fresh Cream 1ltr"",""qty"":1,""price"":220,""prev_price"":""220.000000"",""amount"":220,""discount"":""0.000"",""lbl_unit"":""Qty"",""unit"":""4037145"",""description"":"""",""hsn_code"":"""",""weighted_price"":220,""invoice_date"":""2026-07-05"",""sap_code"":"""",""purchase_doc_number"":"""",""purchase_invoice_number"":"""",""tax1"":0,""tax2"":0,""tax3"":0,""tax1_amount"":0,""tax2_amount"":0,""tax3_amount"":0,""expiry_date"":"""",""manufacturing_date"":"""",""sap_group_master_id"":0,""discount_application"":""B"",""container_weight"":0,""net_weight"":""1"",""gross_weight"":0,""category"":""Food"",""tax_type"":0,""excise_duty"":0,""tax1_label"":""CGST"",""tax2_label"":""SGST"",""tax3_label"":""IGST""}]",[],0,0,,,[],[],,,,,,,,,,,,,,,,,,,,,,,,,,,,,,,,,,,,,,,,,,,,,,,,,,,,,,,,,,,,,,,,,,,,,,,,,,,,,,,,,,,,,,,,,,,,,,,,,,,,,,,,,,,,,,,,,,,,,,,,,,,,,,,,,,,,,,,,,,,,,,,,,,,,,,,,,,,,,,,,,,,,,,,,,,,,,,,,,,,,,,,,,,,,,,,,,,,,,,,,,,,,,,,,,,,,,,,,,,,,,,,,,,,,,,,,,,,,,,,,,,,,,,,,,,,,,,,,,,,,,,,,,,,,,,,,,,,,,,,,,,,,,,,,,,,,,,,,,,,,,,,,,,,,,,,,,,,,,,,,,,,,,,,,,,,,,,,,,,,,,,,,,,,,,,,,,,,,,,,,,,,,,,,,,,,,,,,,,,,,,,6a4b2834-1a10-4534-8aa5-344c3c009e87,60.0.158.135,,,,,,,,,,,,,,,,,,,,,,,,,,,,,,,,,,,,,,,,,,,,,,,,,,,,,,,,,,,,,,,,,,,,,,,,,,,,,,,,,,,,,,,,,,,,,,,,,,,,,,,,,,,,,,,,,,,,,,,,,,,,,,,,,,,,,,,,,,,,,,,,,,,,,,,,,,,,,,,,,,,,,,,,,,,,,,,,,,,,,,,,,,,,,,,,,,,,,,,,,,,,,,,,,,,,,,,,,,,,,,,,,,,,,,,,,,,,,,,,,,,,,,,,,,,,,,,,,,,,,,,,,,,,,,,,,,,,,,,,,,,,,,,,,,,,,,,,,,,,,,,,,,,,,,,,,,,,,,,,,,,,,,,,,,,,,,,,,,,,,,,,,,,,,,,,,,,,,,,,,,,,,,
Surat Bakery,343448,134166954,From Sales,117664819,478,,2026-07-06,1050,0,Active,Unpaid,,1050,0,0,0,0.00,0,0,0,0,2026-07-06 09:29:24,2026-07-06 09:29:24,117185,Kitchen,,Surat,Surat Bakery,Gujarat,,"4th-block,2nd floor,bookends hospitality,ichchapore,394210",9016168269,,,,Surat,Surat Store,Kitchen,,Gujarat,,"1st Floor, Samanvay, Near Chandni Chowk, Gymkhana Rd, Piplod, Surat",9825184377,0,,1,,,1,,0,0,0,"[{""prev_price"":""70.000000"",""item_id"":""46284674"",""itemname"":""Dry Ice"",""qty"":15,""price"":70,""amount"":1050,""discount"":""0.000"",""lbl_unit"":""Kg"",""unit"":""4037128"",""description"":"""",""hsn_code"":"""",""weighted_price"":70,""invoice_date"":""2026-07-06"",""sap_code"":"""",""purchase_doc_number"":"""",""purchase_invoice_number"":"""",""tax1"":0,""tax2"":0,""tax3"":0,""tax1_amount"":0,""tax2_amount"":0,""tax3_amount"":0,""expiry_date"":"""",""manufacturing_date"":"""",""sap_group_master_id"":0,""category"":""Packaging"",""rmconv_qty"":""1000"",""rmconv_qty_total"":15000,""rmconv_unit_id"":""4037134"",""rmconv_unit"":""GM"",""yield_qty"":""0"",""discount_application"":""B"",""container_weight"":0,""net_weight"":""15"",""gross_weight"":0,""tax_type"":0,""excise_duty"":0,""tax1_label"":""CGST"",""tax2_label"":""SGST"",""tax3_label"":""IGST""}]",[],0,0,,,[],[],,,,,,,,,,,,,,,,,,,,,,,,,,,,,,,,,,,,,,,,,,,,,,,,,,,,,,,,,,,,,,,,,,,,,,,,,,,,,,,,,,,,,,,,,,,,,,,,,,,,,,,,,,,,,,,,,,,,,,,,,,,,,,,,,,,,,,,,,,,,,,,,,,,,,,,,,,,,,,,,,,,,,,,,,,,,,,,,,,,,,,,,,,,,,,,,,,,,,,,,,,,,,,,,,,,,,,,,,,,,,,,,,,,,,,,,,,,,,,,,,,,,,,,,,,,,,,,,,,,,,,,,,,,,,,,,,,,,,,,,,,,,,,,,,,,,,,,,,,,,,,,,,,,,,,,,,,,,,,,,,,,,,,,,,,,,,,,,,,,,,,,,,,,,,,,,,,,,,,,,,,,,,,,,,,,,,,,,,,,,,,,,6a4b27fc-ef70-4575-a4d1-3e833c009e87,60.0.142.10,,,,,,,,,,,,,,,,,,,,,,,,,,,,,,,,,,,,,,,,,,,,,,,,,,,,,,,,,,,,,,,,,,,,,,,,,,,,,,,,,,,,,,,,,,,,,,,,,,,,,,,,,,,,,,,,,,,,,,,,,,,,,,,,,,,,,,,,,,,,,,,,,,,,,,,,,,,,,,,,,,,,,,,,,,,,,,,,,,,,,,,,,,,,,,,,,,,,,,,,,,,,,,,,,,,,,,,,,,,,,,,,,,,,,,,,,,,,,,,,,,,,,,,,,,,,,,,,,,,,,,,,,,,,,,,,,,,,,,,,,,,,,,,,,,,,,,,,,,,,,,,,,,,,,,,,,,,,,,,,,,,,,,,,,,,,,,,,,,,,,,,,,,,,,,,,,,,,,,,,,,,,
Surat Bakery,343448,134041408,Normal,,477,,2026-07-04,11020,0,Active,Unpaid,,11020,0,0,0,0.00,0,0,0,0,2026-07-04 20:13:46,2026-07-04 20:19:00,117185,Kitchen,,Surat,Surat Bakery,Gujarat,,"4th-block,2nd floor,bookends hospitality,ichchapore,394210",9016168269,,,,Surat,Surat Store,Kitchen,,Gujarat,,"1st Floor, Samanvay, Near Chandni Chowk, Gymkhana Rd, Piplod, Surat",9825184377,0,,,,,1,,0,0,0,"[{""prev_price"":""0.000000"",""item_id"":""46283542"",""itemname"":""Nutella Cream"",""qty"":200,""price"":0,""amount"":0,""discount"":""0.000"",""lbl_unit"":""GM"",""unit"":""4037134"",""description"":"""",""hsn_code"":"""",""weighted_price"":0,""invoice_date"":""2026-07-04"",""sap_code"":"""",""purchase_doc_number"":"""",""purchase_invoice_number"":"""",""tax1"":0,""tax2"":0,""tax3"":0,""tax1_amount"":0,""tax2_amount"":0,""tax3_amount"":0,""expiry_date"":"""",""manufacturing_date"":"""",""sap_group_master_id"":0,""category"":""Food"",""rmconv_qty"":""1000"",""rmconv_qty_total"":0.2,""rmconv_unit_id"":""4037128"",""rmconv_unit"":""Kg"",""yield_qty"":""0"",""discount_application"":""B"",""container_weight"":0,""net_weight"":""200"",""gross_weight"":""200"",""tax_type"":0,""excise_duty"":0,""tax1_label"":""CGST"",""tax2_label"":""SGST"",""tax3_label"":""IGST""},{""prev_price"":""0.000000"",""item_id"":""46285680"",""itemname"":""Vanilla Cream"",""qty"":200,""price"":0,""amount"":0,""discount"":""0.000"",""lbl_unit"":""GM"",""unit"":""4037134"",""description"":"""",""hsn_code"":"""",""weighted_price"":0,""invoice_date"":""2026-07-04"",""sap_code"":"""",""purchase_doc_number"":"""",""purchase_invoice_number"":"""",""tax1"":0,""tax2"":0,""tax3"":0,""tax1_amount"":0,""tax2_amount"":0,""tax3_amount"":0,""expiry_date"":"""",""manufacturing_date"":"""",""sap_group_master_id"":0,""category"":""Food"",""rmconv_qty"":""1000"",""rmconv_qty_total"":0.2,""rmconv_unit_id"":""4037128"",""rmconv_unit"":""Kg"",""yield_qty"":""0"",""discount_application"":""B"",""container_weight"":0,""net_weight"":""200"",""gross_weight"":""200"",""tax_type"":0,""excise_duty"":0,""tax1_label"":""CGST"",""tax2_label"":""SGST"",""tax3_label"":""IGST""},{""prev_price"":""580.000000"",""item_id"":""46283560"",""itemname"":""Mango Tres Leches"",""qty"":4,""price"":580,""amount"":2320,""discount"":""0.000"",""lbl_unit"":""Piece"",""unit"":""4037127"",""description"":"""",""hsn_code"":"""",""weighted_price"":580,""invoice_date"":""2026-07-04"",""sap_code"":"""",""purchase_doc_number"":"""",""purchase_invoice_number"":"""",""tax1"":0,""tax2"":0,""tax3"":0,""tax1_amount"":0,""tax2_amount"":0,""tax3_amount"":0,""expiry_date"":"""",""manufacturing_date"":"""",""sap_group_master_id"":0,""category"":""Food"",""yield_qty"":""0"",""discount_application"":""B"",""container_weight"":0,""net_weight"":""4"",""gross_weight"":""4"",""tax_type"":0,""excise_duty"":0,""tax1_label"":""CGST"",""tax2_label"":""SGST"",""tax3_label"":""IGST""},{""prev_price"":""0.000000"",""item_id"":""46285681"",""itemname"":""Mango Milk"",""qty"":500,""price"":0,""amount"":0,""discount"":""0.000"",""lbl_unit"":""GM"",""unit"":""4037134"",""description"":"""",""hsn_code"":"""",""weighted_price"":0,""invoice_date"":""2026-07-04"",""sap_code"":"""",""purchase_doc_number"":"""",""purchase_invoice_number"":"""",""tax1"":0,""tax2"":0,""tax3"":0,""tax1_amount"":0,""tax2_amount"":0,""tax3_amount"":0,""expiry_date"":"""",""manufacturing_date"":"""",""sap_group_master_id"":0,""category"":""Food"",""rmconv_qty"":""1000"",""rmconv_qty_total"":0.5,""rmconv_unit_id"":""4037128"",""rmconv_unit"":""Kg"",""yield_qty"":""0"",""discount_application"":""B"",""container_weight"":0,""net_weight"":""500"",""gross_weight"":""500"",""tax_type"":0,""excise_duty"":0,""tax1_label"":""CGST"",""tax2_label"":""SGST"",""tax3_label"":""IGST""},{""prev_price"":""0.000000"",""item_id"":""46285679"",""itemname"":""Mango Jam"",""qty"":500,""price"":0,""amount"":0,""discount"":""0.000"",""lbl_unit"":""GM"",""unit"":""4037134"",""description"":"""",""hsn_code"":"""",""weighted_price"":0,""invoice_date"":""2026-07-04"",""sap_code"":"""",""purchase_doc_number"":"""",""purchase_invoice_number"":"""",""tax1"":0,""tax2"":0,""tax3"":0,""tax1_amount"":0,""tax2_amount"":0,""tax3_amount"":0,""expiry_date"":"""",""manufacturing_date"":"""",""sap_group_master_id"":0,""category"":""Food"",""rmconv_qty"":""1000"",""rmconv_qty_total"":0.5,""rmconv_unit_id"":""4037128"",""rmconv_unit"":""Kg"",""yield_qty"":""0"",""discount_application"":""B"",""container_weight"":0,""net_weight"":""500"",""gross_weight"":""500"",""tax_type"":0,""excise_duty"":0,""tax1_label"":""CGST"",""tax2_label"":""SGST"",""tax3_label"":""IGST""},{""prev_price"":""0.000000"",""item_id"":""46283460"",""itemname"":""Cake Slice"",""qty"":35,""price"":0,""amount"":0,""discount"":""0.000"",""lbl_unit"":""pcs"",""unit"":""5357421"",""description"":"""",""hsn_code"":"""",""weighted_price"":0,""invoice_date"":""2026-07-04"",""sap_code"":"""",""purchase_doc_number"":"""",""purchase_invoice_number"":"""",""tax1"":0,""tax2"":0,""tax3"":0,""tax1_amount"":0,""tax2_amount"":0,""tax3_amount"":0,""expiry_date"":"""",""manufacturing_date"":"""",""sap_group_master_id"":0,""category"":""Food"",""yield_qty"":""0"",""discount_application"":""B"",""container_weight"":0,""net_weight"":""35"",""gross_weight"":""35"",""tax_type"":0,""excise_duty"":0,""tax1_label"":""CGST"",""tax2_label"":""SGST"",""tax3_label"":""IGST""},{""prev_price"":""580.000000"",""item_id"":""46283610"",""itemname"":""Tiramisu"",""qty"":7,""price"":580,""amount"":4060,""discount"":""0.000"",""lbl_unit"":""Piece"",""unit"":""4037127"",""description"":"""",""hsn_code"":"""",""weighted_price"":580,""invoice_date"":""2026-07-04"",""sap_code"":"""",""purchase_doc_number"":"""",""purchase_invoice_number"":"""",""tax1"":0,""tax2"":0,""tax3"":0,""tax1_amount"":0,""tax2_amount"":0,""tax3_amount"":0,""expiry_date"":"""",""manufacturing_date"":"""",""sap_group_master_id"":0,""category"":""Food"",""yield_qty"":""0"",""discount_application"":""B"",""container_weight"":0,""net_weight"":""7"",""gross_weight"":""7"",""tax_type"":0,""excise_duty"":0,""tax1_label"":""CGST"",""tax2_label"":""SGST"",""tax3_label"":""IGST""},{""prev_price"":""0.000000"",""item_id"":""46283459"",""itemname"":""Take Away Tiramisu"",""qty"":1,""price"":0,""amount"":0,""discount"":""0.000"",""lbl_unit"":""pcs"",""unit"":""5357421"",""description"":"""",""hsn_code"":"""",""weighted_price"":0,""invoice_date"":""2026-07-04"",""sap_code"":"""",""purchase_doc_number"":"""",""purchase_invoice_number"":"""",""tax1"":0,""tax2"":0,""tax3"":0,""tax1_amount"":0,""tax2_amount"":0,""tax3_amount"":0,""expiry_date"":"""",""manufacturing_date"":"""",""sap_group_master_id"":0,""category"":""Food"",""yield_qty"":""0"",""discount_application"":""B"",""container_weight"":0,""net_weight"":""1"",""gross_weight"":""1"",""tax_type"":0,""excise_duty"":0,""tax1_label"":""CGST"",""tax2_label"":""SGST"",""tax3_label"":""IGST""},{""prev_price"":""0.000000"",""item_id"":""46283816"",""itemname"":""Chocolate Mousse Cake"",""qty"":9,""price"":0,""amount"":0,""discount"":""0.000"",""lbl_unit"":""pcs"",""unit"":""5357421"",""description"":"""",""hsn_code"":"""",""weighted_price"":0,""invoice_date"":""2026-07-04"",""sap_code"":"""",""purchase_doc_number"":"""",""purchase_invoice_number"":"""",""tax1"":0,""tax2"":0,""tax3"":0,""tax1_amount"":0,""tax2_amount"":0,""tax3_amount"":0,""expiry_date"":"""",""manufacturing_date"":"""",""sap_group_master_id"":0,""category"":""Food"",""yield_qty"":""0"",""discount_application"":""B"",""container_weight"":0,""net_weight"":""9"",""gross_weight"":""9"",""tax_type"":0,""excise_duty"":0,""tax1_label"":""CGST"",""tax2_label"":""SGST"",""tax3_label"":""IGST""},{""prev_price"":""580.000000"",""item_id"":""46283566"",""itemname"":""Sticky Toffee Pudding"",""qty"":6,""price"":580,""amount"":3480,""discount"":""0.000"",""lbl_unit"":""Piece"",""unit"":""4037127"",""description"":"""",""hsn_code"":"""",""weighted_price"":580,""invoice_date"":""2026-07-04"",""sap_code"":"""",""purchase_doc_number"":"""",""purchase_invoice_number"":"""",""tax1"":0,""tax2"":0,""tax3"":0,""tax1_amount"":0,""tax2_amount"":0,""tax3_amount"":0,""expiry_date"":"""",""manufacturing_date"":"""",""sap_group_master_id"":0,""category"":""Food"",""yield_qty"":""0"",""discount_application"":""B"",""container_weight"":0,""net_weight"":""6"",""gross_weight"":""6"",""tax_type"":0,""excise_duty"":0,""tax1_label"":""CGST"",""tax2_label"":""SGST"",""tax3_label"":""IGST""},{""prev_price"":""0.000000"",""item_id"":""46283814"",""itemname"":""Chocolate Sauce"",""qty"":700,""price"":0,""amount"":0,""discount"":""0.000"",""lbl_unit"":""GM"",""unit"":""4037134"",""description"":"""",""hsn_code"":"""",""weighted_price"":0,""invoice_date"":""2026-07-04"",""sap_code"":"""",""purchase_doc_number"":"""",""purchase_invoice_number"":"""",""tax1"":0,""tax2"":0,""tax3"":0,""tax1_amount"":0,""tax2_amount"":0,""tax3_amount"":0,""expiry_date"":"""",""manufacturing_date"":"""",""sap_group_master_id"":0,""category"":""Food"",""yield_qty"":""0"",""discount_application"":""B"",""container_weight"":0,""net_weight"":""700"",""gross_weight"":""700"",""tax_type"":0,""excise_duty"":0,""tax1_label"":""CGST"",""tax2_label"":""SGST"",""tax3_label"":""IGST""},{""prev_price"":""0.000000"",""item_id"":""46283815"",""itemname"":""Crunchy Crisp"",""qty"":200,""price"":0,""amount"":0,""discount"":""0.000"",""lbl_unit"":""GM"",""unit"":""4037134"",""description"":"""",""hsn_code"":"""",""weighted_price"":0,""invoice_date"":""2026-07-04"",""sap_code"":"""",""purchase_doc_number"":"""",""purchase_invoice_number"":"""",""tax1"":0,""tax2"":0,""tax3"":0,""tax1_amount"":0,""tax2_amount"":0,""tax3_amount"":0,""expiry_date"":"""",""manufacturing_date"":"""",""sap_group_master_id"":0,""category"":""Food"",""yield_qty"":""0"",""discount_application"":""B"",""container_weight"":0,""net_weight"":""200"",""gross_weight"":""200"",""tax_type"":0,""excise_duty"":0,""tax1_label"":""CGST"",""tax2_label"":""SGST"",""tax3_label"":""IGST""},{""prev_price"":""580.000000"",""item_id"":""46283565"",""itemname"":""Pistachio Mousse Cake"",""qty"":2,""price"":580,""amount"":1160,""discount"":""0.000"",""lbl_unit"":""Piece"",""unit"":""4037127"",""description"":"""",""hsn_code"":"""",""weighted_price"":580,""invoice_date"":""2026-07-04"",""sap_code"":"""",""purchase_doc_number"":"""",""purchase_invoice_number"":"""",""tax1"":0,""tax2"":0,""tax3"":0,""tax1_amount"":0,""tax2_amount"":0,""tax3_amount"":0,""expiry_date"":"""",""manufacturing_date"":"""",""sap_group_master_id"":0,""category"":""Food"",""yield_qty"":""0"",""discount_application"":""B"",""container_weight"":0,""net_weight"":""2"",""gross_weight"":""2"",""tax_type"":0,""excise_duty"":0,""tax1_label"":""CGST"",""tax2_label"":""SGST"",""tax3_label"":""IGST""},{""prev_price"":""0.000000"",""item_id"":""46283556"",""itemname"":""Babi Pista Mousse"",""qty"":200,""price"":0,""amount"":0,""discount"":""0.000"",""lbl_unit"":""GM"",""unit"":""4037134"",""description"":"""",""hsn_code"":"""",""weighted_price"":0,""invoice_date"":""2026-07-04"",""sap_code"":"""",""purchase_doc_number"":"""",""purchase_invoice_number"":"""",""tax1"":0,""tax2"":0,""tax3"":0,""tax1_amount"":0,""tax2_amount"":0,""tax3_amount"":0,""expiry_date"":"""",""manufacturing_date"":"""",""sap_group_master_id"":0,""category"":""Food"",""rmconv_qty"":""1000"",""rmconv_qty_total"":0.2,""rmconv_unit_id"":""4037128"",""rmconv_unit"":""Kg"",""yield_qty"":""0"",""discount_application"":""B"",""container_weight"":0,""net_weight"":""200"",""gross_weight"":""200"",""tax_type"":0,""excise_duty"":0,""tax1_label"":""CGST"",""tax2_label"":""SGST"",""tax3_label"":""IGST""},{""prev_price"":""0.000000"",""item_id"":""46283812"",""itemname"":""Mango Mousse"",""qty"":200,""price"":0,""amount"":0,""discount"":""0.000"",""lbl_unit"":""GM"",""unit"":""4037134"",""description"":"""",""hsn_code"":"""",""weighted_price"":0,""invoice_date"":""2026-07-04"",""sap_code"":"""",""purchase_doc_number"":"""",""purchase_invoice_number"":"""",""tax1"":0,""tax2"":0,""tax3"":0,""tax1_amount"":0,""tax2_amount"":0,""tax3_amount"":0,""expiry_date"":"""",""manufacturing_date"":"""",""sap_group_master_id"":0,""category"":""Food"",""yield_qty"":""0"",""discount_application"":""B"",""container_weight"":0,""net_weight"":""200"",""gross_weight"":""200"",""tax_type"":0,""excise_duty"":0,""tax1_label"":""CGST"",""tax2_label"":""SGST"",""tax3_label"":""IGST""},{""prev_price"":""0.000000"",""item_id"":""46283805"",""itemname"":""Cassata"",""qty"":2,""price"":0,""amount"":0,""discount"":""0.000"",""lbl_unit"":""pcs"",""unit"":""5357421"",""description"":"""",""hsn_code"":"""",""weighted_price"":0,""invoice_date"":""2026-07-04"",""sap_code"":"""",""purchase_doc_number"":"""",""purchase_invoice_number"":"""",""tax1"":0,""tax2"":0,""tax3"":0,""tax1_amount"":0,""tax2_amount"":0,""tax3_amount"":0,""expiry_date"":"""",""manufacturing_date"":"""",""sap_group_master_id"":0,""category"":""Food"",""yield_qty"":""0"",""discount_application"":""B"",""container_weight"":0,""net_weight"":""2"",""gross_weight"":""2"",""tax_type"":0,""excise_duty"":0,""tax1_label"":""CGST"",""tax2_label"":""SGST"",""tax3_label"":""IGST""},{""prev_price"":""0.000000"",""item_id"":""46283611"",""itemname"":""Choclate Nut Tub Cake"",""qty"":6,""price"":0,""amount"":0,""discount"":""0.000"",""lbl_unit"":""BOX"",""unit"":""4037140"",""description"":"""",""hsn_code"":"""",""weighted_price"":0,""invoice_date"":""2026-07-04"",""sap_code"":"""",""purchase_doc_number"":"""",""purchase_invoice_number"":"""",""tax1"":0,""tax2"":0,""tax3"":0,""tax1_amount"":0,""tax2_amount"":0,""tax3_amount"":0,""expiry_date"":"""",""manufacturing_date"":"""",""sap_group_master_id"":0,""category"":""Food"",""yield_qty"":""0"",""discount_application"":""B"",""container_weight"":0,""net_weight"":""6"",""gross_weight"":""6"",""tax_type"":0,""excise_duty"":0,""tax1_label"":""CGST"",""tax2_label"":""SGST"",""tax3_label"":""IGST""},{""prev_price"":""0.000000"",""item_id"":""46283567"",""itemname"":""Chocolate Spounge"",""qty"":2.4,""price"":0,""amount"":0,""discount"":""0.000"",""lbl_unit"":""Kg"",""unit"":""4037128"",""description"":"""",""hsn_code"":"""",""weighted_price"":0,""invoice_date"":""2026-07-04"",""sap_code"":"""",""purchase_doc_number"":"""",""purchase_invoice_number"":"""",""tax1"":0,""tax2"":0,""tax3"":0,""tax1_amount"":0,""tax2_amount"":0,""tax3_amount"":0,""expiry_date"":"""",""manufacturing_date"":"""",""sap_group_master_id"":0,""category"":""Food"",""yield_qty"":""0"",""discount_application"":""B"",""container_weight"":0,""net_weight"":""2.4"",""gross_weight"":""2.4"",""tax_type"":0,""excise_duty"":0,""tax1_label"":""CGST"",""tax2_label"":""SGST"",""tax3_label"":""IGST""},{""prev_price"":""0.000000"",""item_id"":""46283539"",""itemname"":""Vanilla Ice Cream"",""qty"":2,""price"":0,""amount"":0,""discount"":""0.000"",""lbl_unit"":""Kg"",""unit"":""4037128"",""description"":"""",""hsn_code"":"""",""weighted_price"":0,""invoice_date"":""2026-07-04"",""sap_code"":"""",""purchase_doc_number"":"""",""purchase_invoice_number"":"""",""tax1"":0,""tax2"":0,""tax3"":0,""tax1_amount"":0,""tax2_amount"":0,""tax3_amount"":0,""expiry_date"":"""",""manufacturing_date"":"""",""sap_group_master_id"":0,""category"":""Food"",""rmconv_qty"":""1000"",""rmconv_qty_total"":2000,""rmconv_unit_id"":""4037134"",""rmconv_unit"":""GM"",""yield_qty"":""0"",""discount_application"":""B"",""container_weight"":0,""net_weight"":""2"",""gross_weight"":""2"",""tax_type"":0,""excise_duty"":0,""tax1_label"":""CGST"",""tax2_label"":""SGST"",""tax3_label"":""IGST""},{""prev_price"":""0.000000"",""item_id"":""46283590"",""itemname"":""Tiramise Tuile"",""qty"":200,""price"":0,""amount"":0,""discount"":""0.000"",""lbl_unit"":""GM"",""unit"":""4037134"",""description"":"""",""hsn_code"":"""",""weighted_price"":0,""invoice_date"":""2026-07-04"",""sap_code"":"""",""purchase_doc_number"":"""",""purchase_invoice_number"":"""",""tax1"":0,""tax2"":0,""tax3"":0,""tax1_amount"":0,""tax2_amount"":0,""tax3_amount"":0,""expiry_date"":"""",""manufacturing_date"":"""",""sap_group_master_id"":0,""category"":""Food"",""yield_qty"":""0"",""discount_application"":""B"",""container_weight"":0,""net_weight"":""200"",""gross_weight"":0,""tax_type"":0,""excise_duty"":0,""tax1_label"":""CGST"",""tax2_label"":""SGST"",""tax3_label"":""IGST""}]",[],0,0,,,[],[],,,,,,,,,,,,,,,,,,,,,,,,,,,,,,,,,,,,,,,,,,,,,,,,,,,,,,,,,,,,,,,,,,,,,,,,,,,,,,,,,,,,,,,,,,,,,,,,,,,,,,,,,,,,,,,,,,,,,,,,,,,,,,,,,,,,,,,,,,,,,,,,,,,,,,,,,,,,,,,,,,,,,,,,,,,,,,,,,,,,,,,,,,,,,,,,,,,,,,,,,,,,,,,,,,,,,,,,,,,,,,,,,,,,,,,,,,,,,,,,,,,,,,,,,,,,,,,,,,,,,,,,,,,,,,,,,,,,,,,,,,,,,,,,,,,,,,,,,,,,,,,,,,,,,,,,,,,,,,,,,,,,,,,,,,,,,,,,,,,,,,,,,,,,,,,,,,,,,,,,,,,,,,,,,,,,,,,,,,,,,,,,,,6a491957-cc9c-4767-a765-281a3c0081b3,6a491d39-31ac-40d5-bd0a-782b3c008b09,60.0.139.9,60.0.139.9,,,,,,,,,,,,,,,,,,,,,,,,,,,,,,,,,,,,,,,,,,,,,,,,,,,,,,,,,,,,,,,,,,,,,,,,,,,,,,,,,,,,,,,,,,,,,,,,,,,,,,,,,,,,,,,,,,,,,,,,,,,,,,,,,,,,,,,,,,,,,,,,,,,,,,,,,,,,,,,,,,,,,,,,,,,,,,,,,,,,,,,,,,,,,,,,,,,,,,,,,,,,,,,,,,,,,,,,,,,,,,,,,,,,,,,,,,,,,,,,,,,,,,,,,,,,,,,,,,,,,,,,,,,,,,,,,,,,,,,,,,,,,,,,,,,,,,,,,,,,,,,,,,,,,,,,,,,,,,,,,,,,,,,,,,,,,,,,,,,,,,,,,,,,,,,,,,,,,,,,
Surat Bakery,343448,134039880,From Sales,117797898,476,,2026-07-04,260,0,Active,Unpaid,,260,0,0,0,0.00,0,0,0,0,2026-07-04 19:59:45,2026-07-04 19:59:45,376017,Kitchen,,Surat,Surat Bakery,Gujarat,,"4th-block,2nd floor,bookends hospitality,ichchapore,394210",9016168269,,,,Surat,Surat Prep Kitchen,Kitchen,,Gujarat,,"Gujarat Hira Bourse , Ichchapore",9016168269,0,,1,PO0081044328,PO0081044328,1,,0,0,0,"[{""prev_price"":""130.000000"",""item_id"":""46285387"",""itemname"":""Pineapple Peeled"",""qty"":2,""price"":130,""amount"":260,""discount"":""0.000"",""lbl_unit"":""Piece"",""unit"":""4037127"",""description"":"""",""hsn_code"":"""",""weighted_price"":130,""invoice_date"":""2026-07-04"",""sap_code"":"""",""purchase_doc_number"":"""",""purchase_invoice_number"":"""",""tax1"":0,""tax2"":0,""tax3"":0,""tax1_amount"":0,""tax2_amount"":0,""tax3_amount"":0,""expiry_date"":"""",""manufacturing_date"":"""",""actual_qty"":""2.000"",""actual_unit_id"":""4907666"",""actual_unit_name"":""Piece"",""sap_group_master_id"":0,""category"":""Food"",""yield_qty"":""0"",""discount_application"":""B"",""container_weight"":0,""net_weight"":""2"",""gross_weight"":0,""tax_type"":0,""excise_duty"":0,""tax1_label"":""CGST"",""tax2_label"":""SGST"",""tax3_label"":""IGST""}]",[],0,0,,,[],[],,,,,,,,,,,,,,,,,,,,,,,,,,,,,,,,,,,,,,,,,,,,,,,,,,,,,,,,,,,,,,,,,,,,,,,,,,,,,,,,,,,,,,,,,,,,,,,,,,,,,,,,,,,,,,,,,,,,,,,,,,,,,,,,,,,,,,,,,,,,,,,,,,,,,,,,,,,,,,,,,,,,,,,,,,,,,,,,,,,,,,,,,,,,,,,,,,,,,,,,,,,,,,,,,,,,,,,,,,,,,,,,,,,,,,,,,,,,,,,,,,,,,,,,,,,,,,,,,,,,,,,,,,,,,,,,,,,,,,,,,,,,,,,,,,,,,,,,,,,,,,,,,,,,,,,,,,,,,,,,,,,,,,,,,,,,,,,,,,,,,,,,,,,,,,,,,,,,,,,,,,,,,,,,,,,,,,,,,,,,,,,,,,,,,,6a4918bd-f31c-449b-9999-1e4a3c0081b3,60.0.158.135,,,,,,,,,,,,,,,,,,,,,,,,,,,,,,,,,,,,,,,,,,,,,,,,,,,,,,,,,,,,,,,,,,,,,,,,,,,,,,,,,,,,,,,,,,,,,,,,,,,,,,,,,,,,,,,,,,,,,,,,,,,,,,,,,,,,,,,,,,,,,,,,,,,,,,,,,,,,,,,,,,,,,,,,,,,,,,,,,,,,,,,,,,,,,,,,,,,,,,,,,,,,,,,,,,,,,,,,,,,,,,,,,,,,,,,,,,,,,,,,,,,,,,,,,,,,,,,,,,,,,,,,,,,,,,,,,,,,,,,,,,,,,,,,,,,,,,,,,,,,,,,,,,,,,,,,,,,,,,,,,,,,,,,,,,,,,,,,,,,,,,,,,,,,,,,,,,,,,,
Surat Bakery,343448,134039614,From Sales,117838470,475,,2026-07-04,1550,0,Active,Unpaid,,1550,0,0,0,0.00,0,0,0,0,2026-07-04 19:57:04,2026-07-04 19:57:04,431540,Kitchen,,Surat,Surat Bakery,Gujarat,,"4th-block,2nd floor,bookends hospitality,ichchapore,394210",9016168269,,,,Surat,UNIFORM STORE,Kitchen,,Gujarat,,SURAT,8849373682,0,,1,PO0081060918,PO0081060918,1,,0,0,0,"[{""item_id"":""46881341"",""itemname"":""Aiko Shirt (44)"",""qty"":2,""price"":775,""prev_price"":""775.000000"",""amount"":1550,""discount"":""0.000"",""lbl_unit"":""Qty"",""unit"":""4037145"",""description"":""kanika"",""hsn_code"":"""",""weighted_price"":775,""invoice_date"":""2026-07-04"",""sap_code"":"""",""purchase_doc_number"":"""",""purchase_invoice_number"":"""",""tax1"":0,""tax2"":0,""tax3"":0,""tax1_amount"":0,""tax2_amount"":0,""tax3_amount"":0,""expiry_date"":"""",""manufacturing_date"":"""",""actual_qty"":""2.000"",""actual_unit_id"":""6325305"",""actual_unit_name"":""Qty"",""sap_group_master_id"":0,""discount_application"":""B"",""container_weight"":0,""net_weight"":""2"",""gross_weight"":0,""category"":""Uniform"",""tax_type"":0,""excise_duty"":0,""tax1_label"":""CGST"",""tax2_label"":""SGST"",""tax3_label"":""IGST""}]",[],0,0,,,[],[],,,,,,,,,,,,,,,,,,,,,,,,,,,,,,,,,,,,,,,,,,,,,,,,,,,,,,,,,,,,,,,,,,,,,,,,,,,,,,,,,,,,,,,,,,,,,,,,,,,,,,,,,,,,,,,,,,,,,,,,,,,,,,,,,,,,,,,,,,,,,,,,,,,,,,,,,,,,,,,,,,,,,,,,,,,,,,,,,,,,,,,,,,,,,,,,,,,,,,,,,,,,,,,,,,,,,,,,,,,,,,,,,,,,,,,,,,,,,,,,,,,,,,,,,,,,,,,,,,,,,,,,,,,,,,,,,,,,,,,,,,,,,,,,,,,,,,,,,,,,,,,,,,,,,,,,,,,,,,,,,,,,,,,,,,,,,,,,,,,,,,,,,,,,,,,,,,,,,,,,,,,,,,,,,,,,,,,,,,,,,,,,,,,,,,,,6a49181c-a638-4e58-be7f-4a663c008b09,60.0.129.179,,,,,,,,,,,,,,,,,,,,,,,,,,,,,,,,,,,,,,,,,,,,,,,,,,,,,,,,,,,,,,,,,,,,,,,,,,,,,,,,,,,,,,,,,,,,,,,,,,,,,,,,,,,,,,,,,,,,,,,,,,,,,,,,,,,,,,,,,,,,,,,,,,,,,,,,,,,,,,,,,,,,,,,,,,,,,,,,,,,,,,,,,,,,,,,,,,,,,,,,,,,,,,,,,,,,,,,,,,,,,,,,,,,,,,,,,,,,,,,,,,,,,,,,,,,,,,,,,,,,,,,,,,,,,,,,,,,,,,,,,,,,,,,,,,,,,,,,,,,,,,,,,,,,,,,,,,,,,,,,,,,,,,,,,,,,,,,,,,,,,,,,,,,,,,,,,,,,
Surat Bakery,343448,134039573,From Sales,117844733,474,,2026-07-04,1309.74,0,Active,Unpaid,,1309.74,0,0,0,0.00,0,0,0,0,2026-07-04 19:56:28,2026-07-04 19:56:28,117185,Kitchen,,Surat,Surat Bakery,Gujarat,,"4th-block,2nd floor,bookends hospitality,ichchapore,394210",9016168269,,,,Surat,Surat Store,Kitchen,,Gujarat,,"1st Floor, Samanvay, Near Chandni Chowk, Gymkhana Rd, Piplod, Surat",9825184377,0,,1,PO0081064174,PO0081064174,1,,0,0,0,"[{""prev_price"":""41.000000"",""item_id"":""46285119"",""itemname"":""Maida"",""qty"":10,""price"":41,""amount"":410,""discount"":""0.000"",""lbl_unit"":""Kg"",""unit"":""4037128"",""description"":"""",""hsn_code"":"""",""weighted_price"":41,""invoice_date"":""2026-07-04"",""sap_code"":"""",""purchase_doc_number"":"""",""purchase_invoice_number"":"""",""tax1"":0,""tax2"":0,""tax3"":0,""tax1_amount"":0,""tax2_amount"":0,""tax3_amount"":0,""expiry_date"":"""",""manufacturing_date"":"""",""actual_qty"":""10.000"",""actual_unit_id"":""2418148"",""actual_unit_name"":""Kg"",""sap_group_master_id"":0,""category"":""Food"",""yield_qty"":""0"",""discount_application"":""B"",""container_weight"":0,""net_weight"":""10"",""gross_weight"":0,""tax_type"":0,""excise_duty"":0,""tax1_label"":""CGST"",""tax2_label"":""SGST"",""tax3_label"":""IGST""},{""prev_price"":""82.000000"",""item_id"":""46284202"",""itemname"":""Caster Sugar 1kg"",""qty"":3,""price"":0,""amount"":0,""discount"":""0.000"",""lbl_unit"":""GM"",""unit"":""4037134"",""description"":"""",""hsn_code"":"""",""weighted_price"":0,""invoice_date"":""2026-07-04"",""sap_code"":"""",""purchase_doc_number"":"""",""purchase_invoice_number"":"""",""tax1"":0,""tax2"":0,""tax3"":0,""tax1_amount"":0,""tax2_amount"":0,""tax3_amount"":0,""expiry_date"":"""",""manufacturing_date"":"""",""actual_qty"":""3.000"",""actual_unit_id"":""2418165"",""actual_unit_name"":""Qty"",""sap_group_master_id"":0,""category"":""Food"",""yield_qty"":""0"",""discount_application"":""B"",""container_weight"":0,""net_weight"":""3"",""gross_weight"":0,""tax_type"":0,""excise_duty"":0,""tax1_label"":""CGST"",""tax2_label"":""SGST"",""tax3_label"":""IGST""},{""prev_price"":""71.300000"",""item_id"":""46283582"",""itemname"":""Muscovado Sugar 500gm"",""qty"":2,""price"":71.3,""amount"":142.6,""discount"":""0.000"",""lbl_unit"":""Qty"",""unit"":""4037145"",""description"":"""",""hsn_code"":"""",""weighted_price"":71.3,""invoice_date"":""2026-07-04"",""sap_code"":"""",""purchase_doc_number"":"""",""purchase_invoice_number"":"""",""tax1"":0,""tax2"":0,""tax3"":0,""tax1_amount"":0,""tax2_amount"":0,""tax3_amount"":0,""expiry_date"":"""",""manufacturing_date"":"""",""actual_qty"":""2.000"",""actual_unit_id"":""2418165"",""actual_unit_name"":""Qty"",""sap_group_master_id"":0,""category"":""Food"",""yield_qty"":""0"",""discount_application"":""B"",""container_weight"":0,""net_weight"":""2"",""gross_weight"":0,""tax_type"":0,""excise_duty"":0,""tax1_label"":""CGST"",""tax2_label"":""SGST"",""tax3_label"":""IGST""},{""prev_price"":""151.428000"",""item_id"":""46284312"",""itemname"":""Dark Compound 500gm"",""qty"":5,""price"":151.428,""amount"":757.14,""discount"":""0.000"",""lbl_unit"":""Qty"",""unit"":""4037145"",""description"":"""",""hsn_code"":"""",""weighted_price"":151.428,""invoice_date"":""2026-07-04"",""sap_code"":"""",""purchase_doc_number"":"""",""purchase_invoice_number"":"""",""tax1"":0,""tax2"":0,""tax3"":0,""tax1_amount"":0,""tax2_amount"":0,""tax3_amount"":0,""expiry_date"":"""",""manufacturing_date"":"""",""actual_qty"":""5.000"",""actual_unit_id"":""2418165"",""actual_unit_name"":""Qty"",""sap_group_master_id"":0,""category"":""Food"",""yield_qty"":""0"",""discount_application"":""B"",""container_weight"":0,""net_weight"":""5"",""gross_weight"":0,""tax_type"":0,""excise_duty"":0,""tax1_label"":""CGST"",""tax2_label"":""SGST"",""tax3_label"":""IGST""}]",[],0,0,,,[],[],,,,,,,,,,,,,,,,,,,,,,,,,,,,,,,,,,,,,,,,,,,,,,,,,,,,,,,,,,,,,,,,,,,,,,,,,,,,,,,,,,,,,,,,,,,,,,,,,,,,,,,,,,,,,,,,,,,,,,,,,,,,,,,,,,,,,,,,,,,,,,,,,,,,,,,,,,,,,,,,,,,,,,,,,,,,,,,,,,,,,,,,,,,,,,,,,,,,,,,,,,,,,,,,,,,,,,,,,,,,,,,,,,,,,,,,,,,,,,,,,,,,,,,,,,,,,,,,,,,,,,,,,,,,,,,,,,,,,,,,,,,,,,,,,,,,,,,,,,,,,,,,,,,,,,,,,,,,,,,,,,,,,,,,,,,,,,,,,,,,,,,,,,,,,,,,,,,,,,,,,,,,,,,,,,,,,,,,,,,,,,,,,,,,,,,,,,6a4917f4-ba4c-426c-a6be-49d33c008b09,60.0.129.179,,,,,,,,,,,,,,,,,,,,,,,,,,,,,,,,,,,,,,,,,,,,,,,,,,,,,,,,,,,,,,,,,,,,,,,,,,,,,,,,,,,,,,,,,,,,,,,,,,,,,,,,,,,,,,,,,,,,,,,,,,,,,,,,,,,,,,,,,,,,,,,,,,,,,,,,,,,,,,,,,,,,,,,,,,,,,,,,,,,,,,,,,,,,,,,,,,,,,,,,,,,,,,,,,,,,,,,,,,,,,,,,,,,,,,,,,,,,,,,,,,,,,,,,,,,,,,,,,,,,,,,,,,,,,,,,,,,,,,,,,,,,,,,,,,,,,,,,,,,,,,,,,,,,,,,,,,,,,,,,,,,,,,,,,,,,,,,,,,,,,,,,,,,,,,,,,,
Surat Bakery,343448,133897546,From Sales,117715151,473,,2026-07-03,24251.281,0,Active,Unpaid,,24251.281,0,0,0,0.00,0,0,0,0,2026-07-03 16:02:38,2026-07-03 16:02:38,117185,Kitchen,,Surat,Surat Bakery,Gujarat,,"4th-block,2nd floor,bookends hospitality,ichchapore,394210",9016168269,,,,Surat,Surat Store,Kitchen,,Gujarat,,"1st Floor, Samanvay, Near Chandni Chowk, Gymkhana Rd, Piplod, Surat",9825184377,0,,1,PO0081042044,PO0081042044,1,,0,0,0,"[{""prev_price"":""271.430000"",""item_id"":""46285094"",""itemname"":""Amul Butter - 500gm"",""qty"":2,""price"":271.43,""amount"":542.86,""discount"":""0.000"",""lbl_unit"":""Qty"",""unit"":""4037145"",""description"":"""",""hsn_code"":"""",""weighted_price"":271.43,""invoice_date"":""2026-07-03"",""sap_code"":"""",""purchase_doc_number"":"""",""purchase_invoice_number"":"""",""tax1"":0,""tax2"":0,""tax3"":0,""tax1_amount"":0,""tax2_amount"":0,""tax3_amount"":0,""expiry_date"":"""",""manufacturing_date"":"""",""actual_qty"":""2.000"",""actual_unit_id"":""2418165"",""actual_unit_name"":""Qty"",""sap_group_master_id"":0,""category"":""Food"",""yield_qty"":""0"",""discount_application"":""B"",""pricing_method"":""0"",""container_weight"":0,""net_weight"":""2"",""gross_weight"":0,""tax_type"":0,""excise_duty"":0,""tax1_label"":""CGST"",""tax2_label"":""SGST"",""tax3_label"":""IGST""},{""prev_price"":""260.000000"",""item_id"":""46283788"",""itemname"":""Madhur Sugar 5 Kg"",""qty"":1,""price"":260,""amount"":260,""discount"":""0.000"",""lbl_unit"":""Qty"",""unit"":""4037145"",""description"":"""",""hsn_code"":"""",""weighted_price"":260,""invoice_date"":""2026-07-03"",""sap_code"":"""",""purchase_doc_number"":"""",""purchase_invoice_number"":"""",""tax1"":0,""tax2"":0,""tax3"":0,""tax1_amount"":0,""tax2_amount"":0,""tax3_amount"":0,""expiry_date"":"""",""manufacturing_date"":"""",""actual_qty"":""1.000"",""actual_unit_id"":""2418165"",""actual_unit_name"":""Qty"",""sap_group_master_id"":0,""category"":""Food"",""yield_qty"":""0"",""discount_application"":""B"",""container_weight"":0,""net_weight"":""1"",""gross_weight"":0,""tax_type"":0,""excise_duty"":0,""tax1_label"":""CGST"",""tax2_label"":""SGST"",""tax3_label"":""IGST""},{""prev_price"":""82.000000"",""item_id"":""46284202"",""itemname"":""Caster Sugar 1kg"",""qty"":3,""price"":0,""amount"":0,""discount"":""0.000"",""lbl_unit"":""GM"",""unit"":""4037134"",""description"":"""",""hsn_code"":"""",""weighted_price"":0,""invoice_date"":""2026-07-03"",""sap_code"":"""",""purchase_doc_number"":"""",""purchase_invoice_number"":"""",""tax1"":0,""tax2"":0,""tax3"":0,""tax1_amount"":0,""tax2_amount"":0,""tax3_amount"":0,""expiry_date"":"""",""manufacturing_date"":"""",""actual_qty"":""3.000"",""actual_unit_id"":""2418165"",""actual_unit_name"":""Qty"",""sap_group_master_id"":0,""category"":""Food"",""yield_qty"":""0"",""discount_application"":""B"",""container_weight"":0,""net_weight"":""3"",""gross_weight"":0,""tax_type"":0,""excise_duty"":0,""tax1_label"":""CGST"",""tax2_label"":""SGST"",""tax3_label"":""IGST""},{""prev_price"":""295.000000"",""item_id"":""46283662"",""itemname"":""Cocoa Powder 225gm"",""qty"":3,""price"":295,""amount"":885,""discount"":""0.000"",""lbl_unit"":""Qty"",""unit"":""4037145"",""description"":"""",""hsn_code"":"""",""weighted_price"":295,""invoice_date"":""2026-07-03"",""sap_code"":"""",""purchase_doc_number"":"""",""purchase_invoice_number"":"""",""tax1"":0,""tax2"":0,""tax3"":0,""tax1_amount"":0,""tax2_amount"":0,""tax3_amount"":0,""expiry_date"":"""",""manufacturing_date"":"""",""actual_qty"":""3.000"",""actual_unit_id"":""2418165"",""actual_unit_name"":""Qty"",""sap_group_master_id"":0,""category"":""Food"",""yield_qty"":""0"",""discount_application"":""B"",""container_weight"":0,""net_weight"":""3"",""gross_weight"":0,""tax_type"":0,""excise_duty"":0,""tax1_label"":""CGST"",""tax2_label"":""SGST"",""tax3_label"":""IGST""},{""prev_price"":""147.619000"",""item_id"":""46283743"",""itemname"":""Whipping Cream 1ltr"",""qty"":3,""price"":147.619,""amount"":442.857,""discount"":""0.000"",""lbl_unit"":""Qty"",""unit"":""4037145"",""description"":"""",""hsn_code"":"""",""weighted_price"":147.619,""invoice_date"":""2026-07-03"",""sap_code"":"""",""purchase_doc_number"":"""",""purchase_invoice_number"":"""",""tax1"":0,""tax2"":0,""tax3"":0,""tax1_amount"":0,""tax2_amount"":0,""tax3_amount"":0,""expiry_date"":"""",""manufacturing_date"":"""",""actual_qty"":""3.000"",""actual_unit_id"":""2418165"",""actual_unit_name"":""Qty"",""sap_group_master_id"":0,""category"":""Food"",""yield_qty"":""0"",""discount_application"":""B"",""container_weight"":0,""net_weight"":""3"",""gross_weight"":0,""tax_type"":0,""excise_duty"":0,""tax1_label"":""CGST"",""tax2_label"":""SGST"",""tax3_label"":""IGST""},{""prev_price"":""12000.500000"",""item_id"":""46284349"",""itemname"":""Vanilla Bean Paste 500gm"",""qty"":1,""price"":12000.5,""amount"":12000.5,""discount"":""0.000"",""lbl_unit"":""Qty"",""unit"":""4037145"",""description"":"""",""hsn_code"":"""",""weighted_price"":12000.5,""invoice_date"":""2026-07-03"",""sap_code"":"""",""purchase_doc_number"":"""",""purchase_invoice_number"":"""",""tax1"":0,""tax2"":0,""tax3"":0,""tax1_amount"":0,""tax2_amount"":0,""tax3_amount"":0,""expiry_date"":"""",""manufacturing_date"":"""",""actual_qty"":""1.000"",""actual_unit_id"":""2418165"",""actual_unit_name"":""Qty"",""sap_group_master_id"":0,""category"":""Food"",""yield_qty"":""0"",""discount_application"":""B"",""container_weight"":0,""net_weight"":""1"",""gross_weight"":0,""tax_type"":0,""excise_duty"":0,""tax1_label"":""CGST"",""tax2_label"":""SGST"",""tax3_label"":""IGST""},{""prev_price"":""151.428000"",""item_id"":""46284312"",""itemname"":""Dark Compound 500gm"",""qty"":8,""price"":151.428,""amount"":1211.424,""discount"":""0.000"",""lbl_unit"":""Qty"",""unit"":""4037145"",""description"":"""",""hsn_code"":"""",""weighted_price"":151.428,""invoice_date"":""2026-07-03"",""sap_code"":"""",""purchase_doc_number"":"""",""purchase_invoice_number"":"""",""tax1"":0,""tax2"":0,""tax3"":0,""tax1_amount"":0,""tax2_amount"":0,""tax3_amount"":0,""expiry_date"":"""",""manufacturing_date"":"""",""actual_qty"":""8.000"",""actual_unit_id"":""2418165"",""actual_unit_name"":""Qty"",""sap_group_master_id"":0,""category"":""Food"",""yield_qty"":""0"",""discount_application"":""B"",""container_weight"":0,""net_weight"":""8"",""gross_weight"":0,""tax_type"":0,""excise_duty"":0,""tax1_label"":""CGST"",""tax2_label"":""SGST"",""tax3_label"":""IGST""},{""prev_price"":""176.190000"",""item_id"":""46284310"",""itemname"":""White Compound 500gm"",""qty"":6,""price"":176.19,""amount"":1057.14,""discount"":""0.000"",""lbl_unit"":""Qty"",""unit"":""4037145"",""description"":"""",""hsn_code"":"""",""weighted_price"":176.19,""invoice_date"":""2026-07-03"",""sap_code"":"""",""purchase_doc_number"":"""",""purchase_invoice_number"":"""",""tax1"":0,""tax2"":0,""tax3"":0,""tax1_amount"":0,""tax2_amount"":0,""tax3_amount"":0,""expiry_date"":"""",""manufacturing_date"":"""",""actual_qty"":""6.000"",""actual_unit_id"":""2418165"",""actual_unit_name"":""Qty"",""sap_group_master_id"":0,""category"":""Food"",""yield_qty"":""0"",""discount_application"":""B"",""container_weight"":0,""net_weight"":""6"",""gross_weight"":0,""tax_type"":0,""excise_duty"":0,""tax1_label"":""CGST"",""tax2_label"":""SGST"",""tax3_label"":""IGST""},{""prev_price"":""2595.000000"",""item_id"":""46284453"",""itemname"":""Hazelnut Kernel 1kg"",""qty"":1,""price"":2595,""amount"":2595,""discount"":""0.000"",""lbl_unit"":""Qty"",""unit"":""4037145"",""description"":"""",""hsn_code"":"""",""weighted_price"":2595,""invoice_date"":""2026-07-03"",""sap_code"":"""",""purchase_doc_number"":"""",""purchase_invoice_number"":"""",""tax1"":0,""tax2"":0,""tax3"":0,""tax1_amount"":0,""tax2_amount"":0,""tax3_amount"":0,""expiry_date"":"""",""manufacturing_date"":"""",""actual_qty"":""1.000"",""actual_unit_id"":""2418165"",""actual_unit_name"":""Qty"",""sap_group_master_id"":0,""category"":""Food"",""yield_qty"":""0"",""discount_application"":""B"",""container_weight"":0,""net_weight"":""1"",""gross_weight"":0,""tax_type"":0,""excise_duty"":0,""tax1_label"":""CGST"",""tax2_label"":""SGST"",""tax3_label"":""IGST""},{""prev_price"":""2371.430000"",""item_id"":""46284243"",""itemname"":""Sunflower Refined Oil 13kg"",""qty"":1,""price"":2371.43,""amount"":2371.43,""discount"":""0.000"",""lbl_unit"":""Qty"",""unit"":""4037145"",""description"":"""",""hsn_code"":"""",""weighted_price"":2371.43,""invoice_date"":""2026-07-03"",""sap_code"":"""",""purchase_doc_number"":"""",""purchase_invoice_number"":"""",""tax1"":0,""tax2"":0,""tax3"":0,""tax1_amount"":0,""tax2_amount"":0,""tax3_amount"":0,""expiry_date"":"""",""manufacturing_date"":"""",""actual_qty"":""1.000"",""actual_unit_id"":""2418165"",""actual_unit_name"":""Qty"",""sap_group_master_id"":0,""category"":""Food"",""yield_qty"":""0"",""discount_application"":""B"",""container_weight"":0,""net_weight"":""1"",""gross_weight"":0,""tax_type"":0,""excise_duty"":0,""tax1_label"":""CGST"",""tax2_label"":""SGST"",""tax3_label"":""IGST""},{""prev_price"":""696.730000"",""item_id"":""46285099"",""itemname"":""Mascarpone 1kg"",""qty"":2,""price"":696.73,""amount"":1393.46,""discount"":""0.000"",""lbl_unit"":""Qty"",""unit"":""4037145"",""description"":"""",""hsn_code"":"""",""weighted_price"":696.73,""invoice_date"":""2026-07-03"",""sap_code"":"""",""purchase_doc_number"":"""",""purchase_invoice_number"":"""",""tax1"":0,""tax2"":0,""tax3"":0,""tax1_amount"":0,""tax2_amount"":0,""tax3_amount"":0,""expiry_date"":"""",""manufacturing_date"":"""",""actual_qty"":""4.000"",""actual_unit_id"":""2418165"",""actual_unit_name"":""Qty"",""sap_group_master_id"":0,""category"":""Food"",""yield_qty"":""0"",""discount_application"":""B"",""pricing_method"":""0"",""container_weight"":0,""net_weight"":""2"",""gross_weight"":0,""tax_type"":0,""excise_duty"":0,""tax1_label"":""CGST"",""tax2_label"":""SGST"",""tax3_label"":""IGST""},{""prev_price"":""190.250000"",""item_id"":""46284999"",""itemname"":""Purix Glucose Syrup 1ltr"",""qty"":2,""price"":190.25,""amount"":380.5,""discount"":""0.000"",""lbl_unit"":""Qty"",""unit"":""4037145"",""description"":"""",""hsn_code"":"""",""weighted_price"":190.25,""invoice_date"":""2026-07-03"",""sap_code"":"""",""purchase_doc_number"":"""",""purchase_invoice_number"":"""",""tax1"":0,""tax2"":0,""tax3"":0,""tax1_amount"":0,""tax2_amount"":0,""tax3_amount"":0,""expiry_date"":"""",""manufacturing_date"":"""",""actual_qty"":""2.000"",""actual_unit_id"":""2418165"",""actual_unit_name"":""Qty"",""sap_group_master_id"":0,""category"":""Food"",""yield_qty"":""0"",""discount_application"":""B"",""container_weight"":0,""net_weight"":""2"",""gross_weight"":0,""tax_type"":0,""excise_duty"":0,""tax1_label"":""CGST"",""tax2_label"":""SGST"",""tax3_label"":""IGST""},{""prev_price"":""89.830500"",""item_id"":""46284734"",""itemname"":""Piping Bag"",""qty"":1,""price"":89.8305,""amount"":89.831,""discount"":""0.000"",""lbl_unit"":""Pkts"",""unit"":""4037135"",""description"":"""",""hsn_code"":"""",""weighted_price"":89.8305,""invoice_date"":""2026-07-03"",""sap_code"":"""",""purchase_doc_number"":"""",""purchase_invoice_number"":"""",""tax1"":0,""tax2"":0,""tax3"":0,""tax1_amount"":0,""tax2_amount"":0,""tax3_amount"":0,""expiry_date"":"""",""manufacturing_date"":"""",""actual_qty"":""1.000"",""actual_unit_id"":""2418155"",""actual_unit_name"":""Pkts"",""sap_group_master_id"":0,""category"":""Packaging"",""yield_qty"":""0"",""discount_application"":""B"",""container_weight"":0,""net_weight"":""1"",""gross_weight"":0,""tax_type"":0,""excise_duty"":0,""tax1_label"":""CGST"",""tax2_label"":""SGST"",""tax3_label"":""IGST""},{""prev_price"":""20.953000"",""item_id"":""46284102"",""itemname"":""Cake Box"",""qty"":15,""price"":20.953,""amount"":314.295,""discount"":""0.000"",""lbl_unit"":""pcs"",""unit"":""5357421"",""description"":"""",""hsn_code"":"""",""weighted_price"":20.953,""invoice_date"":""2026-07-03"",""sap_code"":"""",""purchase_doc_number"":"""",""purchase_invoice_number"":"""",""tax1"":0,""tax2"":0,""tax3"":0,""tax1_amount"":0,""tax2_amount"":0,""tax3_amount"":0,""expiry_date"":"""",""manufacturing_date"":"""",""actual_qty"":""15.000"",""actual_unit_id"":""2418167"",""actual_unit_name"":""pcs"",""sap_group_master_id"":0,""category"":""Packaging"",""yield_qty"":""0"",""discount_application"":""B"",""container_weight"":0,""net_weight"":""15"",""gross_weight"":0,""tax_type"":0,""excise_duty"":0,""tax1_label"":""CGST"",""tax2_label"":""SGST"",""tax3_label"":""IGST""},{""prev_price"":""169.492000"",""item_id"":""46284735"",""itemname"":""Ecobake"",""qty"":2,""price"":169.492,""amount"":338.984,""discount"":""0.000"",""lbl_unit"":""Qty"",""unit"":""4037145"",""description"":"""",""hsn_code"":"""",""weighted_price"":169.492,""invoice_date"":""2026-07-03"",""sap_code"":"""",""purchase_doc_number"":"""",""purchase_invoice_number"":"""",""tax1"":0,""tax2"":0,""tax3"":0,""tax1_amount"":0,""tax2_amount"":0,""tax3_amount"":0,""expiry_date"":"""",""manufacturing_date"":"""",""actual_qty"":""2.000"",""actual_unit_id"":""2418165"",""actual_unit_name"":""Qty"",""sap_group_master_id"":0,""category"":""Packaging"",""yield_qty"":""0"",""discount_application"":""B"",""container_weight"":0,""net_weight"":""2"",""gross_weight"":0,""tax_type"":0,""excise_duty"":0,""tax1_label"":""CGST"",""tax2_label"":""SGST"",""tax3_label"":""IGST""},{""prev_price"":""177.000000"",""item_id"":""46284771"",""itemname"":""Kitchen Roll"",""qty"":2,""price"":177,""amount"":354,""discount"":""0.000"",""lbl_unit"":""Qty"",""unit"":""4037145"",""description"":"""",""hsn_code"":"""",""weighted_price"":177,""invoice_date"":""2026-07-03"",""sap_code"":"""",""purchase_doc_number"":"""",""purchase_invoice_number"":"""",""tax1"":0,""tax2"":0,""tax3"":0,""tax1_amount"":0,""tax2_amount"":0,""tax3_amount"":0,""expiry_date"":"""",""manufacturing_date"":"""",""actual_qty"":""2.000"",""actual_unit_id"":""2418165"",""actual_unit_name"":""Qty"",""sap_group_master_id"":0,""category"":""Housekeeping Hygiene"",""yield_qty"":""0"",""discount_application"":""B"",""container_weight"":0,""net_weight"":""2"",""gross_weight"":0,""tax_type"":0,""excise_duty"":0,""tax1_label"":""CGST"",""tax2_label"":""SGST"",""tax3_label"":""IGST""},{""prev_price"":""14.000000"",""item_id"":""46283960"",""itemname"":""Tooth Pick"",""qty"":1,""price"":14,""amount"":14,""discount"":""0.000"",""lbl_unit"":""Qty"",""unit"":""4037145"",""description"":"""",""hsn_code"":"""",""weighted_price"":14,""invoice_date"":""2026-07-03"",""sap_code"":"""",""purchase_doc_number"":"""",""purchase_invoice_number"":"""",""tax1"":0,""tax2"":0,""tax3"":0,""tax1_amount"":0,""tax2_amount"":0,""tax3_amount"":0,""expiry_date"":"""",""manufacturing_date"":"""",""sap_group_master_id"":0,""category"":""Packaging"",""yield_qty"":""0"",""discount_application"":""B"",""container_weight"":0,""net_weight"":""1"",""gross_weight"":0,""tax_type"":0,""excise_duty"":0,""tax1_label"":""CGST"",""tax2_label"":""SGST"",""tax3_label"":""IGST""}]",[],0,0,,,[],[],,,,,,,,,,,,,,,,,,,,,,,,,,,,,,,,,,,,,,,,,,,,,,,,,,,,,,,,,,,,,,,,,,,,,,,,,,,,,,,,,,,,,,,,,,,,,,,,,,,,,,,,,,,,,,,,,,,,,,,,,,,,,,,,,,,,,,,,,,,,,,,,,,,,,,,,,,,,,,,,,,,,,,,,,,,,,,,,,,,,,,,,,,,,,,,,,,,,,,,,,,,,,,,,,,,,,,,,,,,,,,,,,,,,,,,,,,,,,,,,,,,,,,,,,,,,,,,,,,,,,,,,,,,,,,,,,,,,,,,,,,,,,,,,,,,,,,,,,,,,,,,,,,,,,,,,,,,,,,,,,,,,,,,,,,,,,,,,,,,,,,,,,,,,,,,,,,,,,,,,,,,,,,,,,,,,,,,,,,,,,,,,,,,,,,,,,,,,6a478fa4-44e8-4f43-8b98-37343c008fd9,60.0.143.217,,,,,,,,,,,,,,,,,,,,,,,,,,,,,,,,,,,,,,,,,,,,,,,,,,,,,,,,,,,,,,,,,,,,,,,,,,,,,,,,,,,,,,,,,,,,,,,,,,,,,,,,,,,,,,,,,,,,,,,,,,,,,,,,,,,,,,,,,,,,,,,,,,,,,,,,,,,,,,,,,,,,,,,,,,,,,,,,,,,,,,,,,,,,,,,,,,,,,,,,,,,,,,,,,,,,,,,,,,,,,,,,,,,,,,,,,,,,,,,,,,,,,,,,,,,,,,,,,,,,,,,,,,,,,,,,,,,,,,,,,,,,,,,,,,,,,,,,,,,,,,,,,,,,,,,,,,,,,,,,,,,,,,,,,,,,,,,,,,,,,,,,,,,,,,,,
Surat Bakery,343448,133897441,From Sales,117746313,472,,2026-07-03,210,0,Active,Unpaid,,210,0,0,0,0.00,0,0,0,0,2026-07-03 16:01:51,2026-07-03 16:01:51,117185,Kitchen,,Surat,Surat Bakery,Gujarat,,"4th-block,2nd floor,bookends hospitality,ichchapore,394210",9016168269,,,,Surat,Surat Store,Kitchen,,Gujarat,,"1st Floor, Samanvay, Near Chandni Chowk, Gymkhana Rd, Piplod, Surat",9825184377,0,,1,,,1,,0,0,0,"[{""prev_price"":""70.000000"",""item_id"":""46284674"",""itemname"":""Dry Ice"",""qty"":3,""price"":70,""amount"":210,""discount"":""0.000"",""lbl_unit"":""Kg"",""unit"":""4037128"",""description"":"""",""hsn_code"":"""",""weighted_price"":70,""invoice_date"":""2026-07-03"",""sap_code"":"""",""purchase_doc_number"":"""",""purchase_invoice_number"":"""",""tax1"":0,""tax2"":0,""tax3"":0,""tax1_amount"":0,""tax2_amount"":0,""tax3_amount"":0,""expiry_date"":"""",""manufacturing_date"":"""",""sap_group_master_id"":0,""category"":""Packaging"",""rmconv_qty"":""1000"",""rmconv_qty_total"":3000,""rmconv_unit_id"":""4037134"",""rmconv_unit"":""GM"",""yield_qty"":""0"",""discount_application"":""B"",""container_weight"":0,""net_weight"":""3"",""gross_weight"":0,""tax_type"":0,""excise_duty"":0,""tax1_label"":""CGST"",""tax2_label"":""SGST"",""tax3_label"":""IGST""}]",[],0,0,,,[],[],,,,,,,,,,,,,,,,,,,,,,,,,,,,,,,,,,,,,,,,,,,,,,,,,,,,,,,,,,,,,,,,,,,,,,,,,,,,,,,,,,,,,,,,,,,,,,,,,,,,,,,,,,,,,,,,,,,,,,,,,,,,,,,,,,,,,,,,,,,,,,,,,,,,,,,,,,,,,,,,,,,,,,,,,,,,,,,,,,,,,,,,,,,,,,,,,,,,,,,,,,,,,,,,,,,,,,,,,,,,,,,,,,,,,,,,,,,,,,,,,,,,,,,,,,,,,,,,,,,,,,,,,,,,,,,,,,,,,,,,,,,,,,,,,,,,,,,,,,,,,,,,,,,,,,,,,,,,,,,,,,,,,,,,,,,,,,,,,,,,,,,,,,,,,,,,,,,,,,,,,,,,,,,,,,,,,,,,,,,,,,,,,,,,,,,,,,,,,,6a478f7b-f718-4dd1-b2fc-24f43c008fd9,60.0.157.232,,,,,,,,,,,,,,,,,,,,,,,,,,,,,,,,,,,,,,,,,,,,,,,,,,,,,,,,,,,,,,,,,,,,,,,,,,,,,,,,,,,,,,,,,,,,,,,,,,,,,,,,,,,,,,,,,,,,,,,,,,,,,,,,,,,,,,,,,,,,,,,,,,,,,,,,,,,,,,,,,,,,,,,,,,,,,,,,,,,,,,,,,,,,,,,,,,,,,,,,,,,,,,,,,,,,,,,,,,,,,,,,,,,,,,,,,,,,,,,,,,,,,,,,,,,,,,,,,,,,,,,,,,,,,,,,,,,,,,,,,,,,,,,,,,,,,,,,,,,,,,,,,,,,,,,,,,,,,,,,,,,,,,,,,,,,,,,,,,,,,,,,,,,,,,
Surat Bakery,343448,133896273,Normal,,471,,2026-07-03,13340,0,Active,Unpaid,,13340,0,0,0,0.00,0,0,0,0,2026-07-03 15:53:54,2026-07-03 15:59:07,117185,Kitchen,,Surat,Surat Bakery,Gujarat,,"4th-block,2nd floor,bookends hospitality,ichchapore,394210",9016168269,,,,Surat,Surat Store,Kitchen,,Gujarat,,"1st Floor, Samanvay, Near Chandni Chowk, Gymkhana Rd, Piplod, Surat",9825184377,0,,,,,1,,0,0,0,"[{""prev_price"":""580.000000"",""item_id"":""46283610"",""itemname"":""Tiramisu"",""qty"":5,""price"":580,""amount"":2900,""discount"":""0.000"",""lbl_unit"":""Piece"",""unit"":""4037127"",""description"":"""",""hsn_code"":"""",""weighted_price"":580,""invoice_date"":""2026-07-03"",""sap_code"":"""",""purchase_doc_number"":"""",""purchase_invoice_number"":"""",""tax1"":0,""tax2"":0,""tax3"":0,""tax1_amount"":0,""tax2_amount"":0,""tax3_amount"":0,""expiry_date"":"""",""manufacturing_date"":"""",""sap_group_master_id"":0,""category"":""Food"",""yield_qty"":""0"",""discount_application"":""B"",""container_weight"":0,""net_weight"":""5"",""gross_weight"":""5"",""tax_type"":0,""excise_duty"":0,""tax1_label"":""CGST"",""tax2_label"":""SGST"",""tax3_label"":""IGST""},{""prev_price"":""0.000000"",""item_id"":""46283459"",""itemname"":""Take Away Tiramisu"",""qty"":3,""price"":0,""amount"":0,""discount"":""0.000"",""lbl_unit"":""pcs"",""unit"":""5357421"",""description"":"""",""hsn_code"":"""",""weighted_price"":0,""invoice_date"":""2026-07-03"",""sap_code"":"""",""purchase_doc_number"":"""",""purchase_invoice_number"":"""",""tax1"":0,""tax2"":0,""tax3"":0,""tax1_amount"":0,""tax2_amount"":0,""tax3_amount"":0,""expiry_date"":"""",""manufacturing_date"":"""",""sap_group_master_id"":0,""category"":""Food"",""yield_qty"":""0"",""discount_application"":""B"",""container_weight"":0,""net_weight"":""3"",""gross_weight"":""3"",""tax_type"":0,""excise_duty"":0,""tax1_label"":""CGST"",""tax2_label"":""SGST"",""tax3_label"":""IGST""},{""prev_price"":""580.000000"",""item_id"":""46283565"",""itemname"":""Pistachio Mousse Cake"",""qty"":5,""price"":580,""amount"":2900,""discount"":""0.000"",""lbl_unit"":""Piece"",""unit"":""4037127"",""description"":"""",""hsn_code"":"""",""weighted_price"":580,""invoice_date"":""2026-07-03"",""sap_code"":"""",""purchase_doc_number"":"""",""purchase_invoice_number"":"""",""tax1"":0,""tax2"":0,""tax3"":0,""tax1_amount"":0,""tax2_amount"":0,""tax3_amount"":0,""expiry_date"":"""",""manufacturing_date"":"""",""sap_group_master_id"":0,""category"":""Food"",""yield_qty"":""0"",""discount_application"":""B"",""container_weight"":0,""net_weight"":""5"",""gross_weight"":""5"",""tax_type"":0,""excise_duty"":0,""tax1_label"":""CGST"",""tax2_label"":""SGST"",""tax3_label"":""IGST""},{""prev_price"":""0.000000"",""item_id"":""46283816"",""itemname"":""Chocolate Mousse Cake"",""qty"":5,""price"":0,""amount"":0,""discount"":""0.000"",""lbl_unit"":""pcs"",""unit"":""5357421"",""description"":"""",""hsn_code"":"""",""weighted_price"":0,""invoice_date"":""2026-07-03"",""sap_code"":"""",""purchase_doc_number"":"""",""purchase_invoice_number"":"""",""tax1"":0,""tax2"":0,""tax3"":0,""tax1_amount"":0,""tax2_amount"":0,""tax3_amount"":0,""expiry_date"":"""",""manufacturing_date"":"""",""sap_group_master_id"":0,""category"":""Food"",""yield_qty"":""0"",""discount_application"":""B"",""container_weight"":0,""net_weight"":""5"",""gross_weight"":""5"",""tax_type"":0,""excise_duty"":0,""tax1_label"":""CGST"",""tax2_label"":""SGST"",""tax3_label"":""IGST""},{""prev_price"":""0.000000"",""item_id"":""46283805"",""itemname"":""Cassata"",""qty"":6,""price"":0,""amount"":0,""discount"":""0.000"",""lbl_unit"":""pcs"",""unit"":""5357421"",""description"":"""",""hsn_code"":"""",""weighted_price"":0,""invoice_date"":""2026-07-03"",""sap_code"":"""",""purchase_doc_number"":"""",""purchase_invoice_number"":"""",""tax1"":0,""tax2"":0,""tax3"":0,""tax1_amount"":0,""tax2_amount"":0,""tax3_amount"":0,""expiry_date"":"""",""manufacturing_date"":"""",""sap_group_master_id"":0,""category"":""Food"",""yield_qty"":""0"",""discount_application"":""B"",""container_weight"":0,""net_weight"":""6"",""gross_weight"":""6"",""tax_type"":0,""excise_duty"":0,""tax1_label"":""CGST"",""tax2_label"":""SGST"",""tax3_label"":""IGST""},{""prev_price"":""580.000000"",""item_id"":""46283566"",""itemname"":""Sticky Toffee Pudding"",""qty"":5,""price"":580,""amount"":2900,""discount"":""0.000"",""lbl_unit"":""Piece"",""unit"":""4037127"",""description"":"""",""hsn_code"":"""",""weighted_price"":580,""invoice_date"":""2026-07-03"",""sap_code"":"""",""purchase_doc_number"":"""",""purchase_invoice_number"":"""",""tax1"":0,""tax2"":0,""tax3"":0,""tax1_amount"":0,""tax2_amount"":0,""tax3_amount"":0,""expiry_date"":"""",""manufacturing_date"":"""",""sap_group_master_id"":0,""category"":""Food"",""yield_qty"":""0"",""discount_application"":""B"",""container_weight"":0,""net_weight"":""5"",""gross_weight"":""5"",""tax_type"":0,""excise_duty"":0,""tax1_label"":""CGST"",""tax2_label"":""SGST"",""tax3_label"":""IGST""},{""prev_price"":""0.000000"",""item_id"":""46307174"",""itemname"":""Dark Muscovado Caramel"",""qty"":300,""price"":0,""amount"":0,""discount"":""0.000"",""lbl_unit"":""GM"",""unit"":""4037134"",""description"":"""",""hsn_code"":"""",""weighted_price"":0,""invoice_date"":""2026-07-03"",""sap_code"":"""",""purchase_doc_number"":"""",""purchase_invoice_number"":"""",""tax1"":0,""tax2"":0,""tax3"":0,""tax1_amount"":0,""tax2_amount"":0,""tax3_amount"":0,""expiry_date"":"""",""manufacturing_date"":"""",""sap_group_master_id"":0,""category"":""Food"",""rmconv_qty"":""1000"",""rmconv_qty_total"":0.3,""rmconv_unit_id"":""4037128"",""rmconv_unit"":""Kg"",""yield_qty"":""0"",""discount_application"":""B"",""container_weight"":0,""net_weight"":""300"",""gross_weight"":""300"",""tax_type"":0,""excise_duty"":0,""tax1_label"":""CGST"",""tax2_label"":""SGST"",""tax3_label"":""IGST""},{""prev_price"":""0.000000"",""item_id"":""46283460"",""itemname"":""Cake Slice"",""qty"":24,""price"":0,""amount"":0,""discount"":""0.000"",""lbl_unit"":""pcs"",""unit"":""5357421"",""description"":"""",""hsn_code"":"""",""weighted_price"":0,""invoice_date"":""2026-07-03"",""sap_code"":"""",""purchase_doc_number"":"""",""purchase_invoice_number"":"""",""tax1"":0,""tax2"":0,""tax3"":0,""tax1_amount"":0,""tax2_amount"":0,""tax3_amount"":0,""expiry_date"":"""",""manufacturing_date"":"""",""sap_group_master_id"":0,""category"":""Food"",""yield_qty"":""0"",""discount_application"":""B"",""container_weight"":0,""net_weight"":""24"",""gross_weight"":""24"",""tax_type"":0,""excise_duty"":0,""tax1_label"":""CGST"",""tax2_label"":""SGST"",""tax3_label"":""IGST""},{""prev_price"":""0.000000"",""item_id"":""46283815"",""itemname"":""Crunchy Crisp"",""qty"":300,""price"":0,""amount"":0,""discount"":""0.000"",""lbl_unit"":""GM"",""unit"":""4037134"",""description"":"""",""hsn_code"":"""",""weighted_price"":0,""invoice_date"":""2026-07-03"",""sap_code"":"""",""purchase_doc_number"":"""",""purchase_invoice_number"":"""",""tax1"":0,""tax2"":0,""tax3"":0,""tax1_amount"":0,""tax2_amount"":0,""tax3_amount"":0,""expiry_date"":"""",""manufacturing_date"":"""",""sap_group_master_id"":0,""category"":""Food"",""yield_qty"":""0"",""discount_application"":""B"",""container_weight"":0,""net_weight"":""300"",""gross_weight"":""300"",""tax_type"":0,""excise_duty"":0,""tax1_label"":""CGST"",""tax2_label"":""SGST"",""tax3_label"":""IGST""},{""prev_price"":""0.000000"",""item_id"":""46283807"",""itemname"":""Caramelised Custard"",""qty"":300,""price"":0,""amount"":0,""discount"":""0.000"",""lbl_unit"":""GM"",""unit"":""4037134"",""description"":"""",""hsn_code"":"""",""weighted_price"":0,""invoice_date"":""2026-07-03"",""sap_code"":"""",""purchase_doc_number"":"""",""purchase_invoice_number"":"""",""tax1"":0,""tax2"":0,""tax3"":0,""tax1_amount"":0,""tax2_amount"":0,""tax3_amount"":0,""expiry_date"":"""",""manufacturing_date"":"""",""sap_group_master_id"":0,""category"":""Food"",""yield_qty"":""0"",""discount_application"":""B"",""container_weight"":0,""net_weight"":""300"",""gross_weight"":""300"",""tax_type"":0,""excise_duty"":0,""tax1_label"":""CGST"",""tax2_label"":""SGST"",""tax3_label"":""IGST""},{""prev_price"":""0.000000"",""item_id"":""46285679"",""itemname"":""Mango Jam"",""qty"":300,""price"":0,""amount"":0,""discount"":""0.000"",""lbl_unit"":""GM"",""unit"":""4037134"",""description"":"""",""hsn_code"":"""",""weighted_price"":0,""invoice_date"":""2026-07-03"",""sap_code"":"""",""purchase_doc_number"":"""",""purchase_invoice_number"":"""",""tax1"":0,""tax2"":0,""tax3"":0,""tax1_amount"":0,""tax2_amount"":0,""tax3_amount"":0,""expiry_date"":"""",""manufacturing_date"":"""",""sap_group_master_id"":0,""category"":""Food"",""rmconv_qty"":""1000"",""rmconv_qty_total"":0.3,""rmconv_unit_id"":""4037128"",""rmconv_unit"":""Kg"",""yield_qty"":""0"",""discount_application"":""B"",""container_weight"":0,""net_weight"":""300"",""gross_weight"":""300"",""tax_type"":0,""excise_duty"":0,""tax1_label"":""CGST"",""tax2_label"":""SGST"",""tax3_label"":""IGST""},{""prev_price"":""0.000000"",""item_id"":""46283812"",""itemname"":""Mango Mousse"",""qty"":300,""price"":0,""amount"":0,""discount"":""0.000"",""lbl_unit"":""GM"",""unit"":""4037134"",""description"":"""",""hsn_code"":"""",""weighted_price"":0,""invoice_date"":""2026-07-03"",""sap_code"":"""",""purchase_doc_number"":"""",""purchase_invoice_number"":"""",""tax1"":0,""tax2"":0,""tax3"":0,""tax1_amount"":0,""tax2_amount"":0,""tax3_amount"":0,""expiry_date"":"""",""manufacturing_date"":"""",""sap_group_master_id"":0,""category"":""Food"",""yield_qty"":""0"",""discount_application"":""B"",""container_weight"":0,""net_weight"":""300"",""gross_weight"":""300"",""tax_type"":0,""excise_duty"":0,""tax1_label"":""CGST"",""tax2_label"":""SGST"",""tax3_label"":""IGST""},{""prev_price"":""0.000000"",""item_id"":""46283811"",""itemname"":""Aam Ras"",""qty"":200,""price"":0,""amount"":0,""discount"":""0.000"",""lbl_unit"":""GM"",""unit"":""4037134"",""description"":"""",""hsn_code"":"""",""weighted_price"":0,""invoice_date"":""2026-07-03"",""sap_code"":"""",""purchase_doc_number"":"""",""purchase_invoice_number"":"""",""tax1"":0,""tax2"":0,""tax3"":0,""tax1_amount"":0,""tax2_amount"":0,""tax3_amount"":0,""expiry_date"":"""",""manufacturing_date"":"""",""sap_group_master_id"":0,""category"":""Food"",""yield_qty"":""0"",""discount_application"":""B"",""container_weight"":0,""net_weight"":""200"",""gross_weight"":""200"",""tax_type"":0,""excise_duty"":0,""tax1_label"":""CGST"",""tax2_label"":""SGST"",""tax3_label"":""IGST""},{""prev_price"":""0.000000"",""item_id"":""46283605"",""itemname"":""Whipped Cream"",""qty"":200,""price"":0,""amount"":0,""discount"":""0.000"",""lbl_unit"":""GM"",""unit"":""4037134"",""description"":"""",""hsn_code"":"""",""weighted_price"":0,""invoice_date"":""2026-07-03"",""sap_code"":"""",""purchase_doc_number"":"""",""purchase_invoice_number"":"""",""tax1"":0,""tax2"":0,""tax3"":0,""tax1_amount"":0,""tax2_amount"":0,""tax3_amount"":0,""expiry_date"":"""",""manufacturing_date"":"""",""sap_group_master_id"":0,""category"":""Food"",""yield_qty"":""0"",""discount_application"":""B"",""container_weight"":0,""net_weight"":""200"",""gross_weight"":""200"",""tax_type"":0,""excise_duty"":0,""tax1_label"":""CGST"",""tax2_label"":""SGST"",""tax3_label"":""IGST""},{""prev_price"":""580.000000"",""item_id"":""46283559"",""itemname"":""Ferrero Crunch"",""qty"":4,""price"":580,""amount"":2320,""discount"":""0.000"",""lbl_unit"":""Piece"",""unit"":""4037127"",""description"":"""",""hsn_code"":"""",""weighted_price"":580,""invoice_date"":""2026-07-03"",""sap_code"":"""",""purchase_doc_number"":"""",""purchase_invoice_number"":"""",""tax1"":0,""tax2"":0,""tax3"":0,""tax1_amount"":0,""tax2_amount"":0,""tax3_amount"":0,""expiry_date"":"""",""manufacturing_date"":"""",""sap_group_master_id"":0,""category"":""Food"",""yield_qty"":""0"",""discount_application"":""B"",""container_weight"":0,""net_weight"":""4"",""gross_weight"":""4"",""tax_type"":0,""excise_duty"":0,""tax1_label"":""CGST"",""tax2_label"":""SGST"",""tax3_label"":""IGST""},{""prev_price"":""0.000000"",""item_id"":""46283543"",""itemname"":""Chocolate Ganache"",""qty"":100,""price"":0,""amount"":0,""discount"":""0.000"",""lbl_unit"":""GM"",""unit"":""4037134"",""description"":"""",""hsn_code"":"""",""weighted_price"":0,""invoice_date"":""2026-07-03"",""sap_code"":"""",""purchase_doc_number"":"""",""purchase_invoice_number"":"""",""tax1"":0,""tax2"":0,""tax3"":0,""tax1_amount"":0,""tax2_amount"":0,""tax3_amount"":0,""expiry_date"":"""",""manufacturing_date"":"""",""sap_group_master_id"":0,""category"":""Food"",""yield_qty"":""0"",""discount_application"":""B"",""container_weight"":0,""net_weight"":""100"",""gross_weight"":""100"",""tax_type"":0,""excise_duty"":0,""tax1_label"":""CGST"",""tax2_label"":""SGST"",""tax3_label"":""IGST""},{""prev_price"":""0.000000"",""item_id"":""46285680"",""itemname"":""Vanilla Cream"",""qty"":400,""price"":0,""amount"":0,""discount"":""0.000"",""lbl_unit"":""GM"",""unit"":""4037134"",""description"":"""",""hsn_code"":"""",""weighted_price"":0,""invoice_date"":""2026-07-03"",""sap_code"":"""",""purchase_doc_number"":"""",""purchase_invoice_number"":"""",""tax1"":0,""tax2"":0,""tax3"":0,""tax1_amount"":0,""tax2_amount"":0,""tax3_amount"":0,""expiry_date"":"""",""manufacturing_date"":"""",""sap_group_master_id"":0,""category"":""Food"",""rmconv_qty"":""1000"",""rmconv_qty_total"":0.4,""rmconv_unit_id"":""4037128"",""rmconv_unit"":""Kg"",""yield_qty"":""0"",""discount_application"":""B"",""container_weight"":0,""net_weight"":""400"",""gross_weight"":""400"",""tax_type"":0,""excise_duty"":0,""tax1_label"":""CGST"",""tax2_label"":""SGST"",""tax3_label"":""IGST""},{""prev_price"":""580.000000"",""item_id"":""46283560"",""itemname"":""Mango Tres Leches"",""qty"":4,""price"":580,""amount"":2320,""discount"":""0.000"",""lbl_unit"":""Piece"",""unit"":""4037127"",""description"":"""",""hsn_code"":"""",""weighted_price"":580,""invoice_date"":""2026-07-03"",""sap_code"":"""",""purchase_doc_number"":"""",""purchase_invoice_number"":"""",""tax1"":0,""tax2"":0,""tax3"":0,""tax1_amount"":0,""tax2_amount"":0,""tax3_amount"":0,""expiry_date"":"""",""manufacturing_date"":"""",""sap_group_master_id"":0,""category"":""Food"",""yield_qty"":""0"",""discount_application"":""B"",""container_weight"":0,""net_weight"":""4"",""gross_weight"":""4"",""tax_type"":0,""excise_duty"":0,""tax1_label"":""CGST"",""tax2_label"":""SGST"",""tax3_label"":""IGST""},{""prev_price"":""0.000000"",""item_id"":""46285681"",""itemname"":""Mango Milk"",""qty"":600,""price"":0,""amount"":0,""discount"":""0.000"",""lbl_unit"":""GM"",""unit"":""4037134"",""description"":"""",""hsn_code"":"""",""weighted_price"":0,""invoice_date"":""2026-07-03"",""sap_code"":"""",""purchase_doc_number"":"""",""purchase_invoice_number"":"""",""tax1"":0,""tax2"":0,""tax3"":0,""tax1_amount"":0,""tax2_amount"":0,""tax3_amount"":0,""expiry_date"":"""",""manufacturing_date"":"""",""sap_group_master_id"":0,""category"":""Food"",""rmconv_qty"":""1000"",""rmconv_qty_total"":0.6,""rmconv_unit_id"":""4037128"",""rmconv_unit"":""Kg"",""yield_qty"":""0"",""discount_application"":""B"",""container_weight"":0,""net_weight"":""600"",""gross_weight"":""600"",""tax_type"":0,""excise_duty"":0,""tax1_label"":""CGST"",""tax2_label"":""SGST"",""tax3_label"":""IGST""},{""prev_price"":""0.000000"",""item_id"":""46283567"",""itemname"":""Chocolate Spounge"",""qty"":2.4,""price"":0,""amount"":0,""discount"":""0.000"",""lbl_unit"":""Kg"",""unit"":""4037128"",""description"":"""",""hsn_code"":"""",""weighted_price"":0,""invoice_date"":""2026-07-03"",""sap_code"":"""",""purchase_doc_number"":"""",""purchase_invoice_number"":"""",""tax1"":0,""tax2"":0,""tax3"":0,""tax1_amount"":0,""tax2_amount"":0,""tax3_amount"":0,""expiry_date"":"""",""manufacturing_date"":"""",""sap_group_master_id"":0,""category"":""Food"",""yield_qty"":""0"",""discount_application"":""B"",""container_weight"":0,""net_weight"":""2.4"",""gross_weight"":""2.4"",""tax_type"":0,""excise_duty"":0,""tax1_label"":""CGST"",""tax2_label"":""SGST"",""tax3_label"":""IGST""},{""prev_price"":""0.000000"",""item_id"":""46283611"",""itemname"":""Choclate Nut Tub Cake"",""qty"":3,""price"":0,""amount"":0,""discount"":""0.000"",""lbl_unit"":""BOX"",""unit"":""4037140"",""description"":"""",""hsn_code"":"""",""weighted_price"":0,""invoice_date"":""2026-07-03"",""sap_code"":"""",""purchase_doc_number"":"""",""purchase_invoice_number"":"""",""tax1"":0,""tax2"":0,""tax3"":0,""tax1_amount"":0,""tax2_amount"":0,""tax3_amount"":0,""expiry_date"":"""",""manufacturing_date"":"""",""sap_group_master_id"":0,""category"":""Food"",""yield_qty"":""0"",""discount_application"":""B"",""container_weight"":0,""net_weight"":""3"",""gross_weight"":""3"",""tax_type"":0,""excise_duty"":0,""tax1_label"":""CGST"",""tax2_label"":""SGST"",""tax3_label"":""IGST""},{""prev_price"":""0.000000"",""item_id"":""46283556"",""itemname"":""Babi Pista Mousse"",""qty"":100,""price"":0,""amount"":0,""discount"":""0.000"",""lbl_unit"":""GM"",""unit"":""4037134"",""description"":"""",""hsn_code"":"""",""weighted_price"":0,""invoice_date"":""2026-07-03"",""sap_code"":"""",""purchase_doc_number"":"""",""purchase_invoice_number"":"""",""tax1"":0,""tax2"":0,""tax3"":0,""tax1_amount"":0,""tax2_amount"":0,""tax3_amount"":0,""expiry_date"":"""",""manufacturing_date"":"""",""sap_group_master_id"":0,""category"":""Food"",""rmconv_qty"":""1000"",""rmconv_qty_total"":0.1,""rmconv_unit_id"":""4037128"",""rmconv_unit"":""Kg"",""yield_qty"":""0"",""discount_application"":""B"",""container_weight"":0,""net_weight"":""100"",""gross_weight"":0,""tax_type"":0,""excise_duty"":0,""tax1_label"":""CGST"",""tax2_label"":""SGST"",""tax3_label"":""IGST""}]",[],0,0,,,[],[],,,,,,,,,,,,,,,,,,,,,,,,,,,,,,,,,,,,,,,,,,,,,,,,,,,,,,,,,,,,,,,,,,,,,,,,,,,,,,,,,,,,,,,,,,,,,,,,,,,,,,,,,,,,,,,,,,,,,,,,,,,,,,,,,,,,,,,,,,,,,,,,,,,,,,,,,,,,,,,,,,,,,,,,,,,,,,,,,,,,,,,,,,,,,,,,,,,,,,,,,,,,,,,,,,,,,,,,,,,,,,,,,,,,,,,,,,,,,,,,,,,,,,,,,,,,,,,,,,,,,,,,,,,,,,,,,,,,,,,,,,,,,,,,,,,,,,,,,,,,,,,,,,,,,,,,,,,,,,,,,,,,,,,,,,,,,,,,,,,,,,,,,,,,,,,,,,,,,,,,,,,,,,,,,,,,,,,,,,,,,,,,,,,,,,,,,,,,,,,,6a478a5e-6c08-4fde-afdf-53173c0082a9,6a478dc0-8f08-4f1f-af34-58be3c009e87,6a478ed2-59a8-4d8c-a77f-0b163c009de8,60.0.130.169,60.0.158.135,60.0.158.135,,,,,,,,,,,,,,,,,,,,,,,,,,,,,,,,,,,,,,,,,,,,,,,,,,,,,,,,,,,,,,,,,,,,,,,,,,,,,,,,,,,,,,,,,,,,,,,,,,,,,,,,,,,,,,,,,,,,,,,,,,,,,,,,,,,,,,,,,,,,,,,,,,,,,,,,,,,,,,,,,,,,,,,,,,,,,,,,,,,,,,,,,,,,,,,,,,,,,,,,,,,,,,,,,,,,,,,,,,,,,,,,,,,,,,,,,,,,,,,,,,,,,,,,,,,,,,,,,,,,,,,,,,,,,,,,,,,,,,,,,,,,,,,,,,,,,,,,,,,,,,,,,,,,,,,,,,,,,,,,,,,,,,,,,,,,,,,,,,,,,,,,
Surat Bakery,343448,133792671,Normal,,470,,2026-07-02,7540,0,Active,Unpaid,,7540,0,0,0,0.00,0,0,0,0,2026-07-02 16:46:31,2026-07-02 16:46:31,117185,Kitchen,,Surat,Surat Bakery,Gujarat,,"4th-block,2nd floor,bookends hospitality,ichchapore,394210",9016168269,,,,Surat,Surat Store,Kitchen,,Gujarat,,"1st Floor, Samanvay, Near Chandni Chowk, Gymkhana Rd, Piplod, Surat",9825184377,0,,,,,1,,0,0,0,"[{""prev_price"":""0.000000"",""item_id"":""46283610"",""itemname"":""Tiramisu"",""qty"":6,""price"":580,""amount"":3480,""discount"":""0.000"",""lbl_unit"":""Piece"",""unit"":""4037127"",""description"":"""",""hsn_code"":"""",""weighted_price"":580,""invoice_date"":""2026-07-02"",""sap_code"":"""",""purchase_doc_number"":"""",""purchase_invoice_number"":"""",""tax1"":0,""tax2"":0,""tax3"":0,""tax1_amount"":0,""tax2_amount"":0,""tax3_amount"":0,""expiry_date"":"""",""manufacturing_date"":"""",""sap_group_master_id"":0,""category"":""Food"",""yield_qty"":""0"",""discount_application"":""B"",""container_weight"":0,""net_weight"":""6"",""gross_weight"":0,""tax_type"":0,""excise_duty"":0,""tax1_label"":""CGST"",""tax2_label"":""SGST"",""tax3_label"":""IGST""},{""prev_price"":""0.000000"",""item_id"":""46283459"",""itemname"":""Take Away Tiramisu"",""qty"":4,""price"":0,""amount"":0,""discount"":""0.000"",""lbl_unit"":""pcs"",""unit"":""5357421"",""description"":"""",""hsn_code"":"""",""weighted_price"":0,""invoice_date"":""2026-07-02"",""sap_code"":"""",""purchase_doc_number"":"""",""purchase_invoice_number"":"""",""tax1"":0,""tax2"":0,""tax3"":0,""tax1_amount"":0,""tax2_amount"":0,""tax3_amount"":0,""expiry_date"":"""",""manufacturing_date"":"""",""sap_group_master_id"":0,""category"":""Food"",""yield_qty"":""0"",""discount_application"":""B"",""container_weight"":0,""net_weight"":""4"",""gross_weight"":0,""tax_type"":0,""excise_duty"":0,""tax1_label"":""CGST"",""tax2_label"":""SGST"",""tax3_label"":""IGST""},{""prev_price"":""0.000000"",""item_id"":""46283811"",""itemname"":""Aam Ras"",""qty"":300,""price"":0,""amount"":0,""discount"":""0.000"",""lbl_unit"":""GM"",""unit"":""4037134"",""description"":"""",""hsn_code"":"""",""weighted_price"":0,""invoice_date"":""2026-07-02"",""sap_code"":"""",""purchase_doc_number"":"""",""purchase_invoice_number"":"""",""tax1"":0,""tax2"":0,""tax3"":0,""tax1_amount"":0,""tax2_amount"":0,""tax3_amount"":0,""expiry_date"":"""",""manufacturing_date"":"""",""sap_group_master_id"":0,""category"":""Food"",""yield_qty"":""0"",""discount_application"":""B"",""container_weight"":0,""net_weight"":""300"",""gross_weight"":0,""tax_type"":0,""excise_duty"":0,""tax1_label"":""CGST"",""tax2_label"":""SGST"",""tax3_label"":""IGST""},{""prev_price"":""0.000000"",""item_id"":""46283804"",""itemname"":""Mango Pate De Fruit"",""qty"":50,""price"":0,""amount"":0,""discount"":""0.000"",""lbl_unit"":""GM"",""unit"":""4037134"",""description"":"""",""hsn_code"":"""",""weighted_price"":0,""invoice_date"":""2026-07-02"",""sap_code"":"""",""purchase_doc_number"":"""",""purchase_invoice_number"":"""",""tax1"":0,""tax2"":0,""tax3"":0,""tax1_amount"":0,""tax2_amount"":0,""tax3_amount"":0,""expiry_date"":"""",""manufacturing_date"":"""",""sap_group_master_id"":0,""category"":""Food"",""yield_qty"":""0"",""discount_application"":""B"",""container_weight"":0,""net_weight"":""50"",""gross_weight"":0,""tax_type"":0,""excise_duty"":0,""tax1_label"":""CGST"",""tax2_label"":""SGST"",""tax3_label"":""IGST""},{""prev_price"":""0.000000"",""item_id"":""46283803"",""itemname"":""Mulberry Pate De Fruit"",""qty"":50,""price"":0,""amount"":0,""discount"":""0.000"",""lbl_unit"":""GM"",""unit"":""4037134"",""description"":"""",""hsn_code"":"""",""weighted_price"":0,""invoice_date"":""2026-07-02"",""sap_code"":"""",""purchase_doc_number"":"""",""purchase_invoice_number"":"""",""tax1"":0,""tax2"":0,""tax3"":0,""tax1_amount"":0,""tax2_amount"":0,""tax3_amount"":0,""expiry_date"":"""",""manufacturing_date"":"""",""sap_group_master_id"":0,""category"":""Food"",""yield_qty"":""0"",""discount_application"":""B"",""container_weight"":0,""net_weight"":""50"",""gross_weight"":0,""tax_type"":0,""excise_duty"":0,""tax1_label"":""CGST"",""tax2_label"":""SGST"",""tax3_label"":""IGST""},{""prev_price"":""0.000000"",""item_id"":""46285680"",""itemname"":""Vanilla Cream"",""qty"":500,""price"":0,""amount"":0,""discount"":""0.000"",""lbl_unit"":""GM"",""unit"":""4037134"",""description"":"""",""hsn_code"":"""",""weighted_price"":0,""invoice_date"":""2026-07-02"",""sap_code"":"""",""purchase_doc_number"":"""",""purchase_invoice_number"":"""",""tax1"":0,""tax2"":0,""tax3"":0,""tax1_amount"":0,""tax2_amount"":0,""tax3_amount"":0,""expiry_date"":"""",""manufacturing_date"":"""",""sap_group_master_id"":0,""category"":""Food"",""rmconv_qty"":""1000"",""rmconv_qty_total"":0.5,""rmconv_unit_id"":""4037128"",""rmconv_unit"":""Kg"",""yield_qty"":""0"",""discount_application"":""B"",""container_weight"":0,""net_weight"":""500"",""gross_weight"":0,""tax_type"":0,""excise_duty"":0,""tax1_label"":""CGST"",""tax2_label"":""SGST"",""tax3_label"":""IGST""},{""prev_price"":""0.000000"",""item_id"":""46283605"",""itemname"":""Whipped Cream"",""qty"":500,""price"":0,""amount"":0,""discount"":""0.000"",""lbl_unit"":""GM"",""unit"":""4037134"",""description"":"""",""hsn_code"":"""",""weighted_price"":0,""invoice_date"":""2026-07-02"",""sap_code"":"""",""purchase_doc_number"":"""",""purchase_invoice_number"":"""",""tax1"":0,""tax2"":0,""tax3"":0,""tax1_amount"":0,""tax2_amount"":0,""tax3_amount"":0,""expiry_date"":"""",""manufacturing_date"":"""",""sap_group_master_id"":0,""category"":""Food"",""yield_qty"":""0"",""discount_application"":""B"",""container_weight"":0,""net_weight"":""500"",""gross_weight"":0,""tax_type"":0,""excise_duty"":0,""tax1_label"":""CGST"",""tax2_label"":""SGST"",""tax3_label"":""IGST""},{""prev_price"":""0.000000"",""item_id"":""46283816"",""itemname"":""Chocolate Mousse Cake"",""qty"":3,""price"":0,""amount"":0,""discount"":""0.000"",""lbl_unit"":""pcs"",""unit"":""5357421"",""description"":"""",""hsn_code"":"""",""weighted_price"":0,""invoice_date"":""2026-07-02"",""sap_code"":"""",""purchase_doc_number"":"""",""purchase_invoice_number"":"""",""tax1"":0,""tax2"":0,""tax3"":0,""tax1_amount"":0,""tax2_amount"":0,""tax3_amount"":0,""expiry_date"":"""",""manufacturing_date"":"""",""sap_group_master_id"":0,""category"":""Food"",""yield_qty"":""0"",""discount_application"":""B"",""container_weight"":0,""net_weight"":""3"",""gross_weight"":0,""tax_type"":0,""excise_duty"":0,""tax1_label"":""CGST"",""tax2_label"":""SGST"",""tax3_label"":""IGST""},{""prev_price"":""0.000000"",""item_id"":""46283814"",""itemname"":""Chocolate Sauce"",""qty"":500,""price"":0,""amount"":0,""discount"":""0.000"",""lbl_unit"":""GM"",""unit"":""4037134"",""description"":"""",""hsn_code"":"""",""weighted_price"":0,""invoice_date"":""2026-07-02"",""sap_code"":"""",""purchase_doc_number"":"""",""purchase_invoice_number"":"""",""tax1"":0,""tax2"":0,""tax3"":0,""tax1_amount"":0,""tax2_amount"":0,""tax3_amount"":0,""expiry_date"":"""",""manufacturing_date"":"""",""sap_group_master_id"":0,""category"":""Food"",""yield_qty"":""0"",""discount_application"":""B"",""container_weight"":0,""net_weight"":""500"",""gross_weight"":0,""tax_type"":0,""excise_duty"":0,""tax1_label"":""CGST"",""tax2_label"":""SGST"",""tax3_label"":""IGST""},{""prev_price"":""0.000000"",""item_id"":""46283590"",""itemname"":""Tiramise Tuile"",""qty"":200,""price"":0,""amount"":0,""discount"":""0.000"",""lbl_unit"":""GM"",""unit"":""4037134"",""description"":"""",""hsn_code"":"""",""weighted_price"":0,""invoice_date"":""2026-07-02"",""sap_code"":"""",""purchase_doc_number"":"""",""purchase_invoice_number"":"""",""tax1"":0,""tax2"":0,""tax3"":0,""tax1_amount"":0,""tax2_amount"":0,""tax3_amount"":0,""expiry_date"":"""",""manufacturing_date"":"""",""sap_group_master_id"":0,""category"":""Food"",""yield_qty"":""0"",""discount_application"":""B"",""container_weight"":0,""net_weight"":""200"",""gross_weight"":0,""tax_type"":0,""excise_duty"":0,""tax1_label"":""CGST"",""tax2_label"":""SGST"",""tax3_label"":""IGST""},{""prev_price"":""0.000000"",""item_id"":""46283549"",""itemname"":""Pistachio Butter"",""qty"":100,""price"":0,""amount"":0,""discount"":""0.000"",""lbl_unit"":""GM"",""unit"":""4037134"",""description"":"""",""hsn_code"":"""",""weighted_price"":0,""invoice_date"":""2026-07-02"",""sap_code"":"""",""purchase_doc_number"":"""",""purchase_invoice_number"":"""",""tax1"":0,""tax2"":0,""tax3"":0,""tax1_amount"":0,""tax2_amount"":0,""tax3_amount"":0,""expiry_date"":"""",""manufacturing_date"":"""",""sap_group_master_id"":0,""category"":""Food"",""rmconv_qty"":""1000"",""rmconv_qty_total"":0.1,""rmconv_unit_id"":""4037128"",""rmconv_unit"":""Kg"",""yield_qty"":""0"",""discount_application"":""B"",""container_weight"":0,""net_weight"":""100"",""gross_weight"":0,""tax_type"":0,""excise_duty"":0,""tax1_label"":""CGST"",""tax2_label"":""SGST"",""tax3_label"":""IGST""},{""prev_price"":""0.000000"",""item_id"":""46283561"",""itemname"":""Soufle Batter"",""qty"":3,""price"":580,""amount"":1740,""discount"":""0.000"",""lbl_unit"":""Piece"",""unit"":""4037127"",""description"":"""",""hsn_code"":"""",""weighted_price"":580,""invoice_date"":""2026-07-02"",""sap_code"":"""",""purchase_doc_number"":"""",""purchase_invoice_number"":"""",""tax1"":0,""tax2"":0,""tax3"":0,""tax1_amount"":0,""tax2_amount"":0,""tax3_amount"":0,""expiry_date"":"""",""manufacturing_date"":"""",""sap_group_master_id"":0,""category"":""Food"",""yield_qty"":""0"",""discount_application"":""B"",""container_weight"":0,""net_weight"":""3"",""gross_weight"":0,""tax_type"":0,""excise_duty"":0,""tax1_label"":""CGST"",""tax2_label"":""SGST"",""tax3_label"":""IGST""},{""prev_price"":""0.000000"",""item_id"":""46283547"",""itemname"":""Insert Chocolate"",""qty"":3,""price"":0,""amount"":0,""discount"":""0.000"",""lbl_unit"":""pcs"",""unit"":""5357421"",""description"":"""",""hsn_code"":"""",""weighted_price"":0,""invoice_date"":""2026-07-02"",""sap_code"":"""",""purchase_doc_number"":"""",""purchase_invoice_number"":"""",""tax1"":0,""tax2"":0,""tax3"":0,""tax1_amount"":0,""tax2_amount"":0,""tax3_amount"":0,""expiry_date"":"""",""manufacturing_date"":"""",""sap_group_master_id"":0,""category"":""Food"",""yield_qty"":""0"",""discount_application"":""B"",""container_weight"":0,""net_weight"":""3"",""gross_weight"":0,""tax_type"":0,""excise_duty"":0,""tax1_label"":""CGST"",""tax2_label"":""SGST"",""tax3_label"":""IGST""},{""prev_price"":""0.000000"",""item_id"":""46283802"",""itemname"":""Mango Passion Fruit Jelly"",""qty"":100,""price"":0,""amount"":0,""discount"":""0.000"",""lbl_unit"":""GM"",""unit"":""4037134"",""description"":"""",""hsn_code"":"""",""weighted_price"":0,""invoice_date"":""2026-07-02"",""sap_code"":"""",""purchase_doc_number"":"""",""purchase_invoice_number"":"""",""tax1"":0,""tax2"":0,""tax3"":0,""tax1_amount"":0,""tax2_amount"":0,""tax3_amount"":0,""expiry_date"":"""",""manufacturing_date"":"""",""sap_group_master_id"":0,""category"":""Food"",""yield_qty"":""0"",""discount_application"":""B"",""container_weight"":0,""net_weight"":""100"",""gross_weight"":0,""tax_type"":0,""excise_duty"":0,""tax1_label"":""CGST"",""tax2_label"":""SGST"",""tax3_label"":""IGST""},{""prev_price"":""0.000000"",""item_id"":""46283476"",""itemname"":""Gum Paste Flowers"",""qty"":30,""price"":0,""amount"":0,""discount"":""0.000"",""lbl_unit"":""GM"",""unit"":""4037134"",""description"":"""",""hsn_code"":"""",""weighted_price"":0,""invoice_date"":""2026-07-02"",""sap_code"":"""",""purchase_doc_number"":"""",""purchase_invoice_number"":"""",""tax1"":0,""tax2"":0,""tax3"":0,""tax1_amount"":0,""tax2_amount"":0,""tax3_amount"":0,""expiry_date"":"""",""manufacturing_date"":"""",""sap_group_master_id"":0,""category"":""Food"",""rmconv_qty"":""1000"",""rmconv_qty_total"":0.03,""rmconv_unit_id"":""4037128"",""rmconv_unit"":""Kg"",""yield_qty"":""0"",""discount_application"":""B"",""container_weight"":0,""net_weight"":""30"",""gross_weight"":0,""tax_type"":0,""excise_duty"":0,""tax1_label"":""CGST"",""tax2_label"":""SGST"",""tax3_label"":""IGST""},{""prev_price"":""0.000000"",""item_id"":""46283544"",""itemname"":""Nata De Coco"",""qty"":200,""price"":0,""amount"":0,""discount"":""0.000"",""lbl_unit"":""GM"",""unit"":""4037134"",""description"":"""",""hsn_code"":"""",""weighted_price"":0,""invoice_date"":""2026-07-02"",""sap_code"":"""",""purchase_doc_number"":"""",""purchase_invoice_number"":"""",""tax1"":0,""tax2"":0,""tax3"":0,""tax1_amount"":0,""tax2_amount"":0,""tax3_amount"":0,""expiry_date"":"""",""manufacturing_date"":"""",""sap_group_master_id"":0,""category"":""Food"",""rmconv_qty"":""1000"",""rmconv_qty_total"":0.2,""rmconv_unit_id"":""4037128"",""rmconv_unit"":""Kg"",""yield_qty"":""0"",""discount_application"":""B"",""container_weight"":0,""net_weight"":""200"",""gross_weight"":0,""tax_type"":0,""excise_duty"":0,""tax1_label"":""CGST"",""tax2_label"":""SGST"",""tax3_label"":""IGST""},{""prev_price"":""0.000000"",""item_id"":""46283560"",""itemname"":""Mango Tres Leches"",""qty"":4,""price"":580,""amount"":2320,""discount"":""0.000"",""lbl_unit"":""Piece"",""unit"":""4037127"",""description"":"""",""hsn_code"":"""",""weighted_price"":580,""invoice_date"":""2026-07-02"",""sap_code"":"""",""purchase_doc_number"":"""",""purchase_invoice_number"":"""",""tax1"":0,""tax2"":0,""tax3"":0,""tax1_amount"":0,""tax2_amount"":0,""tax3_amount"":0,""expiry_date"":"""",""manufacturing_date"":"""",""sap_group_master_id"":0,""category"":""Food"",""yield_qty"":""0"",""discount_application"":""B"",""container_weight"":0,""net_weight"":""4"",""gross_weight"":0,""tax_type"":0,""excise_duty"":0,""tax1_label"":""CGST"",""tax2_label"":""SGST"",""tax3_label"":""IGST""},{""prev_price"":""0.000000"",""item_id"":""46285491"",""itemname"":""Vanilla Spounge"",""qty"":2.5,""price"":0,""amount"":0,""discount"":""0.000"",""lbl_unit"":""Kg"",""unit"":""4037128"",""description"":"""",""hsn_code"":"""",""weighted_price"":0,""invoice_date"":""2026-07-02"",""sap_code"":"""",""purchase_doc_number"":"""",""purchase_invoice_number"":"""",""tax1"":0,""tax2"":0,""tax3"":0,""tax1_amount"":0,""tax2_amount"":0,""tax3_amount"":0,""expiry_date"":"""",""manufacturing_date"":"""",""sap_group_master_id"":0,""category"":""Food"",""rmconv_qty"":""1000"",""rmconv_qty_total"":2500,""rmconv_unit_id"":""4037134"",""rmconv_unit"":""GM"",""yield_qty"":""0"",""discount_application"":""B"",""container_weight"":0,""net_weight"":""2.5"",""gross_weight"":0,""tax_type"":0,""excise_duty"":0,""tax1_label"":""CGST"",""tax2_label"":""SGST"",""tax3_label"":""IGST""},{""prev_price"":""0.000000"",""item_id"":""46283567"",""itemname"":""Chocolate Spounge"",""qty"":2.5,""price"":0,""amount"":0,""discount"":""0.000"",""lbl_unit"":""Kg"",""unit"":""4037128"",""description"":"""",""hsn_code"":"""",""weighted_price"":0,""invoice_date"":""2026-07-02"",""sap_code"":"""",""purchase_doc_number"":"""",""purchase_invoice_number"":"""",""tax1"":0,""tax2"":0,""tax3"":0,""tax1_amount"":0,""tax2_amount"":0,""tax3_amount"":0,""expiry_date"":"""",""manufacturing_date"":"""",""sap_group_master_id"":0,""category"":""Food"",""yield_qty"":""0"",""discount_application"":""B"",""container_weight"":0,""net_weight"":""2.5"",""gross_weight"":0,""tax_type"":0,""excise_duty"":0,""tax1_label"":""CGST"",""tax2_label"":""SGST"",""tax3_label"":""IGST""}]",[],0,0,,,[],[],,,,,,,,,,,,,,,,,,,,,,,,,,,,,,,,,,,,,,,,,,,,,,,,,,,,,,,,,,,,,,,,,,,,,,,,,,,,,,,,,,,,,,,,,,,,,,,,,,,,,,,,,,,,,,,,,,,,,,,,,,,,,,,,,,,,,,,,,,,,,,,,,,,,,,,,,,,,,,,,,,,,,,,,,,,,,,,,,,,,,,,,,,,,,,,,,,,,,,,,,,,,,,,,,,,,,,,,,,,,,,,,,,,,,,,,,,,,,,,,,,,,,,,,,,,,,,,,,,,,,,,,,,,,,,,,,,,,,,,,,,,,,,,,,,,,,,,,,,,,,,,,,,,,,,,,,,,,,,,,,,,,,,,,,,,,,,,,,,,,,,,,,,,,,,,,,,,,,,,,,,,,,,,,,,,,,,,,,,,,,,,,,,,,,,,,,,,,,,,,,,,,,,6a4645d9-6a48-45c3-b48e-7b833c0081c4,60.0.134.248,,,,,,,,,,,,,,,,,,,,,,,,,,,,,,,,,,,,,,,,,,,,,,,,,,,,,,,,,,,,,,,,,,,,,,,,,,,,,,,,,,,,,,,,,,,,,,,,,,,,,,,,,,,,,,,,,,,,,,,,,,,,,,,,,,,,,,,,,,,,,,,,,,,,,,,,,,,,,,,,,,,,,,,,,,,,,,,,,,,,,,,,,,,,,,,,,,,,,,,,,,,,,,,,,,,,,,,,,,,,,,,,,,,,,,,,,,,,,,,,,,,,,,,,,,,,,,,,,,,,,,,,,,,,,,,,,,,,,,,,,,,,,,,,,,,,,,,,,,,,,,,,,,,,,,,,,,,,,,,,,,,,,,,,,,,,,,,,,,,,,,
Surat Bakery,343448,133748797,From Sales,117621842,469,,2026-07-02,17813.5,0,Active,Unpaid,,17813.5,0,0,0,0.00,0,0,0,0,2026-07-02 11:41:00,2026-07-02 11:41:00,117185,Kitchen,,Surat,Surat Bakery,Gujarat,,"4th-block,2nd floor,bookends hospitality,ichchapore,394210",9016168269,,,,Surat,Surat Store,Kitchen,,Gujarat,,"1st Floor, Samanvay, Near Chandni Chowk, Gymkhana Rd, Piplod, Surat",9825184377,0,,1,PO0081024745,PO0081024745,1,,0,0,0,"[{""item_id"":""46761190"",""itemname"":""Callebaut Dark 811 10kg"",""qty"":1,""price"":16000,""prev_price"":""16000.000000"",""amount"":16000,""discount"":""0.000"",""lbl_unit"":""Qty"",""unit"":""4037145"",""description"":"""",""hsn_code"":""18062000"",""weighted_price"":16000,""invoice_date"":""2026-07-02"",""sap_code"":"""",""purchase_doc_number"":"""",""purchase_invoice_number"":"""",""tax1"":0,""tax2"":0,""tax3"":0,""tax1_amount"":0,""tax2_amount"":0,""tax3_amount"":0,""expiry_date"":"""",""manufacturing_date"":"""",""actual_qty"":""1.000"",""actual_unit_id"":""2418165"",""actual_unit_name"":""Qty"",""sap_group_master_id"":0,""discount_application"":""B"",""container_weight"":0,""net_weight"":""1"",""gross_weight"":0,""category"":""Food"",""tax_type"":0,""excise_duty"":0,""tax1_label"":""CGST"",""tax2_label"":""SGST"",""tax3_label"":""IGST""},{""prev_price"":""1813.500000"",""item_id"":""46284345"",""itemname"":""Mithai Maid Big 7.5kg"",""qty"":1,""price"":1813.5,""amount"":1813.5,""discount"":""0.000"",""lbl_unit"":""Qty"",""unit"":""4037145"",""description"":"""",""hsn_code"":"""",""weighted_price"":1813.5,""invoice_date"":""2026-07-02"",""sap_code"":"""",""purchase_doc_number"":"""",""purchase_invoice_number"":"""",""tax1"":0,""tax2"":0,""tax3"":0,""tax1_amount"":0,""tax2_amount"":0,""tax3_amount"":0,""expiry_date"":"""",""manufacturing_date"":"""",""sap_group_master_id"":0,""category"":""Food"",""yield_qty"":""0"",""discount_application"":""B"",""container_weight"":0,""net_weight"":""1"",""gross_weight"":0,""tax_type"":0,""excise_duty"":0,""tax1_label"":""CGST"",""tax2_label"":""SGST"",""tax3_label"":""IGST""}]",[],0,0,,,[],[],,,,,,,,,,,,,,,,,,,,,,,,,,,,,,,,,,,,,,,,,,,,,,,,,,,,,,,,,,,,,,,,,,,,,,,,,,,,,,,,,,,,,,,,,,,,,,,,,,,,,,,,,,,,,,,,,,,,,,,,,,,,,,,,,,,,,,,,,,,,,,,,,,,,,,,,,,,,,,,,,,,,,,,,,,,,,,,,,,,,,,,,,,,,,,,,,,,,,,,,,,,,,,,,,,,,,,,,,,,,,,,,,,,,,,,,,,,,,,,,,,,,,,,,,,,,,,,,,,,,,,,,,,,,,,,,,,,,,,,,,,,,,,,,,,,,,,,,,,,,,,,,,,,,,,,,,,,,,,,,,,,,,,,,,,,,,,,,,,,,,,,,,,,,,,,,,,,,,,,,,,,,,,,,,,,,,,,,,,,,,,,,,,,,,,,,,,,,,,,,,,,,,,,,6a4600d1-1064-4c91-9831-33193c009500,60.0.129.196,,,,,,,,,,,,,,,,,,,,,,,,,,,,,,,,,,,,,,,,,,,,,,,,,,,,,,,,,,,,,,,,,,,,,,,,,,,,,,,,,,,,,,,,,,,,,,,,,,,,,,,,,,,,,,,,,,,,,,,,,,,,,,,,,,,,,,,,,,,,,,,,,,,,,,,,,,,,,,,,,,,,,,,,,,,,,,,,,,,,,,,,,,,,,,,,,,,,,,,,,,,,,,,,,,,,,,,,,,,,,,,,,,,,,,,,,,,,,,,,,,,,,,,,,,,,,,,,,,,,,,,,,,,,,,,,,,,,,,,,,,,,,,,,,,,,,,,,,,,,,,,,,,,,,,,,,,,,,,,,,,,,,,,,,,,,,,,,,,,,
Surat Bakery,343448,133742310,Manual Stock,0,0,,2026-07-02,0,0,Active,Unpaid,,0,0,0,0,0.00,0,0,0,0,2026-07-02 10:49:36,2026-07-02 10:49:36,343448,Kitchen,,,,Gujarat,,,,,,,,,,,Gujarat,,,,,,,,,,,,,,"[{""item_id"":""46283611"",""unit"":""4037140"",""qty"":1,""itemname"":""Choclate Nut Tub Cake"",""lbl_unit"":""BOX"",""description"":"""",""weighted_price"":0,""price"":0,""amount"":0,""hsn_code"":"""",""batchprefix"":"""",""existing_stock"":""0"",""current_stock"":""1"",""category"":""Food"",""sap_code"":"""",""tax_type"":0,""excise_duty"":0,""tax1_label"":""CGST"",""tax2_label"":""SGST"",""tax3_label"":""IGST""}]",[],0,0,,,[],[],,,,,,,,,,,,,,,,,,,,,,,,,,,,,,,,,,,,,,,,,,,,,,,,,,,,,,,,,,,,,,,,,,,,,,,,,,,,,,,,6a45f4de-ecd4-4a7b-864a-17273c008e18,,1,,,,,,,,,,,,,,,,,,,,,,,,,,,,,,,,,,,,,,,,,,,,,,,,,,,,,,,,,,,,,,,,,,,,,,,,,,,,,,,,,,,,,,,,,,,,,,,,,,,,,,,,,,,,,,,,,,,,,,,,,,,,,,,,,,,,,,,,,,,,,,,,,,,,,,,,,,,,,,,,,,,,,,,,,,,,,,,,,,,,,,,,,,,,,,,,,,,,,,,,,,,,,,,,,,,,,,,,,,,,,,,,,,,,,,,,,,,,,,,,,,,,,,,,,,,,,,,,,,,,,,,,,,,,,,,,,,,,,,,,,,,,,,,,,,,,,,,,,,,,,,,,,,,,,,,,,,,,,,,,,,,,,,,,60.0.129.196,,,,,,,,,,,,,,,,,,,,,,,,,,,,,,,,,,,,,,,,,,,,,,,,,,,,,,,,,,,,,,,,,,,,,,,,,,,,,,,,,,,,,,,,,,,,,,,,,,,,,,,,,,,,,,,,,,,,,,,,,,,,,,,,,,,,,,,,,,,,,,,,,,,,,,,,,,,,,,,,,,,,,,,,,,,,,,,,,,,,,,,,,,,,,,,,,,,,,,,,,,,,,,,,,,,,,,,,,,,,,,,,,,,,,,,,,,,,,,,,,,,,,,,,,,,,,,,,,,,,,,,,,,,,,,,,,,,,,,,,,,,,,,,,,,,,,,,,,,,,,,,,,,,,,,,,,,,,,,,,,,,,,,,,,,,,,,,,,,,
Surat Bakery,343448,133737266,Normal,,468,,2026-07-02,9280,0,Active,Unpaid,,9280,0,0,0,0.00,0,0,0,0,2026-07-02 09:23:41,2026-07-02 09:30:05,117185,Kitchen,,Surat,Surat Bakery,Gujarat,,"4th-block,2nd floor,bookends hospitality,ichchapore,394210",9016168269,,,,Surat,Surat Store,Kitchen,,Gujarat,,"1st Floor, Samanvay, Near Chandni Chowk, Gymkhana Rd, Piplod, Surat",9825184377,0,,,,,1,,0,0,0,"[{""prev_price"":""580.000000"",""item_id"":""46283559"",""itemname"":""Ferrero Crunch"",""qty"":4,""price"":580,""amount"":2320,""discount"":""0.000"",""lbl_unit"":""Piece"",""unit"":""4037127"",""description"":"""",""hsn_code"":"""",""weighted_price"":580,""invoice_date"":""2026-07-02"",""sap_code"":"""",""purchase_doc_number"":"""",""purchase_invoice_number"":"""",""tax1"":0,""tax2"":0,""tax3"":0,""tax1_amount"":0,""tax2_amount"":0,""tax3_amount"":0,""expiry_date"":"""",""manufacturing_date"":"""",""sap_group_master_id"":0,""category"":""Food"",""yield_qty"":""0"",""discount_application"":""B"",""container_weight"":0,""net_weight"":""4"",""gross_weight"":""4"",""tax_type"":0,""excise_duty"":0,""tax1_label"":""CGST"",""tax2_label"":""SGST"",""tax3_label"":""IGST""},{""prev_price"":""0.000000"",""item_id"":""46285680"",""itemname"":""Vanilla Cream"",""qty"":400,""price"":0,""amount"":0,""discount"":""0.000"",""lbl_unit"":""GM"",""unit"":""4037134"",""description"":"""",""hsn_code"":"""",""weighted_price"":0,""invoice_date"":""2026-07-02"",""sap_code"":"""",""purchase_doc_number"":"""",""purchase_invoice_number"":"""",""tax1"":0,""tax2"":0,""tax3"":0,""tax1_amount"":0,""tax2_amount"":0,""tax3_amount"":0,""expiry_date"":"""",""manufacturing_date"":"""",""sap_group_master_id"":0,""category"":""Food"",""rmconv_qty"":""1000"",""rmconv_qty_total"":0.4,""rmconv_unit_id"":""4037128"",""rmconv_unit"":""Kg"",""yield_qty"":""0"",""discount_application"":""B"",""container_weight"":0,""net_weight"":""400"",""gross_weight"":""400"",""tax_type"":0,""excise_duty"":0,""tax1_label"":""CGST"",""tax2_label"":""SGST"",""tax3_label"":""IGST""},{""prev_price"":""0.000000"",""item_id"":""46283543"",""itemname"":""Chocolate Ganache"",""qty"":300,""price"":0,""amount"":0,""discount"":""0.000"",""lbl_unit"":""GM"",""unit"":""4037134"",""description"":"""",""hsn_code"":"""",""weighted_price"":0,""invoice_date"":""2026-07-02"",""sap_code"":"""",""purchase_doc_number"":"""",""purchase_invoice_number"":"""",""tax1"":0,""tax2"":0,""tax3"":0,""tax1_amount"":0,""tax2_amount"":0,""tax3_amount"":0,""expiry_date"":"""",""manufacturing_date"":"""",""sap_group_master_id"":0,""category"":""Food"",""yield_qty"":""0"",""discount_application"":""B"",""container_weight"":0,""net_weight"":""300"",""gross_weight"":""300"",""tax_type"":0,""excise_duty"":0,""tax1_label"":""CGST"",""tax2_label"":""SGST"",""tax3_label"":""IGST""},{""prev_price"":""0.000000"",""item_id"":""46285681"",""itemname"":""Mango Milk"",""qty"":500,""price"":0,""amount"":0,""discount"":""0.000"",""lbl_unit"":""GM"",""unit"":""4037134"",""description"":"""",""hsn_code"":"""",""weighted_price"":0,""invoice_date"":""2026-07-02"",""sap_code"":"""",""purchase_doc_number"":"""",""purchase_invoice_number"":"""",""tax1"":0,""tax2"":0,""tax3"":0,""tax1_amount"":0,""tax2_amount"":0,""tax3_amount"":0,""expiry_date"":"""",""manufacturing_date"":"""",""sap_group_master_id"":0,""category"":""Food"",""rmconv_qty"":""1000"",""rmconv_qty_total"":0.5,""rmconv_unit_id"":""4037128"",""rmconv_unit"":""Kg"",""yield_qty"":""0"",""discount_application"":""B"",""container_weight"":0,""net_weight"":""500"",""gross_weight"":""500"",""tax_type"":0,""excise_duty"":0,""tax1_label"":""CGST"",""tax2_label"":""SGST"",""tax3_label"":""IGST""},{""prev_price"":""0.000000"",""item_id"":""46283550"",""itemname"":""Raspberry Jam"",""qty"":150,""price"":0,""amount"":0,""discount"":""0.000"",""lbl_unit"":""GM"",""unit"":""4037134"",""description"":"""",""hsn_code"":"""",""weighted_price"":0,""invoice_date"":""2026-07-02"",""sap_code"":"""",""purchase_doc_number"":"""",""purchase_invoice_number"":"""",""tax1"":0,""tax2"":0,""tax3"":0,""tax1_amount"":0,""tax2_amount"":0,""tax3_amount"":0,""expiry_date"":"""",""manufacturing_date"":"""",""sap_group_master_id"":0,""category"":""Food"",""rmconv_qty"":""1000"",""rmconv_qty_total"":0.15,""rmconv_unit_id"":""4037128"",""rmconv_unit"":""Kg"",""yield_qty"":""0"",""discount_application"":""B"",""container_weight"":0,""net_weight"":""150"",""gross_weight"":""150"",""tax_type"":0,""excise_duty"":0,""tax1_label"":""CGST"",""tax2_label"":""SGST"",""tax3_label"":""IGST""},{""prev_price"":""0.000000"",""item_id"":""46283460"",""itemname"":""Cake Slice"",""qty"":24,""price"":0,""amount"":0,""discount"":""0.000"",""lbl_unit"":""pcs"",""unit"":""5357421"",""description"":"""",""hsn_code"":"""",""weighted_price"":0,""invoice_date"":""2026-07-02"",""sap_code"":"""",""purchase_doc_number"":"""",""purchase_invoice_number"":"""",""tax1"":0,""tax2"":0,""tax3"":0,""tax1_amount"":0,""tax2_amount"":0,""tax3_amount"":0,""expiry_date"":"""",""manufacturing_date"":"""",""sap_group_master_id"":0,""category"":""Food"",""yield_qty"":""0"",""discount_application"":""B"",""container_weight"":0,""net_weight"":""24"",""gross_weight"":""24"",""tax_type"":0,""excise_duty"":0,""tax1_label"":""CGST"",""tax2_label"":""SGST"",""tax3_label"":""IGST""},{""prev_price"":""0.000000"",""item_id"":""46285163"",""itemname"":""Pineapple"",""qty"":3,""price"":0,""amount"":0,""discount"":""0.000"",""lbl_unit"":""pcs"",""unit"":""5357421"",""description"":"""",""hsn_code"":"""",""weighted_price"":0,""invoice_date"":""2026-07-02"",""sap_code"":"""",""purchase_doc_number"":"""",""purchase_invoice_number"":"""",""tax1"":0,""tax2"":0,""tax3"":0,""tax1_amount"":0,""tax2_amount"":0,""tax3_amount"":0,""expiry_date"":"""",""manufacturing_date"":"""",""sap_group_master_id"":0,""category"":""Food"",""yield_qty"":""0"",""discount_application"":""B"",""container_weight"":0,""net_weight"":""3"",""gross_weight"":""3"",""tax_type"":0,""excise_duty"":0,""tax1_label"":""CGST"",""tax2_label"":""SGST"",""tax3_label"":""IGST""},{""prev_price"":""0.000000"",""item_id"":""46283807"",""itemname"":""Caramelised Custard"",""qty"":400,""price"":0,""amount"":0,""discount"":""0.000"",""lbl_unit"":""GM"",""unit"":""4037134"",""description"":"""",""hsn_code"":"""",""weighted_price"":0,""invoice_date"":""2026-07-02"",""sap_code"":"""",""purchase_doc_number"":"""",""purchase_invoice_number"":"""",""tax1"":0,""tax2"":0,""tax3"":0,""tax1_amount"":0,""tax2_amount"":0,""tax3_amount"":0,""expiry_date"":"""",""manufacturing_date"":"""",""sap_group_master_id"":0,""category"":""Food"",""yield_qty"":""0"",""discount_application"":""B"",""container_weight"":0,""net_weight"":""400"",""gross_weight"":""400"",""tax_type"":0,""excise_duty"":0,""tax1_label"":""CGST"",""tax2_label"":""SGST"",""tax3_label"":""IGST""},{""prev_price"":""580.000000"",""item_id"":""46283565"",""itemname"":""Pistachio Mousse Cake"",""qty"":4,""price"":580,""amount"":2320,""discount"":""0.000"",""lbl_unit"":""Piece"",""unit"":""4037127"",""description"":"""",""hsn_code"":"""",""weighted_price"":580,""invoice_date"":""2026-07-02"",""sap_code"":"""",""purchase_doc_number"":"""",""purchase_invoice_number"":"""",""tax1"":0,""tax2"":0,""tax3"":0,""tax1_amount"":0,""tax2_amount"":0,""tax3_amount"":0,""expiry_date"":"""",""manufacturing_date"":"""",""sap_group_master_id"":0,""category"":""Food"",""yield_qty"":""0"",""discount_application"":""B"",""container_weight"":0,""net_weight"":""4"",""gross_weight"":""4"",""tax_type"":0,""excise_duty"":0,""tax1_label"":""CGST"",""tax2_label"":""SGST"",""tax3_label"":""IGST""},{""prev_price"":""0.000000"",""item_id"":""46283816"",""itemname"":""Chocolate Mousse Cake"",""qty"":6,""price"":0,""amount"":0,""discount"":""0.000"",""lbl_unit"":""pcs"",""unit"":""5357421"",""description"":"""",""hsn_code"":"""",""weighted_price"":0,""invoice_date"":""2026-07-02"",""sap_code"":"""",""purchase_doc_number"":"""",""purchase_invoice_number"":"""",""tax1"":0,""tax2"":0,""tax3"":0,""tax1_amount"":0,""tax2_amount"":0,""tax3_amount"":0,""expiry_date"":"""",""manufacturing_date"":"""",""sap_group_master_id"":0,""category"":""Food"",""yield_qty"":""0"",""discount_application"":""B"",""container_weight"":0,""net_weight"":""6"",""gross_weight"":""6"",""tax_type"":0,""excise_duty"":0,""tax1_label"":""CGST"",""tax2_label"":""SGST"",""tax3_label"":""IGST""},{""prev_price"":""0.000000"",""item_id"":""46283535"",""itemname"":""White Chocolate Sheets"",""qty"":15,""price"":0,""amount"":0,""discount"":""0.000"",""lbl_unit"":""Piece"",""unit"":""4037127"",""description"":"""",""hsn_code"":"""",""weighted_price"":0,""invoice_date"":""2026-07-02"",""sap_code"":"""",""purchase_doc_number"":"""",""purchase_invoice_number"":"""",""tax1"":0,""tax2"":0,""tax3"":0,""tax1_amount"":0,""tax2_amount"":0,""tax3_amount"":0,""expiry_date"":"""",""manufacturing_date"":"""",""sap_group_master_id"":0,""category"":""Food"",""yield_qty"":""0"",""discount_application"":""B"",""container_weight"":0,""net_weight"":""15"",""gross_weight"":""15"",""tax_type"":0,""excise_duty"":0,""tax1_label"":""CGST"",""tax2_label"":""SGST"",""tax3_label"":""IGST""},{""prev_price"":""0.000000"",""item_id"":""46283805"",""itemname"":""Cassata"",""qty"":6,""price"":0,""amount"":0,""discount"":""0.000"",""lbl_unit"":""pcs"",""unit"":""5357421"",""description"":"""",""hsn_code"":"""",""weighted_price"":0,""invoice_date"":""2026-07-02"",""sap_code"":"""",""purchase_doc_number"":"""",""purchase_invoice_number"":"""",""tax1"":0,""tax2"":0,""tax3"":0,""tax1_amount"":0,""tax2_amount"":0,""tax3_amount"":0,""expiry_date"":"""",""manufacturing_date"":"""",""sap_group_master_id"":0,""category"":""Food"",""yield_qty"":""0"",""discount_application"":""B"",""container_weight"":0,""net_weight"":""6"",""gross_weight"":""6"",""tax_type"":0,""excise_duty"":0,""tax1_label"":""CGST"",""tax2_label"":""SGST"",""tax3_label"":""IGST""},{""prev_price"":""580.000000"",""item_id"":""46283566"",""itemname"":""Sticky Toffee Pudding"",""qty"":5,""price"":580,""amount"":2900,""discount"":""0.000"",""lbl_unit"":""Piece"",""unit"":""4037127"",""description"":"""",""hsn_code"":"""",""weighted_price"":580,""invoice_date"":""2026-07-02"",""sap_code"":"""",""purchase_doc_number"":"""",""purchase_invoice_number"":"""",""tax1"":0,""tax2"":0,""tax3"":0,""tax1_amount"":0,""tax2_amount"":0,""tax3_amount"":0,""expiry_date"":"""",""manufacturing_date"":"""",""sap_group_master_id"":0,""category"":""Food"",""yield_qty"":""0"",""discount_application"":""B"",""container_weight"":0,""net_weight"":""5"",""gross_weight"":""5"",""tax_type"":0,""excise_duty"":0,""tax1_label"":""CGST"",""tax2_label"":""SGST"",""tax3_label"":""IGST""},{""prev_price"":""0.000000"",""item_id"":""46283814"",""itemname"":""Chocolate Sauce"",""qty"":300,""price"":0,""amount"":0,""discount"":""0.000"",""lbl_unit"":""GM"",""unit"":""4037134"",""description"":"""",""hsn_code"":"""",""weighted_price"":0,""invoice_date"":""2026-07-02"",""sap_code"":"""",""purchase_doc_number"":"""",""purchase_invoice_number"":"""",""tax1"":0,""tax2"":0,""tax3"":0,""tax1_amount"":0,""tax2_amount"":0,""tax3_amount"":0,""expiry_date"":"""",""manufacturing_date"":"""",""sap_group_master_id"":0,""category"":""Food"",""yield_qty"":""0"",""discount_application"":""B"",""container_weight"":0,""net_weight"":""300"",""gross_weight"":""300"",""tax_type"":0,""excise_duty"":0,""tax1_label"":""CGST"",""tax2_label"":""SGST"",""tax3_label"":""IGST""},{""prev_price"":""0.000000"",""item_id"":""46283815"",""itemname"":""Crunchy Crisp"",""qty"":100,""price"":0,""amount"":0,""discount"":""0.000"",""lbl_unit"":""GM"",""unit"":""4037134"",""description"":"""",""hsn_code"":"""",""weighted_price"":0,""invoice_date"":""2026-07-02"",""sap_code"":"""",""purchase_doc_number"":"""",""purchase_invoice_number"":"""",""tax1"":0,""tax2"":0,""tax3"":0,""tax1_amount"":0,""tax2_amount"":0,""tax3_amount"":0,""expiry_date"":"""",""manufacturing_date"":"""",""sap_group_master_id"":0,""category"":""Food"",""yield_qty"":""0"",""discount_application"":""B"",""container_weight"":0,""net_weight"":""100"",""gross_weight"":""100"",""tax_type"":0,""excise_duty"":0,""tax1_label"":""CGST"",""tax2_label"":""SGST"",""tax3_label"":""IGST""},{""prev_price"":""0.000000"",""item_id"":""46283804"",""itemname"":""Mango Pate De Fruit"",""qty"":100,""price"":0,""amount"":0,""discount"":""0.000"",""lbl_unit"":""GM"",""unit"":""4037134"",""description"":"""",""hsn_code"":"""",""weighted_price"":0,""invoice_date"":""2026-07-02"",""sap_code"":"""",""purchase_doc_number"":"""",""purchase_invoice_number"":"""",""tax1"":0,""tax2"":0,""tax3"":0,""tax1_amount"":0,""tax2_amount"":0,""tax3_amount"":0,""expiry_date"":"""",""manufacturing_date"":"""",""sap_group_master_id"":0,""category"":""Food"",""yield_qty"":""0"",""discount_application"":""B"",""container_weight"":0,""net_weight"":""100"",""gross_weight"":""100"",""tax_type"":0,""excise_duty"":0,""tax1_label"":""CGST"",""tax2_label"":""SGST"",""tax3_label"":""IGST""},{""prev_price"":""0.000000"",""item_id"":""46283803"",""itemname"":""Mulberry Pate De Fruit"",""qty"":100,""price"":0,""amount"":0,""discount"":""0.000"",""lbl_unit"":""GM"",""unit"":""4037134"",""description"":"""",""hsn_code"":"""",""weighted_price"":0,""invoice_date"":""2026-07-02"",""sap_code"":"""",""purchase_doc_number"":"""",""purchase_invoice_number"":"""",""tax1"":0,""tax2"":0,""tax3"":0,""tax1_amount"":0,""tax2_amount"":0,""tax3_amount"":0,""expiry_date"":"""",""manufacturing_date"":"""",""sap_group_master_id"":0,""category"":""Food"",""yield_qty"":""0"",""discount_application"":""B"",""container_weight"":0,""net_weight"":""100"",""gross_weight"":""100"",""tax_type"":0,""excise_duty"":0,""tax1_label"":""CGST"",""tax2_label"":""SGST"",""tax3_label"":""IGST""},{""prev_price"":""0.000000"",""item_id"":""46285679"",""itemname"":""Mango Jam"",""qty"":300,""price"":0,""amount"":0,""discount"":""0.000"",""lbl_unit"":""GM"",""unit"":""4037134"",""description"":"""",""hsn_code"":"""",""weighted_price"":0,""invoice_date"":""2026-07-02"",""sap_code"":"""",""purchase_doc_number"":"""",""purchase_invoice_number"":"""",""tax1"":0,""tax2"":0,""tax3"":0,""tax1_amount"":0,""tax2_amount"":0,""tax3_amount"":0,""expiry_date"":"""",""manufacturing_date"":"""",""sap_group_master_id"":0,""category"":""Food"",""rmconv_qty"":""1000"",""rmconv_qty_total"":0.3,""rmconv_unit_id"":""4037128"",""rmconv_unit"":""Kg"",""yield_qty"":""0"",""discount_application"":""B"",""container_weight"":0,""net_weight"":""300"",""gross_weight"":""300"",""tax_type"":0,""excise_duty"":0,""tax1_label"":""CGST"",""tax2_label"":""SGST"",""tax3_label"":""IGST""},{""prev_price"":""0.000000"",""item_id"":""46283610"",""itemname"":""Tiramisu"",""qty"":3,""price"":580,""amount"":1740,""discount"":""0.000"",""lbl_unit"":""Piece"",""unit"":""4037127"",""description"":"""",""hsn_code"":"""",""weighted_price"":580,""invoice_date"":""2026-07-02"",""sap_code"":"""",""purchase_doc_number"":"""",""purchase_invoice_number"":"""",""tax1"":0,""tax2"":0,""tax3"":0,""tax1_amount"":0,""tax2_amount"":0,""tax3_amount"":0,""expiry_date"":"""",""manufacturing_date"":"""",""sap_group_master_id"":0,""category"":""Food"",""yield_qty"":""0"",""discount_application"":""B"",""container_weight"":0,""net_weight"":""3"",""gross_weight"":0,""tax_type"":0,""excise_duty"":0,""tax1_label"":""CGST"",""tax2_label"":""SGST"",""tax3_label"":""IGST""}]",[],0,0,,,[],[],,,,,,,,,,,,,,,,,,,,,,,,,,,,,,,,,,,,,,,,,,,,,,,,,,,,,,,,,,,,,,,,,,,,,,,,,,,,,,,,,,,,,,,,,,,,,,,,,,,,,,,,,,,,,,,,,,,,,,,,,,,,,,,,,,,,,,,,,,,,,,,,,,,,,,,,,,,,,,,,,,,,,,,,,,,,,,,,,,,,,,,,,,,,,,,,,,,,,,,,,,,,,,,,,,,,,,,,,,,,,,,,,,,,,,,,,,,,,,,,,,,,,,,,,,,,,,,,,,,,,,,,,,,,,,,,,,,,,,,,,,,,,,,,,,,,,,,,,,,,,,,,,,,,,,,,,,,,,,,,,,,,,,,,,,,,,,,,,,,,,,,,,,,,,,,,,,,,,,,,,,,,,,,,,,,,,,,,,,,,,,,,,,,,,,,,,,,,,,,,,,,,,,,,,,,6a45deeb-a584-4128-81c8-0b993c0081c4,6a45e1c1-474c-4015-9193-36633c009e87,6a45e22f-6058-4f84-a7d9-330e3c009e87,60.0.158.135,60.0.129.196,60.0.158.135,,,,,,,,,,,,,,,,,,,,,,,,,,,,,,,,,,,,,,,,,,,,,,,,,,,,,,,,,,,,,,,,,,,,,,,,,,,,,,,,,,,,,,,,,,,,,,,,,,,,,,,,,,,,,,,,,,,,,,,,,,,,,,,,,,,,,,,,,,,,,,,,,,,,,,,,,,,,,,,,,,,,,,,,,,,,,,,,,,,,,,,,,,,,,,,,,,,,,,,,,,,,,,,,,,,,,,,,,,,,,,,,,,,,,,,,,,,,,,,,,,,,,,,,,,,,,,,,,,,,,,,,,,,,,,,,,,,,,,,,,,,,,,,,,,,,,,,,,,,,,,,,,,,,,,,,,,,,,,,,,,,,,,,,,,,,,
Surat Bakery,343448,133737065,Manual Stock,0,0,,2026-07-02,0,0,Active,Unpaid,,0,0,0,0,0.00,0,0,0,0,2026-07-02 09:16:47,2026-07-02 09:16:47,343448,Kitchen,,,,Gujarat,,,,,,,,,,,Gujarat,,,,,,,,,,,,,,"[{""item_id"":""46283611"",""unit"":""4037140"",""qty"":18,""itemname"":""Choclate Nut Tub Cake"",""lbl_unit"":""BOX"",""description"":"""",""weighted_price"":0,""price"":0,""amount"":0,""hsn_code"":"""",""batchprefix"":"""",""existing_stock"":""-18"",""current_stock"":""0"",""category"":""Food"",""sap_code"":"""",""tax_type"":0,""excise_duty"":0,""tax1_label"":""CGST"",""tax2_label"":""SGST"",""tax3_label"":""IGST""}]",[],0,0,,,[],[],,,,,,,,,,,,,,,,,,,,,,,,,,,,,,,,,,,,,,,,,,,,,,,,,,,,,,,,,,,,,,,,,,,,,,,,,,,,,,,,6a45dee4-94ec-4fdd-a235-330e3c009e87,,1,,,,,,,,,,,,,,,,,,,,,,,,,,,,,,,,,,,,,,,,,,,,,,,,,,,,,,,,,,,,,,,,,,,,,,,,,,,,,,,,,,,,,,,,,,,,,,,,,,,,,,,,,,,,,,,,,,,,,,,,,,,,,,,,,,,,,,,,,,,,,,,,,,,,,,,,,,,,,,,,,,,,,,,,,,,,,,,,,,,,,,,,,,,,,,,,,,,,,,,,,,,,,,,,,,,,,,,,,,,,,,,,,,,,,,,,,,,,,,,,,,,,,,,,,,,,,,,,,,,,,,,,,,,,,,,,,,,,,,,,,,,,,,,,,,,,,,,,,,,,,,,,,,,,,,,,,,,,,,,,,,,,,,,,,,,,,,,60.0.158.135,,,,,,,,,,,,,,,,,,,,,,,,,,,,,,,,,,,,,,,,,,,,,,,,,,,,,,,,,,,,,,,,,,,,,,,,,,,,,,,,,,,,,,,,,,,,,,,,,,,,,,,,,,,,,,,,,,,,,,,,,,,,,,,,,,,,,,,,,,,,,,,,,,,,,,,,,,,,,,,,,,,,,,,,,,,,,,,,,,,,,,,,,,,,,,,,,,,,,,,,,,,,,,,,,,,,,,,,,,,,,,,,,,,,,,,,,,,,,,,,,,,,,,,,,,,,,,,,,,,,,,,,,,,,,,,,,,,,,,,,,,,,,,,,,,,,,,,,,,,,,,,,,,,,,,,,,,,,,,,,,,,,,,,,,,,,
Surat Bakery,343448,133737022,From Sales,117520039,467,,2026-07-02,15288.092,0,Active,Unpaid,,15288.092,0,0,0,0.00,0,0,0,0,2026-07-02 09:15:20,2026-07-02 09:15:20,117185,Kitchen,,Surat,Surat Bakery,Gujarat,,"4th-block,2nd floor,bookends hospitality,ichchapore,394210",9016168269,,,,Surat,Surat Store,Kitchen,,Gujarat,,"1st Floor, Samanvay, Near Chandni Chowk, Gymkhana Rd, Piplod, Surat",9825184377,0,,1,PO0081008328,PO0081008328,1,,0,0,0,"[{""prev_price"":""41.000000"",""item_id"":""46285119"",""itemname"":""Maida"",""qty"":10,""price"":41,""amount"":410,""discount"":""0.000"",""lbl_unit"":""Kg"",""unit"":""4037128"",""description"":"""",""hsn_code"":"""",""weighted_price"":41,""invoice_date"":""2026-07-02"",""sap_code"":"""",""purchase_doc_number"":"""",""purchase_invoice_number"":"""",""tax1"":0,""tax2"":0,""tax3"":0,""tax1_amount"":0,""tax2_amount"":0,""tax3_amount"":0,""expiry_date"":"""",""manufacturing_date"":"""",""actual_qty"":""10.000"",""actual_unit_id"":""2418148"",""actual_unit_name"":""Kg"",""sap_group_master_id"":0,""category"":""Food"",""yield_qty"":""0"",""discount_application"":""B"",""container_weight"":0,""net_weight"":""10"",""gross_weight"":0,""tax_type"":0,""excise_duty"":0,""tax1_label"":""CGST"",""tax2_label"":""SGST"",""tax3_label"":""IGST""},{""prev_price"":""271.430000"",""item_id"":""46285094"",""itemname"":""Amul Butter - 500gm"",""qty"":3,""price"":271.43,""amount"":814.29,""discount"":""0.000"",""lbl_unit"":""Qty"",""unit"":""4037145"",""description"":"""",""hsn_code"":"""",""weighted_price"":271.43,""invoice_date"":""2026-07-02"",""sap_code"":"""",""purchase_doc_number"":"""",""purchase_invoice_number"":"""",""tax1"":0,""tax2"":0,""tax3"":0,""tax1_amount"":0,""tax2_amount"":0,""tax3_amount"":0,""expiry_date"":"""",""manufacturing_date"":"""",""actual_qty"":""3.000"",""actual_unit_id"":""2418165"",""actual_unit_name"":""Qty"",""sap_group_master_id"":0,""category"":""Food"",""yield_qty"":""0"",""discount_application"":""B"",""pricing_method"":""0"",""container_weight"":0,""net_weight"":""3"",""gross_weight"":0,""tax_type"":0,""excise_duty"":0,""tax1_label"":""CGST"",""tax2_label"":""SGST"",""tax3_label"":""IGST""},{""prev_price"":""78.023000"",""item_id"":""46285077"",""itemname"":""Gold Milk 1 Ltr"",""qty"":12,""price"":78.023,""amount"":936.276,""discount"":""0.000"",""lbl_unit"":""Qty"",""unit"":""4037145"",""description"":"""",""hsn_code"":"""",""weighted_price"":78.023,""invoice_date"":""2026-07-02"",""sap_code"":"""",""purchase_doc_number"":"""",""purchase_invoice_number"":"""",""tax1"":0,""tax2"":0,""tax3"":0,""tax1_amount"":0,""tax2_amount"":0,""tax3_amount"":0,""expiry_date"":"""",""manufacturing_date"":"""",""actual_qty"":""12.000"",""actual_unit_id"":""2418165"",""actual_unit_name"":""Qty"",""sap_group_master_id"":0,""category"":""Food"",""yield_qty"":""0"",""discount_application"":""B"",""pricing_method"":""0"",""container_weight"":0,""net_weight"":""12"",""gross_weight"":0,""tax_type"":0,""excise_duty"":0,""tax1_label"":""CGST"",""tax2_label"":""SGST"",""tax3_label"":""IGST""},{""prev_price"":""232.500000"",""item_id"":""46284496"",""itemname"":""Fresh Cream 1ltr"",""qty"":12,""price"":232.5,""amount"":2790,""discount"":""0.000"",""lbl_unit"":""Qty"",""unit"":""4037145"",""description"":"""",""hsn_code"":"""",""weighted_price"":232.5,""invoice_date"":""2026-07-02"",""sap_code"":"""",""purchase_doc_number"":"""",""purchase_invoice_number"":"""",""tax1"":0,""tax2"":0,""tax3"":0,""tax1_amount"":0,""tax2_amount"":0,""tax3_amount"":0,""expiry_date"":"""",""manufacturing_date"":"""",""actual_qty"":""12.000"",""actual_unit_id"":""2418165"",""actual_unit_name"":""Qty"",""sap_group_master_id"":0,""category"":""Food"",""yield_qty"":""0"",""discount_application"":""B"",""container_weight"":0,""net_weight"":""12"",""gross_weight"":0,""tax_type"":0,""excise_duty"":0,""tax1_label"":""CGST"",""tax2_label"":""SGST"",""tax3_label"":""IGST""},{""prev_price"":""82.000000"",""item_id"":""46284202"",""itemname"":""Caster Sugar 1kg"",""qty"":3,""price"":0,""amount"":0,""discount"":""0.000"",""lbl_unit"":""GM"",""unit"":""4037134"",""description"":"""",""hsn_code"":"""",""weighted_price"":0,""invoice_date"":""2026-07-02"",""sap_code"":"""",""purchase_doc_number"":"""",""purchase_invoice_number"":"""",""tax1"":0,""tax2"":0,""tax3"":0,""tax1_amount"":0,""tax2_amount"":0,""tax3_amount"":0,""expiry_date"":"""",""manufacturing_date"":"""",""actual_qty"":""3.000"",""actual_unit_id"":""2418165"",""actual_unit_name"":""Qty"",""sap_group_master_id"":0,""category"":""Food"",""yield_qty"":""0"",""discount_application"":""B"",""container_weight"":0,""net_weight"":""3"",""gross_weight"":0,""tax_type"":0,""excise_duty"":0,""tax1_label"":""CGST"",""tax2_label"":""SGST"",""tax3_label"":""IGST""},{""prev_price"":""147.619000"",""item_id"":""46283743"",""itemname"":""Whipping Cream 1ltr"",""qty"":4,""price"":147.619,""amount"":590.476,""discount"":""0.000"",""lbl_unit"":""Qty"",""unit"":""4037145"",""description"":"""",""hsn_code"":"""",""weighted_price"":147.619,""invoice_date"":""2026-07-02"",""sap_code"":"""",""purchase_doc_number"":"""",""purchase_invoice_number"":"""",""tax1"":0,""tax2"":0,""tax3"":0,""tax1_amount"":0,""tax2_amount"":0,""tax3_amount"":0,""expiry_date"":"""",""manufacturing_date"":"""",""actual_qty"":""4.000"",""actual_unit_id"":""2418165"",""actual_unit_name"":""Qty"",""sap_group_master_id"":0,""category"":""Food"",""yield_qty"":""0"",""discount_application"":""B"",""container_weight"":0,""net_weight"":""4"",""gross_weight"":0,""tax_type"":0,""excise_duty"":0,""tax1_label"":""CGST"",""tax2_label"":""SGST"",""tax3_label"":""IGST""},{""prev_price"":""696.730000"",""item_id"":""46285099"",""itemname"":""Mascarpone 1kg"",""qty"":6,""price"":696.73,""amount"":4180.38,""discount"":""0.000"",""lbl_unit"":""Qty"",""unit"":""4037145"",""description"":"""",""hsn_code"":"""",""weighted_price"":696.73,""invoice_date"":""2026-07-02"",""sap_code"":"""",""purchase_doc_number"":"""",""purchase_invoice_number"":"""",""tax1"":0,""tax2"":0,""tax3"":0,""tax1_amount"":0,""tax2_amount"":0,""tax3_amount"":0,""expiry_date"":"""",""manufacturing_date"":"""",""actual_qty"":""6.000"",""actual_unit_id"":""2418165"",""actual_unit_name"":""Qty"",""sap_group_master_id"":0,""category"":""Food"",""yield_qty"":""0"",""discount_application"":""B"",""pricing_method"":""0"",""container_weight"":0,""net_weight"":""6"",""gross_weight"":0,""tax_type"":0,""excise_duty"":0,""tax1_label"":""CGST"",""tax2_label"":""SGST"",""tax3_label"":""IGST""},{""prev_price"":""1260.000000"",""item_id"":""46284446"",""itemname"":""Maple Syrup 660ml"",""qty"":1,""price"":1260,""amount"":1260,""discount"":""0.000"",""lbl_unit"":""Qty"",""unit"":""4037145"",""description"":"""",""hsn_code"":"""",""weighted_price"":1260,""invoice_date"":""2026-07-02"",""sap_code"":"""",""purchase_doc_number"":"""",""purchase_invoice_number"":"""",""tax1"":0,""tax2"":0,""tax3"":0,""tax1_amount"":0,""tax2_amount"":0,""tax3_amount"":0,""expiry_date"":"""",""manufacturing_date"":"""",""actual_qty"":""1.000"",""actual_unit_id"":""2418165"",""actual_unit_name"":""Qty"",""sap_group_master_id"":0,""category"":""Food"",""yield_qty"":""0"",""discount_application"":""B"",""container_weight"":0,""net_weight"":""1"",""gross_weight"":0,""tax_type"":0,""excise_duty"":0,""tax1_label"":""CGST"",""tax2_label"":""SGST"",""tax3_label"":""IGST""},{""prev_price"":""425.000000"",""item_id"":""46284726"",""itemname"":""Cling Film"",""qty"":1,""price"":425,""amount"":425,""discount"":""0.000"",""lbl_unit"":""Qty"",""unit"":""4037145"",""description"":"""",""hsn_code"":"""",""weighted_price"":425,""invoice_date"":""2026-07-02"",""sap_code"":"""",""purchase_doc_number"":"""",""purchase_invoice_number"":"""",""tax1"":0,""tax2"":0,""tax3"":0,""tax1_amount"":0,""tax2_amount"":0,""tax3_amount"":0,""expiry_date"":"""",""manufacturing_date"":"""",""actual_qty"":""1.000"",""actual_unit_id"":""2418165"",""actual_unit_name"":""Qty"",""sap_group_master_id"":0,""category"":""Packaging"",""yield_qty"":""0"",""discount_application"":""B"",""container_weight"":0,""net_weight"":""1"",""gross_weight"":0,""tax_type"":0,""excise_duty"":0,""tax1_label"":""CGST"",""tax2_label"":""SGST"",""tax3_label"":""IGST""},{""prev_price"":""566.670000"",""item_id"":""46283696"",""itemname"":""Milk Powder 1kg"",""qty"":1,""price"":566.67,""amount"":566.67,""discount"":""0.000"",""lbl_unit"":""Qty"",""unit"":""4037145"",""description"":"""",""hsn_code"":"""",""weighted_price"":566.67,""invoice_date"":""2026-07-02"",""sap_code"":"""",""purchase_doc_number"":"""",""purchase_invoice_number"":"""",""tax1"":0,""tax2"":0,""tax3"":0,""tax1_amount"":0,""tax2_amount"":0,""tax3_amount"":0,""expiry_date"":"""",""manufacturing_date"":"""",""actual_qty"":""1.000"",""actual_unit_id"":""2418165"",""actual_unit_name"":""Qty"",""sap_group_master_id"":0,""category"":""Food"",""yield_qty"":""0"",""discount_application"":""B"",""container_weight"":0,""net_weight"":""1"",""gross_weight"":0,""tax_type"":0,""excise_duty"":0,""tax1_label"":""CGST"",""tax2_label"":""SGST"",""tax3_label"":""IGST""},{""prev_price"":""1105.000000"",""item_id"":""46283765"",""itemname"":""Dira Frozen Mango Puree"",""qty"":3,""price"":1105,""amount"":3315,""discount"":""0.000"",""lbl_unit"":""Qty"",""unit"":""4037145"",""description"":"""",""hsn_code"":"""",""weighted_price"":1105,""invoice_date"":""2026-07-02"",""sap_code"":"""",""purchase_doc_number"":"""",""purchase_invoice_number"":"""",""tax1"":0,""tax2"":0,""tax3"":0,""tax1_amount"":0,""tax2_amount"":0,""tax3_amount"":0,""expiry_date"":"""",""manufacturing_date"":"""",""actual_qty"":""3.000"",""actual_unit_id"":""2418165"",""actual_unit_name"":""Qty"",""sap_group_master_id"":0,""category"":""Food"",""yield_qty"":""0"",""discount_application"":""B"",""container_weight"":0,""net_weight"":""3"",""gross_weight"":0,""tax_type"":0,""excise_duty"":0,""tax1_label"":""CGST"",""tax2_label"":""SGST"",""tax3_label"":""IGST""}]",[],0,0,,,[],[],,,,,,,,,,,,,,,,,,,,,,,,,,,,,,,,,,,,,,,,,,,,,,,,,,,,,,,,,,,,,,,,,,,,,,,,,,,,,,,,,,,,,,,,,,,,,,,,,,,,,,,,,,,,,,,,,,,,,,,,,,,,,,,,,,,,,,,,,,,,,,,,,,,,,,,,,,,,,,,,,,,,,,,,,,,,,,,,,,,,,,,,,,,,,,,,,,,,,,,,,,,,,,,,,,,,,,,,,,,,,,,,,,,,,,,,,,,,,,,,,,,,,,,,,,,,,,,,,,,,,,,,,,,,,,,,,,,,,,,,,,,,,,,,,,,,,,,,,,,,,,,,,,,,,,,,,,,,,,,,,,,,,,,,,,,,,,,,,,,,,,,,,,,,,,,,,,,,,,,,,,,,,,,,,,,,,,,,,,,,,,,,,,,,,,,,,,,,,,,,,,,,,,,,,,,,,,,,,,6a45deb1-db18-41b3-bc27-330e3c009e87,60.0.129.196,,,,,,,,,,,,,,,,,,,,,,,,,,,,,,,,,,,,,,,,,,,,,,,,,,,,,,,,,,,,,,,,,,,,,,,,,,,,,,,,,,,,,,,,,,,,,,,,,,,,,,,,,,,,,,,,,,,,,,,,,,,,,,,,,,,,,,,,,,,,,,,,,,,,,,,,,,,,,,,,,,,,,,,,,,,,,,,,,,,,,,,,,,,,,,,,,,,,,,,,,,,,,,,,,,,,,,,,,,,,,,,,,,,,,,,,,,,,,,,,,,,,,,,,,,,,,,,,,,,,,,,,,,,,,,,,,,,,,,,,,,,,,,,,,,,,,,,,,,,,,,,,,,,,,,,,,,,,,,,,,,,,,,,,,,
Surat Bakery,343448,133611781,Normal,,466,,2026-07-01,3480,0,Active,Unpaid,,3480,0,0,0,0.00,0,0,0,0,2026-07-01 08:50:16,2026-07-01 08:50:16,117185,Kitchen,,Surat,Surat Bakery,Gujarat,,"4th-block,2nd floor,bookends hospitality,ichchapore,394210",9016168269,,,,Surat,Surat Store,Kitchen,,Gujarat,,"1st Floor, Samanvay, Near Chandni Chowk, Gymkhana Rd, Piplod, Surat",9825184377,0,,,,,1,,0,0,0,"[{""prev_price"":""0.000000"",""item_id"":""46283459"",""itemname"":""Take Away Tiramisu"",""qty"":5,""price"":0,""amount"":0,""discount"":""0.000"",""lbl_unit"":""pcs"",""unit"":""5357421"",""description"":"""",""hsn_code"":"""",""weighted_price"":0,""invoice_date"":""2026-07-01"",""sap_code"":"""",""purchase_doc_number"":"""",""purchase_invoice_number"":"""",""tax1"":0,""tax2"":0,""tax3"":0,""tax1_amount"":0,""tax2_amount"":0,""tax3_amount"":0,""expiry_date"":"""",""manufacturing_date"":"""",""sap_group_master_id"":0,""category"":""Food"",""yield_qty"":""0"",""discount_application"":""B"",""container_weight"":0,""net_weight"":""5"",""gross_weight"":0,""tax_type"":0,""excise_duty"":0,""tax1_label"":""CGST"",""tax2_label"":""SGST"",""tax3_label"":""IGST""},{""prev_price"":""0.000000"",""item_id"":""46283610"",""itemname"":""Tiramisu"",""qty"":1,""price"":580,""amount"":580,""discount"":""0.000"",""lbl_unit"":""Piece"",""unit"":""4037127"",""description"":"""",""hsn_code"":"""",""weighted_price"":580,""invoice_date"":""2026-07-01"",""sap_code"":"""",""purchase_doc_number"":"""",""purchase_invoice_number"":"""",""tax1"":0,""tax2"":0,""tax3"":0,""tax1_amount"":0,""tax2_amount"":0,""tax3_amount"":0,""expiry_date"":"""",""manufacturing_date"":"""",""sap_group_master_id"":0,""category"":""Food"",""yield_qty"":""0"",""discount_application"":""B"",""container_weight"":0,""net_weight"":""1"",""gross_weight"":0,""tax_type"":0,""excise_duty"":0,""tax1_label"":""CGST"",""tax2_label"":""SGST"",""tax3_label"":""IGST""},{""prev_price"":""0.000000"",""item_id"":""46285679"",""itemname"":""Mango Jam"",""qty"":0.5,""price"":0,""amount"":0,""discount"":""0.000"",""lbl_unit"":""Kg"",""unit"":""4037128"",""description"":"""",""hsn_code"":"""",""weighted_price"":0,""invoice_date"":""2026-07-01"",""sap_code"":"""",""purchase_doc_number"":"""",""purchase_invoice_number"":"""",""tax1"":0,""tax2"":0,""tax3"":0,""tax1_amount"":0,""tax2_amount"":0,""tax3_amount"":0,""expiry_date"":"""",""manufacturing_date"":"""",""sap_group_master_id"":0,""category"":""Food"",""rmconv_qty"":""1000"",""rmconv_qty_total"":500,""rmconv_unit_id"":""4037134"",""rmconv_unit"":""GM"",""yield_qty"":""0"",""discount_application"":""B"",""container_weight"":0,""net_weight"":""0.5"",""gross_weight"":0,""tax_type"":0,""excise_duty"":0,""tax1_label"":""CGST"",""tax2_label"":""SGST"",""tax3_label"":""IGST""},{""prev_price"":""0.000000"",""item_id"":""46283579"",""itemname"":""Callebaut Dark 811 2.5kg"",""qty"":500,""price"":0,""amount"":0,""discount"":""0.000"",""lbl_unit"":""Kg"",""unit"":""4037128"",""description"":"""",""hsn_code"":"""",""weighted_price"":0,""invoice_date"":""2026-07-01"",""sap_code"":"""",""purchase_doc_number"":"""",""purchase_invoice_number"":"""",""tax1"":0,""tax2"":0,""tax3"":0,""tax1_amount"":0,""tax2_amount"":0,""tax3_amount"":0,""expiry_date"":"""",""manufacturing_date"":"""",""sap_group_master_id"":0,""category"":""Food"",""yield_qty"":""0"",""discount_application"":""B"",""container_weight"":0,""net_weight"":""500"",""gross_weight"":0,""tax_type"":0,""excise_duty"":0,""tax1_label"":""CGST"",""tax2_label"":""SGST"",""tax3_label"":""IGST""},{""prev_price"":""0.000000"",""item_id"":""46283816"",""itemname"":""Chocolate Mousse Cake"",""qty"":3,""price"":0,""amount"":0,""discount"":""0.000"",""lbl_unit"":""pcs"",""unit"":""5357421"",""description"":"""",""hsn_code"":"""",""weighted_price"":0,""invoice_date"":""2026-07-01"",""sap_code"":"""",""purchase_doc_number"":"""",""purchase_invoice_number"":"""",""tax1"":0,""tax2"":0,""tax3"":0,""tax1_amount"":0,""tax2_amount"":0,""tax3_amount"":0,""expiry_date"":"""",""manufacturing_date"":"""",""sap_group_master_id"":0,""category"":""Food"",""yield_qty"":""0"",""discount_application"":""B"",""container_weight"":0,""net_weight"":""3"",""gross_weight"":0,""tax_type"":0,""excise_duty"":0,""tax1_label"":""CGST"",""tax2_label"":""SGST"",""tax3_label"":""IGST""},{""prev_price"":""0.000000"",""item_id"":""46283565"",""itemname"":""Pistachio Mousse Cake"",""qty"":3,""price"":580,""amount"":1740,""discount"":""0.000"",""lbl_unit"":""Piece"",""unit"":""4037127"",""description"":"""",""hsn_code"":"""",""weighted_price"":580,""invoice_date"":""2026-07-01"",""sap_code"":"""",""purchase_doc_number"":"""",""purchase_invoice_number"":"""",""tax1"":0,""tax2"":0,""tax3"":0,""tax1_amount"":0,""tax2_amount"":0,""tax3_amount"":0,""expiry_date"":"""",""manufacturing_date"":"""",""sap_group_master_id"":0,""category"":""Food"",""yield_qty"":""0"",""discount_application"":""B"",""container_weight"":0,""net_weight"":""3"",""gross_weight"":0,""tax_type"":0,""excise_duty"":0,""tax1_label"":""CGST"",""tax2_label"":""SGST"",""tax3_label"":""IGST""},{""prev_price"":""0.000000"",""item_id"":""46283815"",""itemname"":""Crunchy Crisp"",""qty"":200,""price"":0,""amount"":0,""discount"":""0.000"",""lbl_unit"":""GM"",""unit"":""4037134"",""description"":"""",""hsn_code"":"""",""weighted_price"":0,""invoice_date"":""2026-07-01"",""sap_code"":"""",""purchase_doc_number"":"""",""purchase_invoice_number"":"""",""tax1"":0,""tax2"":0,""tax3"":0,""tax1_amount"":0,""tax2_amount"":0,""tax3_amount"":0,""expiry_date"":"""",""manufacturing_date"":"""",""sap_group_master_id"":0,""category"":""Food"",""yield_qty"":""0"",""discount_application"":""B"",""container_weight"":0,""net_weight"":""200"",""gross_weight"":0,""tax_type"":0,""excise_duty"":0,""tax1_label"":""CGST"",""tax2_label"":""SGST"",""tax3_label"":""IGST""},{""prev_price"":""0.000000"",""item_id"":""46283807"",""itemname"":""Caramelised Custard"",""qty"":200,""price"":0,""amount"":0,""discount"":""0.000"",""lbl_unit"":""GM"",""unit"":""4037134"",""description"":"""",""hsn_code"":"""",""weighted_price"":0,""invoice_date"":""2026-07-01"",""sap_code"":"""",""purchase_doc_number"":"""",""purchase_invoice_number"":"""",""tax1"":0,""tax2"":0,""tax3"":0,""tax1_amount"":0,""tax2_amount"":0,""tax3_amount"":0,""expiry_date"":"""",""manufacturing_date"":"""",""sap_group_master_id"":0,""category"":""Food"",""yield_qty"":""0"",""discount_application"":""B"",""container_weight"":0,""net_weight"":""200"",""gross_weight"":0,""tax_type"":0,""excise_duty"":0,""tax1_label"":""CGST"",""tax2_label"":""SGST"",""tax3_label"":""IGST""},{""prev_price"":""0.000000"",""item_id"":""46283814"",""itemname"":""Chocolate Sauce"",""qty"":500,""price"":0,""amount"":0,""discount"":""0.000"",""lbl_unit"":""GM"",""unit"":""4037134"",""description"":"""",""hsn_code"":"""",""weighted_price"":0,""invoice_date"":""2026-07-01"",""sap_code"":"""",""purchase_doc_number"":"""",""purchase_invoice_number"":"""",""tax1"":0,""tax2"":0,""tax3"":0,""tax1_amount"":0,""tax2_amount"":0,""tax3_amount"":0,""expiry_date"":"""",""manufacturing_date"":"""",""sap_group_master_id"":0,""category"":""Food"",""yield_qty"":""0"",""discount_application"":""B"",""container_weight"":0,""net_weight"":""500"",""gross_weight"":0,""tax_type"":0,""excise_duty"":0,""tax1_label"":""CGST"",""tax2_label"":""SGST"",""tax3_label"":""IGST""},{""prev_price"":""0.000000"",""item_id"":""46283539"",""itemname"":""Vanilla Ice Cream"",""qty"":4,""price"":0,""amount"":0,""discount"":""0.000"",""lbl_unit"":""Kg"",""unit"":""4037128"",""description"":"""",""hsn_code"":"""",""weighted_price"":0,""invoice_date"":""2026-07-01"",""sap_code"":"""",""purchase_doc_number"":"""",""purchase_invoice_number"":"""",""tax1"":0,""tax2"":0,""tax3"":0,""tax1_amount"":0,""tax2_amount"":0,""tax3_amount"":0,""expiry_date"":"""",""manufacturing_date"":"""",""sap_group_master_id"":0,""category"":""Food"",""rmconv_qty"":""1000"",""rmconv_qty_total"":4000,""rmconv_unit_id"":""4037134"",""rmconv_unit"":""GM"",""yield_qty"":""0"",""discount_application"":""B"",""container_weight"":0,""net_weight"":""4"",""gross_weight"":0,""tax_type"":0,""excise_duty"":0,""tax1_label"":""CGST"",""tax2_label"":""SGST"",""tax3_label"":""IGST""},{""prev_price"":""0.000000"",""item_id"":""46285680"",""itemname"":""Vanilla Cream"",""qty"":0.6,""price"":0,""amount"":0,""discount"":""0.000"",""lbl_unit"":""Kg"",""unit"":""4037128"",""description"":"""",""hsn_code"":"""",""weighted_price"":0,""invoice_date"":""2026-07-01"",""sap_code"":"""",""purchase_doc_number"":"""",""purchase_invoice_number"":"""",""tax1"":0,""tax2"":0,""tax3"":0,""tax1_amount"":0,""tax2_amount"":0,""tax3_amount"":0,""expiry_date"":"""",""manufacturing_date"":"""",""sap_group_master_id"":0,""category"":""Food"",""rmconv_qty"":""1000"",""rmconv_qty_total"":600,""rmconv_unit_id"":""4037134"",""rmconv_unit"":""GM"",""yield_qty"":""0"",""discount_application"":""B"",""container_weight"":0,""net_weight"":""0.6"",""gross_weight"":0,""tax_type"":0,""excise_duty"":0,""tax1_label"":""CGST"",""tax2_label"":""SGST"",""tax3_label"":""IGST""},{""prev_price"":""0.000000"",""item_id"":""46283561"",""itemname"":""Soufle Batter"",""qty"":2,""price"":580,""amount"":1160,""discount"":""0.000"",""lbl_unit"":""Piece"",""unit"":""4037127"",""description"":"""",""hsn_code"":"""",""weighted_price"":580,""invoice_date"":""2026-07-01"",""sap_code"":"""",""purchase_doc_number"":"""",""purchase_invoice_number"":"""",""tax1"":0,""tax2"":0,""tax3"":0,""tax1_amount"":0,""tax2_amount"":0,""tax3_amount"":0,""expiry_date"":"""",""manufacturing_date"":"""",""sap_group_master_id"":0,""category"":""Food"",""yield_qty"":""0"",""discount_application"":""B"",""container_weight"":0,""net_weight"":""2"",""gross_weight"":0,""tax_type"":0,""excise_duty"":0,""tax1_label"":""CGST"",""tax2_label"":""SGST"",""tax3_label"":""IGST""},{""prev_price"":""0.000000"",""item_id"":""46283547"",""itemname"":""Insert Chocolate"",""qty"":2,""price"":0,""amount"":0,""discount"":""0.000"",""lbl_unit"":""pcs"",""unit"":""5357421"",""description"":"""",""hsn_code"":"""",""weighted_price"":0,""invoice_date"":""2026-07-01"",""sap_code"":"""",""purchase_doc_number"":"""",""purchase_invoice_number"":"""",""tax1"":0,""tax2"":0,""tax3"":0,""tax1_amount"":0,""tax2_amount"":0,""tax3_amount"":0,""expiry_date"":"""",""manufacturing_date"":"""",""sap_group_master_id"":0,""category"":""Food"",""yield_qty"":""0"",""discount_application"":""B"",""container_weight"":0,""net_weight"":""2"",""gross_weight"":0,""tax_type"":0,""excise_duty"":0,""tax1_label"":""CGST"",""tax2_label"":""SGST"",""tax3_label"":""IGST""},{""prev_price"":""0.000000"",""item_id"":""46283546"",""itemname"":""Coconut Ice Cream"",""qty"":0.6,""price"":0,""amount"":0,""discount"":""0.000"",""lbl_unit"":""Kg"",""unit"":""4037128"",""description"":"""",""hsn_code"":"""",""weighted_price"":0,""invoice_date"":""2026-07-01"",""sap_code"":"""",""purchase_doc_number"":"""",""purchase_invoice_number"":"""",""tax1"":0,""tax2"":0,""tax3"":0,""tax1_amount"":0,""tax2_amount"":0,""tax3_amount"":0,""expiry_date"":"""",""manufacturing_date"":"""",""sap_group_master_id"":0,""category"":""Food"",""rmconv_qty"":""1000"",""rmconv_qty_total"":600,""rmconv_unit_id"":""4037134"",""rmconv_unit"":""GM"",""yield_qty"":""0"",""discount_application"":""B"",""container_weight"":0,""net_weight"":""0.6"",""gross_weight"":0,""tax_type"":0,""excise_duty"":0,""tax1_label"":""CGST"",""tax2_label"":""SGST"",""tax3_label"":""IGST""},{""prev_price"":""0.000000"",""item_id"":""46285163"",""itemname"":""Pineapple"",""qty"":3,""price"":0,""amount"":0,""discount"":""0.000"",""lbl_unit"":""pcs"",""unit"":""5357421"",""description"":"""",""hsn_code"":"""",""weighted_price"":0,""invoice_date"":""2026-07-01"",""sap_code"":"""",""purchase_doc_number"":"""",""purchase_invoice_number"":"""",""tax1"":0,""tax2"":0,""tax3"":0,""tax1_amount"":0,""tax2_amount"":0,""tax3_amount"":0,""expiry_date"":"""",""manufacturing_date"":"""",""sap_group_master_id"":0,""category"":""Food"",""yield_qty"":""0"",""discount_application"":""B"",""container_weight"":0,""net_weight"":""3"",""gross_weight"":0,""tax_type"":0,""excise_duty"":0,""tax1_label"":""CGST"",""tax2_label"":""SGST"",""tax3_label"":""IGST""}]",[],0,0,,,[],[],,,,,,,,,,,,,,,,,,,,,,,,,,,,,,,,,,,,,,,,,,,,,,,,,,,,,,,,,,,,,,,,,,,,,,,,,,,,,,,,,,,,,,,,,,,,,,,,,,,,,,,,,,,,,,,,,,,,,,,,,,,,,,,,,,,,,,,,,,,,,,,,,,,,,,,,,,,,,,,,,,,,,,,,,,,,,,,,,,,,,,,,,,,,,,,,,,,,,,,,,,,,,,,,,,,,,,,,,,,,,,,,,,,,,,,,,,,,,,,,,,,,,,,,,,,,,,,,,,,,,,,,,,,,,,,,,,,,,,,,,,,,,,,,,,,,,,,,,,,,,,,,,,,,,,,,,,,,,,,,,,,,,,,,,,,,,,,,,,,,,,,,,,,,,,,,,,,,,,,,,,,,,,,,,,,,,,,,,,,,,,,,,,,,,,,,,,,,,,,,,,,,,,,,,,,,,,,,,,,,6a448678-3c60-429b-ba70-38f63c009e87,60.0.158.135,,,,,,,,,,,,,,,,,,,,,,,,,,,,,,,,,,,,,,,,,,,,,,,,,,,,,,,,,,,,,,,,,,,,,,,,,,,,,,,,,,,,,,,,,,,,,,,,,,,,,,,,,,,,,,,,,,,,,,,,,,,,,,,,,,,,,,,,,,,,,,,,,,,,,,,,,,,,,,,,,,,,,,,,,,,,,,,,,,,,,,,,,,,,,,,,,,,,,,,,,,,,,,,,,,,,,,,,,,,,,,,,,,,,,,,,,,,,,,,,,,,,,,,,,,,,,,,,,,,,,,,,,,,,,,,,,,,,,,,,,,,,,,,,,,,,,,,,,,,,,,,,,,,,,,,,,,,,,,,,,,,,,,,,
Surat Store,117185,134644888,Normal,,25814482,NI260716,2026-07-04,200.6,0,Active,Unpaid,24COHPS6414R1Z8,70,12.6,0,100,18.00,9.00,9.00,0,0,2026-07-10 17:28:11,2026-07-10 17:28:11,1023879,Supplier,,Surat,Surat Store,Gujarat,,"1st Floor, Samanvay, Near Chandni Chowk, Gymkhana Rd, Piplod, Surat",9825184377,,,24COHPS6414R1Z8,,Nine,Supplier,oppssurat@nineindia.in,Gujarat,,,9723649599,0,,,,,1,,,0,,"[{""prev_price"":""0.000000"",""item_id"":""36095807"",""itemname"":""Dry Ice"",""qty"":1,""price"":70,""amount"":70,""discount"":""0.000"",""lbl_unit"":""Kg"",""unit"":""2418148"",""description"":"""",""hsn_code"":"""",""weighted_price"":82.6,""invoice_date"":""2026-07-04"",""sap_code"":"""",""purchase_doc_number"":"""",""purchase_invoice_number"":"""",""tax1"":9,""tax2"":9,""tax3"":0,""tax1_amount"":6.3,""tax2_amount"":6.3,""tax3_amount"":0,""expiry_date"":"""",""manufacturing_date"":"""",""sap_group_master_id"":0,""category"":""Packaging"",""rmconv_qty"":""1000"",""rmconv_qty_total"":1000,""rmconv_unit_id"":""2418154"",""rmconv_unit"":""GM"",""yield_qty"":""0"",""discount_application"":""B"",""container_weight"":0,""net_weight"":""1"",""gross_weight"":0,""tax_type"":0,""excise_duty"":0,""tax1_label"":""CGST"",""tax2_label"":""SGST"",""tax3_label"":""IGST""}]",[],0,0,,,[],[],,,,,,,1,,,,,,,,,,,,,,,,,,,,,,,,,,,,,,,,,,,,,,,,,,,,,,,,,,,,,,,,,,,,,,,,,,,,,,,,,,,,,,,,,,,,,,,,,,,,,,,,,,,,,,,,,,,,,,,,,,,,,,,,,,,,,,,,,,,,,,,,,,,,,,,,,,,,,,,,,,,,,,,,,,,,,,,,,,,,,,,,,,,,,,,,,,,,,,,,,,,,,,,,,,,,,,,,,,,,,,,,,,,,,,,,,,,,,,,,,,,,,,,,,,,,,,,,,,,,,,,,,,,,,,,,,,,,,,,,,,,,,,,,,,,,,,,,,,,,,,,,,,,,,,,,,,,,,,,,,,,,,,,,,,,,,,,,,,,,,,,,,,,,,,,,,,,,,,,,,,,,,,,,,,,,,,,,,,,,,,,,,,,,,,,,,,,,,,,,,,,,,,,,,,,,,,,,,,,,,,,6a50de38-a168-48fe-9294-5d2d3c008ca8,60.0.158.135,,,,,,,,,,,,,,,,,,,,,,,,,,,,,,,,,,,,,,,,,,,,,,,,,,,,,,,,,,,,,,,,,,,,,,,,,,,,,,,,,,,,,,,,,,,,,,,,,,,,,,,,,,,,,,,,,,,,,,,,,,,,,,,,,,,,,,,,,,,,,,,,,,,,,,,,,,,,,,,,,,,,,,,,,,,,,,,,,,,,,,,,,,,,,,,,,,,,,,,,,,,,,,,,,,,,,,,,,,,,,,,,,,,,,,,,,,,,,,,,,,,,,,,,,,,,,,,,,,,,,,,,,,,,,,,,,,,,,,,,,,,,,,,,,,,,,,,,,,,,,,,,,,,,,,,,,,,,,,,,,,,,,,
Surat Store,117185,134644395,Normal,,25814481,NI260723,2026-07-05,200.6,0,Active,Unpaid,24COHPS6414R1Z8,70,12.6,0,100,18.00,9.00,9.00,0,0,2026-07-10 17:24:43,2026-07-10 17:24:43,1023879,Supplier,,Surat,Surat Store,Gujarat,,"1st Floor, Samanvay, Near Chandni Chowk, Gymkhana Rd, Piplod, Surat",9825184377,,,24COHPS6414R1Z8,,Nine,Supplier,oppssurat@nineindia.in,Gujarat,,,9723649599,0,,,,,1,,,0,,"[{""prev_price"":""0.000000"",""item_id"":""36095807"",""itemname"":""Dry Ice"",""qty"":1,""price"":70,""amount"":70,""discount"":""0.000"",""lbl_unit"":""Kg"",""unit"":""2418148"",""description"":"""",""hsn_code"":"""",""weighted_price"":82.6,""invoice_date"":""2026-07-05"",""sap_code"":"""",""purchase_doc_number"":"""",""purchase_invoice_number"":"""",""tax1"":9,""tax2"":9,""tax3"":0,""tax1_amount"":6.3,""tax2_amount"":6.3,""tax3_amount"":0,""expiry_date"":"""",""manufacturing_date"":"""",""sap_group_master_id"":0,""category"":""Packaging"",""rmconv_qty"":""1000"",""rmconv_qty_total"":1000,""rmconv_unit_id"":""2418154"",""rmconv_unit"":""GM"",""yield_qty"":""0"",""discount_application"":""B"",""container_weight"":0,""net_weight"":""1"",""gross_weight"":0,""tax_type"":0,""excise_duty"":0,""tax1_label"":""CGST"",""tax2_label"":""SGST"",""tax3_label"":""IGST""}]",[],0,0,,,[],[],,,,,,,1,,,,,,,,,,,,,,,,,,,,,,,,,,,,,,,,,,,,,,,,,,,,,,,,,,,,,,,,,,,,,,,,,,,,,,,,,,,,,,,,,,,,,,,,,,,,,,,,,,,,,,,,,,,,,,,,,,,,,,,,,,,,,,,,,,,,,,,,,,,,,,,,,,,,,,,,,,,,,,,,,,,,,,,,,,,,,,,,,,,,,,,,,,,,,,,,,,,,,,,,,,,,,,,,,,,,,,,,,,,,,,,,,,,,,,,,,,,,,,,,,,,,,,,,,,,,,,,,,,,,,,,,,,,,,,,,,,,,,,,,,,,,,,,,,,,,,,,,,,,,,,,,,,,,,,,,,,,,,,,,,,,,,,,,,,,,,,,,,,,,,,,,,,,,,,,,,,,,,,,,,,,,,,,,,,,,,,,,,,,,,,,,,,,,,,,,,,,,,,,,,,,,,,,,,,,,,,,,,6a50dd34-7bd8-4163-8385-60c53c008ca8,60.0.140.168,,,,,,,,,,,,,,,,,,,,,,,,,,,,,,,,,,,,,,,,,,,,,,,,,,,,,,,,,,,,,,,,,,,,,,,,,,,,,,,,,,,,,,,,,,,,,,,,,,,,,,,,,,,,,,,,,,,,,,,,,,,,,,,,,,,,,,,,,,,,,,,,,,,,,,,,,,,,,,,,,,,,,,,,,,,,,,,,,,,,,,,,,,,,,,,,,,,,,,,,,,,,,,,,,,,,,,,,,,,,,,,,,,,,,,,,,,,,,,,,,,,,,,,,,,,,,,,,,,,,,,,,,,,,,,,,,,,,,,,,,,,,,,,,,,,,,,,,,,,,,,,,,,,,,,,,,,,,,,,,,,,,
Surat Store,117185,134643739,Normal,,25814480,NI260725,2026-07-07,200.6,0,Active,Unpaid,24COHPS6414R1Z8,70,12.6,0,100,18.00,9.00,9.00,0,0,2026-07-10 17:19:50,2026-07-10 17:19:50,1023879,Supplier,,Surat,Surat Store,Gujarat,,"1st Floor, Samanvay, Near Chandni Chowk, Gymkhana Rd, Piplod, Surat",9825184377,,,24COHPS6414R1Z8,,Nine,Supplier,oppssurat@nineindia.in,Gujarat,,,9723649599,0,,,,,1,,,0,,"[{""prev_price"":""0.000000"",""item_id"":""36095807"",""itemname"":""Dry Ice"",""qty"":1,""price"":70,""amount"":70,""discount"":""0.000"",""lbl_unit"":""Kg"",""unit"":""2418148"",""description"":"""",""hsn_code"":"""",""weighted_price"":82.6,""invoice_date"":""2026-07-07"",""sap_code"":"""",""purchase_doc_number"":"""",""purchase_invoice_number"":"""",""tax1"":9,""tax2"":9,""tax3"":0,""tax1_amount"":6.3,""tax2_amount"":6.3,""tax3_amount"":0,""expiry_date"":"""",""manufacturing_date"":"""",""sap_group_master_id"":0,""category"":""Packaging"",""rmconv_qty"":""1000"",""rmconv_qty_total"":1000,""rmconv_unit_id"":""2418154"",""rmconv_unit"":""GM"",""yield_qty"":""0"",""discount_application"":""B"",""container_weight"":0,""net_weight"":""1"",""gross_weight"":0,""tax_type"":0,""excise_duty"":0,""tax1_label"":""CGST"",""tax2_label"":""SGST"",""tax3_label"":""IGST""}]",[],0,0,,,[],[],,,,,,,1,,,,,,,,,,,,,,,,,,,,,,,,,,,,,,,,,,,,,,,,,,,,,,,,,,,,,,,,,,,,,,,,,,,,,,,,,,,,,,,,,,,,,,,,,,,,,,,,,,,,,,,,,,,,,,,,,,,,,,,,,,,,,,,,,,,,,,,,,,,,,,,,,,,,,,,,,,,,,,,,,,,,,,,,,,,,,,,,,,,,,,,,,,,,,,,,,,,,,,,,,,,,,,,,,,,,,,,,,,,,,,,,,,,,,,,,,,,,,,,,,,,,,,,,,,,,,,,,,,,,,,,,,,,,,,,,,,,,,,,,,,,,,,,,,,,,,,,,,,,,,,,,,,,,,,,,,,,,,,,,,,,,,,,,,,,,,,,,,,,,,,,,,,,,,,,,,,,,,,,,,,,,,,,,,,,,,,,,,,,,,,,,,,,,,,,,,,,,,,,,,,,,,,,,,,,,,,,,,,,6a50dbe9-0934-4d27-a4bd-71e83c0082a3,60.0.159.192,,,,,,,,,,,,,,,,,,,,,,,,,,,,,,,,,,,,,,,,,,,,,,,,,,,,,,,,,,,,,,,,,,,,,,,,,,,,,,,,,,,,,,,,,,,,,,,,,,,,,,,,,,,,,,,,,,,,,,,,,,,,,,,,,,,,,,,,,,,,,,,,,,,,,,,,,,,,,,,,,,,,,,,,,,,,,,,,,,,,,,,,,,,,,,,,,,,,,,,,,,,,,,,,,,,,,,,,,,,,,,,,,,,,,,,,,,,,,,,,,,,,,,,,,,,,,,,,,,,,,,,,,,,,,,,,,,,,,,,,,,,,,,,,,,,,,,,,,,,,,,,,,,,,,,,,,,,,,,,,,,
Surat Store,117185,134643399,Normal,,25814479,NI260722,2026-07-06,283.2,0,Active,Unpaid,24COHPS6414R1Z8,140,25.2,0,100,18.00,9.00,9.00,0,0,2026-07-10 17:17:21,2026-07-10 17:17:21,1023879,Supplier,,Surat,Surat Store,Gujarat,,"1st Floor, Samanvay, Near Chandni Chowk, Gymkhana Rd, Piplod, Surat",9825184377,,,24COHPS6414R1Z8,,Nine,Supplier,oppssurat@nineindia.in,Gujarat,,,9723649599,0,,,,,1,,,0,,"[{""prev_price"":""0.000000"",""item_id"":""36095807"",""itemname"":""Dry Ice"",""qty"":2,""price"":70,""amount"":140,""discount"":""0.000"",""lbl_unit"":""Kg"",""unit"":""2418148"",""description"":"""",""hsn_code"":"""",""weighted_price"":82.6,""invoice_date"":""2026-07-06"",""sap_code"":"""",""purchase_doc_number"":"""",""purchase_invoice_number"":"""",""tax1"":9,""tax2"":9,""tax3"":0,""tax1_amount"":12.6,""tax2_amount"":12.6,""tax3_amount"":0,""expiry_date"":"""",""manufacturing_date"":"""",""sap_group_master_id"":0,""category"":""Packaging"",""rmconv_qty"":""1000"",""rmconv_qty_total"":2000,""rmconv_unit_id"":""2418154"",""rmconv_unit"":""GM"",""yield_qty"":""0"",""discount_application"":""B"",""container_weight"":0,""net_weight"":""2"",""gross_weight"":0,""tax_type"":0,""excise_duty"":0,""tax1_label"":""CGST"",""tax2_label"":""SGST"",""tax3_label"":""IGST""}]",[],0,0,,,[],[],,,,,,,1,,,,,,,,,,,,,,,,,,,,,,,,,,,,,,,,,,,,,,,,,,,,,,,,,,,,,,,,,,,,,,,,,,,,,,,,,,,,,,,,,,,,,,,,,,,,,,,,,,,,,,,,,,,,,,,,,,,,,,,,,,,,,,,,,,,,,,,,,,,,,,,,,,,,,,,,,,,,,,,,,,,,,,,,,,,,,,,,,,,,,,,,,,,,,,,,,,,,,,,,,,,,,,,,,,,,,,,,,,,,,,,,,,,,,,,,,,,,,,,,,,,,,,,,,,,,,,,,,,,,,,,,,,,,,,,,,,,,,,,,,,,,,,,,,,,,,,,,,,,,,,,,,,,,,,,,,,,,,,,,,,,,,,,,,,,,,,,,,,,,,,,,,,,,,,,,,,,,,,,,,,,,,,,,,,,,,,,,,,,,,,,,,,,,,,,,,,,,,,,,,,,,,,,,,,,,,,,,,,,,,6a50db73-68c8-4983-b962-1dac3c009fc0,60.0.139.155,,,,,,,,,,,,,,,,,,,,,,,,,,,,,,,,,,,,,,,,,,,,,,,,,,,,,,,,,,,,,,,,,,,,,,,,,,,,,,,,,,,,,,,,,,,,,,,,,,,,,,,,,,,,,,,,,,,,,,,,,,,,,,,,,,,,,,,,,,,,,,,,,,,,,,,,,,,,,,,,,,,,,,,,,,,,,,,,,,,,,,,,,,,,,,,,,,,,,,,,,,,,,,,,,,,,,,,,,,,,,,,,,,,,,,,,,,,,,,,,,,,,,,,,,,,,,,,,,,,,,,,,,,,,,,,,,,,,,,,,,,,,,,,,,,,,,,,,,,,,,,,,,,,,,,,,,,,,,,,,
Surat Store,117185,134629081,From Sales,117822629,25812497,,2026-07-04,4100,0,Active,Unpaid,,4100,0,0,0,0.00,0,0,0,0,2026-07-10 15:41:29,2026-07-10 15:41:29,443195,Kitchen,,Surat,Surat Store,Gujarat,,"1st Floor, Samanvay, Near Chandni Chowk, Gymkhana Rd, Piplod, Surat",9825184377,,,,Ahmedabad,Ahmedabad store 2.0 ,Kitchen,,Gujarat,,Ahmedabad ,8849373682,0,,1,,,1,,0,0,0,"[{""prev_price"":""82.000000"",""item_id"":""40604276"",""itemname"":""Caster Sugar 1kg"",""qty"":50,""price"":82,""amount"":4100,""discount"":""0.000"",""lbl_unit"":""Qty"",""unit"":""2418165"",""description"":"""",""hsn_code"":"""",""weighted_price"":82,""invoice_date"":""2026-07-04"",""sap_code"":"""",""purchase_doc_number"":"""",""purchase_invoice_number"":"""",""tax1"":0,""tax2"":0,""tax3"":0,""tax1_amount"":0,""tax2_amount"":0,""tax3_amount"":0,""expiry_date"":"""",""manufacturing_date"":"""",""sap_group_master_id"":0,""category"":""Food"",""yield_qty"":""0"",""discount_application"":""B"",""container_weight"":0,""net_weight"":""50"",""gross_weight"":0,""tax_type"":0,""excise_duty"":0,""tax1_label"":""CGST"",""tax2_label"":""SGST"",""tax3_label"":""IGST""}]",[],0,0,,,[],[],,,,,,,,,,,,,,,,,,,,,,,,,,,,,,,,,,,,,,,,,,,,,,,,,,,,,,,,,,,,,,,,,,,,,,,,,,,,,,,,,,,,,,,,,,,,,,,,,,,,,,,,,,,,,,,,,,,,,,,,,,,,,,,,,,,,,,,,,,,,,,,,,,,,,,,,,,,,,,,,,,,,,,,,,,,,,,,,,,,,,,,,,,,,,,,,,,,,,,,,,,,,,,,,,,,,,,,,,,,,,,,,,,,,,,,,,,,,,,,,,,,,,,,,,,,,,,,,,,,,,,,,,,,,,,,,,,,,,,,,,,,,,,,,,,,,,,,,,,,,,,,,,,,,,,,,,,,,,,,,,,,,,,,,,,,,,,,,,,,,,,,,,,,,,,,,,,,,,,,,,,,,,,,,,,,,,,,,,,,,,,,,,,,,,,,,,,,,,,,,,,,,,,,,,,,,,,,,,,,,,,,,,,,,,,6a50c54b-ab20-4b79-9f6f-6a1d3c009fc0,60.0.140.168,,,,,,,,,,,,,,,,,,,,,,,,,,,,,,,,,,,,,,,,,,,,,,,,,,,,,,,,,,,,,,,,,,,,,,,,,,,,,,,,,,,,,,,,,,,,,,,,,,,,,,,,,,,,,,,,,,,,,,,,,,,,,,,,,,,,,,,,,,,,,,,,,,,,,,,,,,,,,,,,,,,,,,,,,,,,,,,,,,,,,,,,,,,,,,,,,,,,,,,,,,,,,,,,,,,,,,,,,,,,,,,,,,,,,,,,,,,,,,,,,,,,,,,,,,,,,,,,,,,,,,,,,,,,,,,,,,,,,,,,,,,,,,,,,,,,,,,,,,,,,,,,,,,,,,,,,,,,,,
Surat Store,117185,134596785,Normal,,25814470,26-27/2350,2026-07-06,190.008,0,Active,Unpaid,24agups7852e1zt,180.96,9.048,0,0,0.00,0,0,0,0,2026-07-10 11:53:42,2026-07-10 11:53:42,546095,Supplier,,Surat,Surat Store,Gujarat,,"1st Floor, Samanvay, Near Chandni Chowk, Gymkhana Rd, Piplod, Surat",9825184377,,,24agups7852e1zt,,Blue Star Food Products,Supplier,,Gujarat,,"39-40, Hariom industrial , shantinath mill lane , navjivan circle , udhna magadalla 395007",9825135103,0,,,,,1,,,0,,"[{""prev_price"":""0.000000"",""item_id"":""37937849"",""itemname"":""Dahi"",""qty"":2,""price"":90.48,""amount"":180.96,""discount"":""0.000"",""lbl_unit"":""Kg"",""unit"":""2418148"",""description"":"""",""hsn_code"":"""",""weighted_price"":95.004,""invoice_date"":""2026-07-06"",""sap_code"":"""",""purchase_doc_number"":"""",""purchase_invoice_number"":"""",""tax1"":2.5,""tax2"":2.5,""tax3"":0,""tax1_amount"":4.524,""tax2_amount"":4.524,""tax3_amount"":0,""expiry_date"":"""",""manufacturing_date"":"""",""sap_group_master_id"":0,""category"":""Food"",""rmconv_qty"":""1000"",""rmconv_qty_total"":2000,""rmconv_unit_id"":""2418154"",""rmconv_unit"":""GM"",""yield_qty"":""0"",""discount_application"":""B"",""container_weight"":0,""net_weight"":""2"",""gross_weight"":0,""tax_type"":0,""excise_duty"":0,""tax1_label"":""CGST"",""tax2_label"":""SGST"",""tax3_label"":""IGST""}]",[],0,0,,,[],[],,,,,,,1,,,,,,,,,,,,,,,,,,,,,,,,,,,,,,,,,,,,,,,,,,,,,,,,,,,,,,,,,,,,,,,,,,,,,,,,,,,,,,,,,,,,,,,,,,,,,,,,,,,,,,,,,,,,,,,,,,,,,,,,,,,,,,,,,,,,,,,,,,,,,,,,,,,,,,,,,,,,,,,,,,,,,,,,,,,,,,,,,,,,,,,,,,,,,,,,,,,,,,,,,,,,,,,,,,,,,,,,,,,,,,,,,,,,,,,,,,,,,,,,,,,,,,,,,,,,,,,,,,,,,,,,,,,,,,,,,,,,,,,,,,,,,,,,,,,,,,,,,,,,,,,,,,,,,,,,,,,,,,,,,,,,,,,,,,,,,,,,,,,,,,,,,,,,,,,,,,,,,,,,,,,,,,,,,,,,,,,,,,,,,,,,,,,,,,,,,,,,,,,,,,,,,,,,,,,,,,,,,,,,,,,,,6a508fad-4604-4b0f-974d-31413c008b9b,60.0.158.135,,,,,,,,,,,,,,,,,,,,,,,,,,,,,,,,,,,,,,,,,,,,,,,,,,,,,,,,,,,,,,,,,,,,,,,,,,,,,,,,,,,,,,,,,,,,,,,,,,,,,,,,,,,,,,,,,,,,,,,,,,,,,,,,,,,,,,,,,,,,,,,,,,,,,,,,,,,,,,,,,,,,,,,,,,,,,,,,,,,,,,,,,,,,,,,,,,,,,,,,,,,,,,,,,,,,,,,,,,,,,,,,,,,,,,,,,,,,,,,,,,,,,,,,,,,,,,,,,,,,,,,,,,,,,,,,,,,,,,,,,,,,,,,,,,,,,,,,,,,,,,,,,,,,,,,,,,,,
Surat Store,117185,134396014,Normal,,25814458,1152,2026-07-07,3400,0,Active,Unpaid,,3400,0,0,0,0.00,0,0,0,0,2026-07-08 11:45:03,2026-07-11 17:35:59,545259,Supplier,,Surat,Surat Store,Gujarat,,"1st Floor, Samanvay, Near Chandni Chowk, Gymkhana Rd, Piplod, Surat",9825184377,,,,,Jain Uttam Flour Mill,Supplier,,Gujarat,,"Massimo, Althan, Surat.",,0,,,,,1,,,0,,"[{""prev_price"":""68.000000"",""item_id"":""11960975"",""itemname"":""Corn Flour ."",""qty"":50,""price"":68,""amount"":3400,""discount"":""0.000"",""lbl_unit"":""Kg"",""unit"":""2418148"",""description"":"""",""hsn_code"":"""",""weighted_price"":68,""invoice_date"":""2026-07-07"",""sap_code"":"""",""purchase_doc_number"":"""",""purchase_invoice_number"":"""",""tax1"":0,""tax2"":0,""tax3"":0,""tax1_amount"":0,""tax2_amount"":0,""tax3_amount"":0,""expiry_date"":"""",""manufacturing_date"":"""",""sap_group_master_id"":0,""category"":""Food"",""yield_qty"":""0"",""discount_application"":""B"",""container_weight"":0,""net_weight"":""50"",""gross_weight"":""50"",""tax_type"":0,""excise_duty"":0,""tax1_label"":""CGST"",""tax2_label"":""SGST"",""tax3_label"":""IGST""}]",[],0,0,,,[],[],,,,,,,1,,,,,,,,,,,,,,,,,,,,,,,,,,,,,,,,,,,,,,,,,,,,,,,,,,,,,,,,,,,,,,,,,,,,,,,,,,,,,,,,,,,,,,,,,,,,,,,,,,,,,,,,,,,,,,,,,,,,,,,,,,,,,,,,,,,,,,,,,,,,,,,,,,,,,,,,,,,,,,,,,,,,,,,,,,,,,,,,,,,,,,,,,,,,,,,,,,,,,,,,,,,,,,,,,,,,,,,,,,,,,,,,,,,,,,,,,,,,,,,,,,,,,,,,,,,,,,,,,,,,,,,,,,,,,,,,,,,,,,,,,,,,,,,,,,,,,,,,,,,,,,,,,,,,,,,,,,,,,,,,,,,,,,,,,,,,,,,,,,,,,,,,,,,,,,,,,,,,,,,,,,,,,,,,,,,,,,,,,,,,,,,,,,,,,,,,,,,,,,,,,,,,,,,,,,,,,,,,,,,,,,,,,,,6a4deac1-59a4-4b4b-941c-15363c009bf9,6a52316d-90c8-4d77-928c-15363c009e85,60.0.155.249,60.0.145.24,,,,,,,,,,,,,,,,,,,,,,,,,,,,,,,,,,,,,,,,,,,,,,,,,,,,,,,,,,,,,,,,,,,,,,,,,,,,,,,,,,,,,,,,,,,,,,,,,,,,,,,,,,,,,,,,,,,,,,,,,,,,,,,,,,,,,,,,,,,,,,,,,,,,,,,,,,,,,,,,,,,,,,,,,,,,,,,,,,,,,,,,,,,,,,,,,,,,,,,,,,,,,,,,,,,,,,,,,,,,,,,,,,,,,,,,,,,,,,,,,,,,,,,,,,,,,,,,,,,,,,,,,,,,,,,,,,,,,,,,,,,,,,,,,,,,,,,,,,,,,,,,,,,,,,,,
Surat Store,117185,134333799,Normal,,25814457,INV353-2605242,2026-07-07,10918.122,0,Active,Unpaid,24ACSPP6598A1Z5,7798.658,3119.46,0,0,0.00,0,0,0,0,2026-07-07 17:04:01,2026-07-10 11:27:26,753876,Supplier,,Surat,Surat Store,Gujarat,,"1st Floor, Samanvay, Near Chandni Chowk, Gymkhana Rd, Piplod, Surat",9825184377,,,24ACSPP6598A1Z5,,Mahalaxmi Enterprise,Supplier,,Gujarat,,p np 14 sai residency nr ruchi township opp ichchhapore police station ichchhapore kawas suratichchhapor.,8799536449,0,,,,,1,,,0,,"[{""prev_price"":""24.995699"",""item_id"":""11961072"",""itemname"":""Schweppes Ginger Ale 300ml"",""qty"":312,""price"":24.995699,""amount"":7798.658,""discount"":""0.000"",""lbl_unit"":""Qty"",""unit"":""2418165"",""description"":"""",""hsn_code"":"""",""weighted_price"":34.993981,""invoice_date"":""2026-07-07"",""sap_code"":"""",""purchase_doc_number"":"""",""purchase_invoice_number"":"""",""tax1"":20,""tax2"":20,""tax3"":0,""tax1_amount"":1559.732,""tax2_amount"":1559.732,""tax3_amount"":0,""expiry_date"":"""",""manufacturing_date"":"""",""sap_group_master_id"":0,""category"":""Food"",""yield_qty"":""0"",""discount_application"":""B"",""pricing_method"":""0"",""container_weight"":0,""net_weight"":""312"",""gross_weight"":""312"",""tax_type"":0,""excise_duty"":0,""tax1_label"":""CGST"",""tax2_label"":""SGST"",""tax3_label"":""IGST""}]",[],0,0,,,[],[],,,,,,,1,,,,,,,,,,,,,,,,,,,,,,,,,,,,,,,,,,,,,,,,,,,,,,,,,,,,,,,,,,,,,,,,,,,,,,,,,,,,,,,,,,,,,,,,,,,,,,,,,,,,,,,,,,,,,,,,,,,,,,,,,,,,,,,,,,,,,,,,,,,,,,,,,,,,,,,,,,,,,,,,,,,,,,,,,,,,,,,,,,,,,,,,,,,,,,,,,,,,,,,,,,,,,,,,,,,,,,,,,,,,,,,,,,,,,,,,,,,,,,,,,,,,,,,,,,,,,,,,,,,,,,,,,,,,,,,,,,,,,,,,,,,,,,,,,,,,,,,,,,,,,,,,,,,,,,,,,,,,,,,,,,,,,,,,,,,,,,,,,,,,,,,,,,,,,,,,,,,,,,,,,,,,,,,,,,,,,,,,,,,,,,,,,,,,,,,,,,,,,,,,,,,,,,,,,,,,,,,,,,,,,,,,,,,,,,,6a4ce1e8-7ef0-487b-b584-2b9c3c0088f3,6a5089bb-d558-44d0-aa41-16e13c008b9b,60.0.153.254,60.0.130.163,,,,,,,,,,,,,,,,,,,,,,,,,,,,,,,,,,,,,,,,,,,,,,,,,,,,,,,,,,,,,,,,,,,,,,,,,,,,,,,,,,,,,,,,,,,,,,,,,,,,,,,,,,,,,,,,,,,,,,,,,,,,,,,,,,,,,,,,,,,,,,,,,,,,,,,,,,,,,,,,,,,,,,,,,,,,,,,,,,,,,,,,,,,,,,,,,,,,,,,,,,,,,,,,,,,,,,,,,,,,,,,,,,,,,,,,,,,,,,,,,,,,,,,,,,,,,,,,,,,,,,,,,,,,,,,,,,,,,,,,,,,,,,,,,,,,,,,,,,,,,,,,,,,,
Surat Store,117185,134233933,Normal,,25814456,GD2627G2258,2026-07-06,10941.684,0,Active,Unpaid,24AACCG8010F1Z4,10420.65,521.034,0,0,0.00,0,0,0,0,2026-07-06 18:17:56,2026-07-10 11:37:27,545234,Supplier,,Surat,Surat Store,Gujarat,,"1st Floor, Samanvay, Near Chandni Chowk, Gymkhana Rd, Piplod, Surat",9825184377,,,24AACCG8010F1Z4,,Golaka Pvt. Ltd.,Supplier,order.golokadairy@hotmail.com,Gujarat,,"301,Dhanlaxmi Building, Behind Government Colony, Tithal road, Valsad - 396001.",9879073344,0,,,,,1,,,0,,"[{""prev_price"":""544.170000"",""item_id"":""37820304"",""itemname"":""Mozzarella Cheese 1kg"",""qty"":15,""price"":544.17,""amount"":8162.55,""discount"":""0.000"",""lbl_unit"":""Qty"",""unit"":""2418165"",""description"":"""",""hsn_code"":"""",""weighted_price"":571.378533,""invoice_date"":""2026-07-06"",""sap_code"":"""",""purchase_doc_number"":"""",""purchase_invoice_number"":"""",""tax1"":2.5,""tax2"":2.5,""tax3"":0,""tax1_amount"":204.064,""tax2_amount"":204.064,""tax3_amount"":0,""expiry_date"":"""",""manufacturing_date"":"""",""sap_group_master_id"":0,""category"":""Food"",""yield_qty"":""0"",""discount_application"":""B"",""pricing_method"":""0"",""container_weight"":0,""net_weight"":""15"",""gross_weight"":""15"",""tax_type"":0,""excise_duty"":0,""tax1_label"":""CGST"",""tax2_label"":""SGST"",""tax3_label"":""IGST""},{""prev_price"":""451.620000"",""item_id"":""11961122"",""itemname"":""Burrata Cheese 600gm"",""qty"":5,""price"":451.62,""amount"":2258.1,""discount"":""0.000"",""lbl_unit"":""Qty"",""unit"":""2418165"",""description"":"""",""hsn_code"":"""",""weighted_price"":474.2012,""invoice_date"":""2026-07-06"",""sap_code"":"""",""purchase_doc_number"":"""",""purchase_invoice_number"":"""",""tax1"":2.5,""tax2"":2.5,""tax3"":0,""tax1_amount"":56.453,""tax2_amount"":56.453,""tax3_amount"":0,""expiry_date"":"""",""manufacturing_date"":"""",""sap_group_master_id"":0,""category"":""Food"",""yield_qty"":""0"",""discount_application"":""B"",""pricing_method"":""0"",""container_weight"":0,""net_weight"":""5"",""gross_weight"":""5"",""tax_type"":0,""excise_duty"":0,""tax1_label"":""CGST"",""tax2_label"":""SGST"",""tax3_label"":""IGST""}]",[],0,0,,,[],[],,,,,,,1,,,,,,,,,,,,,,,,,,,,,,,,,,,,,,,,,,,,,,,,,,,,,,,,,,,,,,,,,,,,,,,,,,,,,,,,,,,,,,,,,,,,,,,,,,,,,,,,,,,,,,,,,,,,,,,,,,,,,,,,,,,,,,,,,,,,,,,,,,,,,,,,,,,,,,,,,,,,,,,,,,,,,,,,,,,,,,,,,,,,,,,,,,,,,,,,,,,,,,,,,,,,,,,,,,,,,,,,,,,,,,,,,,,,,,,,,,,,,,,,,,,,,,,,,,,,,,,,,,,,,,,,,,,,,,,,,,,,,,,,,,,,,,,,,,,,,,,,,,,,,,,,,,,,,,,,,,,,,,,,,,,,,,,,,,,,,,,,,,,,,,,,,,,,,,,,,,,,,,,,,,,,,,,,,,,,,,,,,,,,,,,,,,,,,,,,,,,,,,,,,,,,,,,,,,,,,,,,,,,,,,,,,,,,,,,,,,,6a4ba3c0-fddc-4c36-9994-22a63c009e87,6a508c16-3e4c-48b6-9141-03c53c0082a3,60.0.158.135,60.0.158.135,,,,,,,,,,,,,,,,,,,,,,,,,,,,,,,,,,,,,,,,,,,,,,,,,,,,,,,,,,,,,,,,,,,,,,,,,,,,,,,,,,,,,,,,,,,,,,,,,,,,,,,,,,,,,,,,,,,,,,,,,,,,,,,,,,,,,,,,,,,,,,,,,,,,,,,,,,,,,,,,,,,,,,,,,,,,,,,,,,,,,,,,,,,,,,,,,,,,,,,,,,,,,,,,,,,,,,,,,,,,,,,,,,,,,,,,,,,,,,,,,,,,,,,,,,,,,,,,,,,,,,,,,,,,,,,,,,,,,,,,,,,,,,,,,,,,,,,,,,,,,,,,
Surat Store,117185,134228486,Normal,,25814455,8274,2026-07-06,9712.458,0,Active,Unpaid,24BBEPK9723N1Z9,9249.96,462.498,0,0,0.00,0,0,0,0,2026-07-06 17:37:41,2026-07-10 11:34:23,545245,Supplier,,Surat,Surat Store,Gujarat,,"1st Floor, Samanvay, Near Chandni Chowk, Gymkhana Rd, Piplod, Surat",9825184377,,,24BBEPK9723N1Z9,,RN Corporation,Supplier,,Gujarat,,"G-16 Someshwara Square, vesu, surat - 395007.",9998896728,0,,,,,1,,,0,,"[{""prev_price"":""880.950000"",""item_id"":""46049502"",""itemname"":""Frozen Rasbeery 1 Kg"",""qty"":3,""price"":880.95,""amount"":2642.85,""discount"":""0.000"",""lbl_unit"":""Qty"",""unit"":""2418165"",""description"":"""",""hsn_code"":"""",""weighted_price"":924.997333,""invoice_date"":""2026-07-06"",""sap_code"":"""",""purchase_doc_number"":"""",""purchase_invoice_number"":"""",""tax1"":2.5,""tax2"":2.5,""tax3"":0,""tax1_amount"":66.071,""tax2_amount"":66.071,""tax3_amount"":0,""expiry_date"":"""",""manufacturing_date"":"""",""sap_group_master_id"":0,""category"":""Food"",""yield_qty"":""0"",""discount_application"":""B"",""container_weight"":0,""net_weight"":""3"",""gross_weight"":""3"",""tax_type"":0,""excise_duty"":0,""tax1_label"":""CGST"",""tax2_label"":""SGST"",""tax3_label"":""IGST""},{""prev_price"":""2202.370000"",""item_id"":""45146513"",""itemname"":""Frozen Raspberry 2.5 Kg"",""qty"":3,""price"":2202.37,""amount"":6607.11,""discount"":""0.000"",""lbl_unit"":""Qty"",""unit"":""2418165"",""description"":"""",""hsn_code"":"""",""weighted_price"":2312.488667,""invoice_date"":""2026-07-06"",""sap_code"":"""",""purchase_doc_number"":"""",""purchase_invoice_number"":"""",""tax1"":2.5,""tax2"":2.5,""tax3"":0,""tax1_amount"":165.178,""tax2_amount"":165.178,""tax3_amount"":0,""expiry_date"":"""",""manufacturing_date"":"""",""sap_group_master_id"":0,""category"":""Food"",""yield_qty"":""0"",""discount_application"":""B"",""container_weight"":0,""net_weight"":""3"",""gross_weight"":""3"",""tax_type"":0,""excise_duty"":0,""tax1_label"":""CGST"",""tax2_label"":""SGST"",""tax3_label"":""IGST""}]",[],0,0,,,[],[],,,,,,,1,,,,,,,,,,,,,,,,,,,,,,,,,,,,,,,,,,,,,,,,,,,,,,,,,,,,,,,,,,,,,,,,,,,,,,,,,,,,,,,,,,,,,,,,,,,,,,,,,,,,,,,,,,,,,,,,,,,,,,,,,,,,,,,,,,,,,,,,,,,,,,,,,,,,,,,,,,,,,,,,,,,,,,,,,,,,,,,,,,,,,,,,,,,,,,,,,,,,,,,,,,,,,,,,,,,,,,,,,,,,,,,,,,,,,,,,,,,,,,,,,,,,,,,,,,,,,,,,,,,,,,,,,,,,,,,,,,,,,,,,,,,,,,,,,,,,,,,,,,,,,,,,,,,,,,,,,,,,,,,,,,,,,,,,,,,,,,,,,,,,,,,,,,,,,,,,,,,,,,,,,,,,,,,,,,,,,,,,,,,,,,,,,,,,,,,,,,,,,,,,,,,,,,,,,,,,,,,,,,,,,,,,,,,,,,,,,,,,,,,6a4b998a-7a10-456a-8d86-43733c009def,6a508b5c-7ac0-476a-b6ff-5d103c0082a3,60.0.158.135,60.0.158.135,,,,,,,,,,,,,,,,,,,,,,,,,,,,,,,,,,,,,,,,,,,,,,,,,,,,,,,,,,,,,,,,,,,,,,,,,,,,,,,,,,,,,,,,,,,,,,,,,,,,,,,,,,,,,,,,,,,,,,,,,,,,,,,,,,,,,,,,,,,,,,,,,,,,,,,,,,,,,,,,,,,,,,,,,,,,,,,,,,,,,,,,,,,,,,,,,,,,,,,,,,,,,,,,,,,,,,,,,,,,,,,,,,,,,,,,,,,,,,,,,,,,,,,,,,,,,,,,,,,,,,,,,,,,,,,,,,,,,,,,,,,,,,,,,,,,,,,,,,,,
Surat Store,117185,134210957,Normal,,25814454,Order #23606,2026-07-06,1995,0,Active,Unpaid,,1995,0,0,0,0.00,0,0,0,0,2026-07-06 15:36:24,2026-07-12 12:47:27,1407672,Supplier,,Surat,Surat Store,Gujarat,,"1st Floor, Samanvay, Near Chandni Chowk, Gymkhana Rd, Piplod, Surat",9825184377,,,,,Pushmycart.in,Supplier,,Karnataka,,bangaluru,06309580104,0,,,,,1,,,0,,"[{""prev_price"":""399.000000"",""item_id"":""46919898"",""itemname"":""Tadgola 1ltr Tin"",""qty"":5,""price"":399,""amount"":1995,""discount"":""0.000"",""lbl_unit"":""Qty"",""unit"":""2418165"",""description"":"""",""hsn_code"":"""",""weighted_price"":399,""invoice_date"":""2026-07-06"",""sap_code"":"""",""purchase_doc_number"":"""",""purchase_invoice_number"":"""",""tax1"":0,""tax2"":0,""tax3"":0,""tax1_amount"":0,""tax2_amount"":0,""tax3_amount"":0,""expiry_date"":"""",""manufacturing_date"":"""",""sap_group_master_id"":0,""category"":""Food"",""yield_qty"":""0"",""discount_application"":""B"",""container_weight"":0,""net_weight"":""5"",""gross_weight"":""5"",""tax_type"":0,""excise_duty"":0,""tax1_label"":""CGST"",""tax2_label"":""SGST"",""tax3_label"":""IGST""}]",[],0,0,,,[],[],,,,,,,1,,,,,,,,,,,,,,,,,,,,,,,,,,,,,,,,,,,,,,,,,,,,,,,,,,,,,,,,,,,,,,,,,,,,,,,,,,,,,,,,,,,,,,,,,,,,,,,,,,,,,,,,,,,,,,,,,,,,,,,,,,,,,,,,,,,,,,,,,,,,,,,,,,,,,,,,,,,,,,,,,,,,,,,,,,,,,,,,,,,,,,,,,,,,,,,,,,,,,,,,,,,,,,,,,,,,,,,,,,,,,,,,,,,,,,,,,,,,,,,,,,,,,,,,,,,,,,,,,,,,,,,,,,,,,,,,,,,,,,,,,,,,,,,,,,,,,,,,,,,,,,,,,,,,,,,,,,,,,,,,,,,,,,,,,,,,,,,,,,,,,,,,,,,,,,,,,,,,,,,,,,,,,,,,,,,,,,,,,,,,,,,,,,,,,,,,,,,,,,,,,,,,,,,,,,,,,,,,,,,,,,,,,,,,,,,,,,,,,,,,,,,6a4b7d51-4224-458c-868d-09a33c008963,6a533f7b-c6e4-4774-948e-21233c0089ab,60.0.137.99,60.0.137.171,,,,,,,,,,,,,,,,,,,,,,,,,,,,,,,,,,,,,,,,,,,,,,,,,,,,,,,,,,,,,,,,,,,,,,,,,,,,,,,,,,,,,,,,,,,,,,,,,,,,,,,,,,,,,,,,,,,,,,,,,,,,,,,,,,,,,,,,,,,,,,,,,,,,,,,,,,,,,,,,,,,,,,,,,,,,,,,,,,,,,,,,,,,,,,,,,,,,,,,,,,,,,,,,,,,,,,,,,,,,,,,,,,,,,,,,,,,,,,,,,,,,,,,,,,,,,,,,,,,,,,,,,,,,,,,,,,,,,,,,,,,,,,,,,,,,,,,,
Surat Store,117185,134187346,Normal,,25814453,1648,2026-07-06,20660,0,Active,Unpaid,,20660,0,0,0,0.00,0,0,0,0,2026-07-06 12:51:28,2026-07-10 11:36:10,545255,Supplier,,Surat,Surat Store,Gujarat,,"1st Floor, Samanvay, Near Chandni Chowk, Gymkhana Rd, Piplod, Surat",9825184377,,,,,Shree Ganesh Traders,Supplier,,Gujarat,,,,0,,,,,1,,,0,,"[{""prev_price"":""550.000000"",""item_id"":""38973521"",""itemname"":""Jivraj Tea 1kg"",""qty"":4,""price"":550,""amount"":2200,""discount"":""0.000"",""lbl_unit"":""Qty"",""unit"":""2418165"",""description"":"""",""hsn_code"":"""",""weighted_price"":550,""invoice_date"":""2026-07-06"",""sap_code"":"""",""purchase_doc_number"":"""",""purchase_invoice_number"":"""",""tax1"":0,""tax2"":0,""tax3"":0,""tax1_amount"":0,""tax2_amount"":0,""tax3_amount"":0,""expiry_date"":"""",""manufacturing_date"":"""",""sap_group_master_id"":0,""category"":""Staff Welfare"",""yield_qty"":""0"",""discount_application"":""B"",""container_weight"":0,""net_weight"":""4"",""gross_weight"":""4"",""tax_type"":0,""excise_duty"":0,""tax1_label"":""CGST"",""tax2_label"":""SGST"",""tax3_label"":""IGST""},{""prev_price"":""29.000000"",""item_id"":""19736258"",""itemname"":""Salt 1kg"",""qty"":60,""price"":29,""amount"":1740,""discount"":""0.000"",""lbl_unit"":""Qty"",""unit"":""2418165"",""description"":"""",""hsn_code"":"""",""weighted_price"":29,""invoice_date"":""2026-07-06"",""sap_code"":"""",""purchase_doc_number"":"""",""purchase_invoice_number"":"""",""tax1"":0,""tax2"":0,""tax3"":0,""tax1_amount"":0,""tax2_amount"":0,""tax3_amount"":0,""expiry_date"":"""",""manufacturing_date"":"""",""sap_group_master_id"":0,""category"":""Food"",""yield_qty"":""0"",""discount_application"":""B"",""container_weight"":0,""net_weight"":""60"",""gross_weight"":""60"",""tax_type"":0,""excise_duty"":0,""tax1_label"":""CGST"",""tax2_label"":""SGST"",""tax3_label"":""IGST""},{""prev_price"":""480.000000"",""item_id"":""38973474"",""itemname"":""Kashmiri Red Chilli Powder 500gm"",""qty"":24,""price"":480,""amount"":11520,""discount"":""0.000"",""lbl_unit"":""Qty"",""unit"":""2418165"",""description"":"""",""hsn_code"":"""",""weighted_price"":480,""invoice_date"":""2026-07-06"",""sap_code"":"""",""purchase_doc_number"":"""",""purchase_invoice_number"":"""",""tax1"":0,""tax2"":0,""tax3"":0,""tax1_amount"":0,""tax2_amount"":0,""tax3_amount"":0,""expiry_date"":"""",""manufacturing_date"":"""",""sap_group_master_id"":0,""category"":""Food"",""yield_qty"":""0"",""discount_application"":""B"",""container_weight"":0,""net_weight"":""24"",""gross_weight"":""24"",""tax_type"":0,""excise_duty"":0,""tax1_label"":""CGST"",""tax2_label"":""SGST"",""tax3_label"":""IGST""},{""prev_price"":""260.000000"",""item_id"":""44179849"",""itemname"":""Madhur Sugar 5 Kg"",""qty"":20,""price"":260,""amount"":5200,""discount"":""0.000"",""lbl_unit"":""Qty"",""unit"":""2418165"",""description"":"""",""hsn_code"":"""",""weighted_price"":260,""invoice_date"":""2026-07-06"",""sap_code"":"""",""purchase_doc_number"":"""",""purchase_invoice_number"":"""",""tax1"":0,""tax2"":0,""tax3"":0,""tax1_amount"":0,""tax2_amount"":0,""tax3_amount"":0,""expiry_date"":"""",""manufacturing_date"":"""",""sap_group_master_id"":0,""category"":""Food"",""yield_qty"":""0"",""discount_application"":""B"",""container_weight"":0,""net_weight"":""20"",""gross_weight"":""20"",""tax_type"":0,""excise_duty"":0,""tax1_label"":""CGST"",""tax2_label"":""SGST"",""tax3_label"":""IGST""}]",[],0,0,,,[],[],,,,,,,1,,,,,,,,,,,,,,,,,,,,,,,,,,,,,,,,,,,,,,,,,,,,,,,,,,,,,,,,,,,,,,,,,,,,,,,,,,,,,,,,,,,,,,,,,,,,,,,,,,,,,,,,,,,,,,,,,,,,,,,,,,,,,,,,,,,,,,,,,,,,,,,,,,,,,,,,,,,,,,,,,,,,,,,,,,,,,,,,,,,,,,,,,,,,,,,,,,,,,,,,,,,,,,,,,,,,,,,,,,,,,,,,,,,,,,,,,,,,,,,,,,,,,,,,,,,,,,,,,,,,,,,,,,,,,,,,,,,,,,,,,,,,,,,,,,,,,,,,,,,,,,,,,,,,,,,,,,,,,,,,,,,,,,,,,,,,,,,,,,,,,,,,,,,,,,,,,,,,,,,,,,,,,,,,,,,,,,,,,,,,,,,,,,,,,,,,,,,,,,,,,,,,,,,,,,,,,,,,,,,,,,,,,,,,,,,,,,,,,,,,,,,,,,,6a4b5671-06ac-48b0-bcfd-478d3c008e0a,6a508bc9-c1e0-4ef1-a0b8-1e683c009e87,60.0.158.135,60.0.139.155,,,,,,,,,,,,,,,,,,,,,,,,,,,,,,,,,,,,,,,,,,,,,,,,,,,,,,,,,,,,,,,,,,,,,,,,,,,,,,,,,,,,,,,,,,,,,,,,,,,,,,,,,,,,,,,,,,,,,,,,,,,,,,,,,,,,,,,,,,,,,,,,,,,,,,,,,,,,,,,,,,,,,,,,,,,,,,,,,,,,,,,,,,,,,,,,,,,,,,,,,,,,,,,,,,,,,,,,,,,,,,,,,,,,,,,,,,,,,,,,,,,,,,,,,,,,,,,,,,,,,,,,,,,,,,,,,,,,,,,,,,,,,,,,,,,,
Surat Store,117185,134102754,Normal,,25814452,,2026-07-04,70,0,Active,Unpaid,,70,0,0,0,0.00,0,0,0,0,2026-07-05 15:07:24,2026-07-05 15:07:57,545251,Supplier,,Surat,Surat Store,Gujarat,,"1st Floor, Samanvay, Near Chandni Chowk, Gymkhana Rd, Piplod, Surat",9825184377,,,,,Local Purchase,Supplier,,,,,,0,,,,,1,,,0,,"[{""prev_price"":""140.000000"",""item_id"":""39936763"",""itemname"":""Black Udad Dal"",""qty"":0.25,""price"":140,""amount"":35,""discount"":""0.000"",""lbl_unit"":""Kg"",""unit"":""2418148"",""description"":"""",""hsn_code"":"""",""weighted_price"":140,""invoice_date"":""2026-07-04"",""sap_code"":"""",""purchase_doc_number"":"""",""purchase_invoice_number"":"""",""tax1"":0,""tax2"":0,""tax3"":0,""tax1_amount"":0,""tax2_amount"":0,""tax3_amount"":0,""expiry_date"":"""",""manufacturing_date"":"""",""sap_group_master_id"":0,""category"":""Food"",""rmconv_qty"":""1000"",""rmconv_qty_total"":250,""rmconv_unit_id"":""2418154"",""rmconv_unit"":""GM"",""yield_qty"":""0"",""discount_application"":""B"",""container_weight"":0,""net_weight"":""0.25"",""gross_weight"":""0.25"",""tax_type"":0,""excise_duty"":0,""tax1_label"":""CGST"",""tax2_label"":""SGST"",""tax3_label"":""IGST""},{""prev_price"":""0.000000"",""item_id"":""38973528"",""itemname"":""Rajma"",""qty"":0.25,""price"":140,""amount"":35,""discount"":""0.000"",""lbl_unit"":""Kg"",""unit"":""2418148"",""description"":"""",""hsn_code"":"""",""weighted_price"":140,""invoice_date"":""2026-07-04"",""sap_code"":"""",""purchase_doc_number"":"""",""purchase_invoice_number"":"""",""tax1"":0,""tax2"":0,""tax3"":0,""tax1_amount"":0,""tax2_amount"":0,""tax3_amount"":0,""expiry_date"":"""",""manufacturing_date"":"""",""sap_group_master_id"":0,""category"":""Food"",""rmconv_qty"":""1000"",""rmconv_qty_total"":250,""rmconv_unit_id"":""2418154"",""rmconv_unit"":""GM"",""yield_qty"":""0"",""discount_application"":""B"",""container_weight"":0,""net_weight"":""0.25"",""gross_weight"":0,""tax_type"":0,""excise_duty"":0,""tax1_label"":""CGST"",""tax2_label"":""SGST"",""tax3_label"":""IGST""}]",[],0,0,,,[],[],,,,,,,1,,,,,,,,,,,,,,,,,,,,,,,,,,,,,,,,,,,,,,,,,,,,,,,,,,,,,,,,,,,,,,,,,,,,,,,,,,,,,,,,,,,,,,,,,,,,,,,,,,,,,,,,,,,,,,,,,,,,,,,,,,,,,,,,,,,,,,,,,,,,,,,,,,,,,,,,,,,,,,,,,,,,,,,,,,,,,,,,,,,,,,,,,,,,,,,,,,,,,,,,,,,,,,,,,,,,,,,,,,,,,,,,,,,,,,,,,,,,,,,,,,,,,,,,,,,,,,,,,,,,,,,,,,,,,,,,,,,,,,,,,,,,,,,,,,,,,,,,,,,,,,,,,,,,,,,,,,,,,,,,,,,,,,,,,,,,,,,,,,,,,,,,,,,,,,,,,,,,,,,,,,,,,,,,,,,,,,,,,,,,,,,,,,,,,,,,,,,,,,,,,,,,,,,,,,,,,,,,,,,,,,,,,,,,,,,,,,,,,,,,,,,,,,,,,,,6a4a2541-2f48-49bc-abe4-133d3c008513,6a4a25dc-9de0-4b1e-b3ff-0b7a3c008513,60.0.133.19,60.0.133.19,,,,,,,,,,,,,,,,,,,,,,,,,,,,,,,,,,,,,,,,,,,,,,,,,,,,,,,,,,,,,,,,,,,,,,,,,,,,,,,,,,,,,,,,,,,,,,,,,,,,,,,,,,,,,,,,,,,,,,,,,,,,,,,,,,,,,,,,,,,,,,,,,,,,,,,,,,,,,,,,,,,,,,,,,,,,,,,,,,,,,,,,,,,,,,,,,,,,,,,,,,,,,,,,,,,,,,,,,,,,,,,,,,,,,,,,,,,,,,,,,,,,,,,,,,,,,,,,,,,,,,,,,,,,,,,,,,,,,,,,,,,,,,,,
Surat Store,117185,134096905,Normal,,25814451,DE-JUL-168-2627,2026-07-04,18658.5,0,Active,Unpaid,24btsps2229h1zc,17510,875.5,0,260,13.00,6.50,6.50,0,0,2026-07-05 14:19:18,2026-07-11 17:37:47,546171,Supplier,,Surat,Surat Store,Gujarat,,"1st Floor, Samanvay, Near Chandni Chowk, Gymkhana Rd, Piplod, Surat",9825184377,,,24btsps2229h1zc,,Dhruvi Enterprise,Supplier,dharnendra.shah90@gmail.com,Gujarat,,"10 chorawala compound parekh estate shnatinath mill gali, navjivan circle 395017",9909409150,0,,,,,1,,,0,,"[{""prev_price"":""2410.000000"",""item_id"":""38431183"",""itemname"":""Soya Sauce 10ltr"",""qty"":4,""price"":2410,""amount"":9640,""discount"":""0.000"",""lbl_unit"":""Qty"",""unit"":""2418165"",""description"":"""",""hsn_code"":"""",""weighted_price"":2530.5,""invoice_date"":""2026-07-04"",""sap_code"":"""",""purchase_doc_number"":"""",""purchase_invoice_number"":"""",""tax1"":2.5,""tax2"":2.5,""tax3"":0,""tax1_amount"":241,""tax2_amount"":241,""tax3_amount"":0,""expiry_date"":"""",""manufacturing_date"":"""",""sap_group_master_id"":0,""category"":""Food"",""yield_qty"":""0"",""discount_application"":""B"",""container_weight"":0,""net_weight"":""4"",""gross_weight"":""4"",""tax_type"":0,""excise_duty"":0,""tax1_label"":""CGST"",""tax2_label"":""SGST"",""tax3_label"":""IGST""},{""prev_price"":""155.000000"",""item_id"":""11960938"",""itemname"":""Shao Xing Cooking Wine Vinegar 650 Ml"",""qty"":24,""price"":155,""amount"":3720,""discount"":""0.000"",""lbl_unit"":""Qty"",""unit"":""2418165"",""description"":"""",""hsn_code"":""21039040"",""weighted_price"":162.75,""invoice_date"":""2026-07-04"",""sap_code"":"""",""purchase_doc_number"":"""",""purchase_invoice_number"":"""",""tax1"":2.5,""tax2"":2.5,""tax3"":0,""tax1_amount"":93,""tax2_amount"":93,""tax3_amount"":0,""expiry_date"":"""",""manufacturing_date"":"""",""sap_group_master_id"":0,""category"":""Food"",""yield_qty"":""0"",""discount_application"":""B"",""container_weight"":0,""net_weight"":""24"",""gross_weight"":""24"",""tax_type"":0,""excise_duty"":0,""tax1_label"":""CGST"",""tax2_label"":""SGST"",""tax3_label"":""IGST""},{""prev_price"":""145.000000"",""item_id"":""38431479"",""itemname"":""Rice Vinegar 650ml"",""qty"":24,""price"":145,""amount"":3480,""discount"":""0.000"",""lbl_unit"":""Qty"",""unit"":""2418165"",""description"":"""",""hsn_code"":"""",""weighted_price"":152.25,""invoice_date"":""2026-07-04"",""sap_code"":"""",""purchase_doc_number"":"""",""purchase_invoice_number"":"""",""tax1"":2.5,""tax2"":2.5,""tax3"":0,""tax1_amount"":87,""tax2_amount"":87,""tax3_amount"":0,""expiry_date"":"""",""manufacturing_date"":"""",""sap_group_master_id"":0,""category"":""Food"",""yield_qty"":""0"",""discount_application"":""B"",""container_weight"":0,""net_weight"":""24"",""gross_weight"":""24"",""tax_type"":0,""excise_duty"":0,""tax1_label"":""CGST"",""tax2_label"":""SGST"",""tax3_label"":""IGST""},{""prev_price"":""335.000000"",""item_id"":""43374626"",""itemname"":""Filo Pastry"",""qty"":2,""price"":335,""amount"":670,""discount"":""0.000"",""lbl_unit"":""Qty"",""unit"":""2418165"",""description"":"""",""hsn_code"":"""",""weighted_price"":351.75,""invoice_date"":""2026-07-04"",""sap_code"":"""",""purchase_doc_number"":"""",""purchase_invoice_number"":"""",""tax1"":2.5,""tax2"":2.5,""tax3"":0,""tax1_amount"":16.75,""tax2_amount"":16.75,""tax3_amount"":0,""expiry_date"":"""",""manufacturing_date"":"""",""sap_group_master_id"":0,""category"":""Food"",""yield_qty"":""0"",""discount_application"":""B"",""container_weight"":0,""net_weight"":""2"",""gross_weight"":""2"",""tax_type"":0,""excise_duty"":0,""tax1_label"":""CGST"",""tax2_label"":""SGST"",""tax3_label"":""IGST""}]",[],0,0,,,[],[],,,,,,,1,,,,,,,,,,,,,,,,,,,,,,,,,,,,,,,,,,,,,,,,,,,,,,,,,,,,,,,,,,,,,,,,,,,,,,,,,,,,,,,,,,,,,,,,,,,,,,,,,,,,,,,,,,,,,,,,,,,,,,,,,,,,,,,,,,,,,,,,,,,,,,,,,,,,,,,,,,,,,,,,,,,,,,,,,,,,,,,,,,,,,,,,,,,,,,,,,,,,,,,,,,,,,,,,,,,,,,,,,,,,,,,,,,,,,,,,,,,,,,,,,,,,,,,,,,,,,,,,,,,,,,,,,,,,,,,,,,,,,,,,,,,,,,,,,,,,,,,,,,,,,,,,,,,,,,,,,,,,,,,,,,,,,,,,,,,,,,,,,,,,,,,,,,,,,,,,,,,,,,,,,,,,,,,,,,,,,,,,,,,,,,,,,,,,,,,,,,,,,,,,,,,,,,,,,,,,,,,,,,,,,,,,,,,,,,,,,,,,,,,,,,,,,,,,,,,,,,,6a4a1906-15f0-4282-99e9-0df13c0092f4,6a4a21e8-e840-4189-9a1f-30dc3c0092f4,6a5231fc-c008-403c-8140-6df43c00870a,60.0.146.244,60.0.146.244,60.0.145.24,,,,,,,,,,,,,,,,,,,,,,,,,,,,,,,,,,,,,,,,,,,,,,,,,,,,,,,,,,,,,,,,,,,,,,,,,,,,,,,,,,,,,,,,,,,,,,,,,,,,,,,,,,,,,,,,,,,,,,,,,,,,,,,,,,,,,,,,,,,,,,,,,,,,,,,,,,,,,,,,,,,,,,,,,,,,,,,,,,,,,,,,,,,,,,,,,,,,,,,,,,,,,,,,,,,,,,,,,,,,,,,,,,,,,,,,,,,,,,,,,,,,,,,,,,,,,,,,,,,,,,,,,,,,,,,,,,,,,,,,,,
Surat Store,117185,134095353,From Purchase Order,81064167,25814450,,2026-07-04,50430.895,0,Active,Unpaid,24bbbpj6662c1z0,48050.377,2380.52,0,0,0.00,0,0,0,0,2026-07-05 14:07:45,2026-07-05 14:50:27,606285,Supplier,,Surat,Surat Store,Gujarat,,"1st Floor, Samanvay, Near Chandni Chowk, Gymkhana Rd, Piplod, Surat",9825184377,,,24bbbpj6662c1z0,,Shree Jalaram Agency,Supplier,shreejalaram0505@gmail.com,Gujarat,,"plot no. 132 1st floor , astik nagar parvat gam devgadh road , parvat gam surat",9662014715,0,,,PO0081064167,PO0081064167,1,,,0,,"[{""prev_price"":""1171.500000"",""item_id"":""37836061"",""itemname"":""Parmesan"",""qty"":25.678,""price"":1171.5,""amount"":30081.777,""discount"":""0.000"",""lbl_unit"":""Kg"",""unit"":""2418148"",""description"":"""",""hsn_code"":"""",""weighted_price"":1230.074967,""invoice_date"":""2026-07-04"",""sap_code"":"""",""purchase_doc_number"":"""",""purchase_invoice_number"":"""",""tax1"":2.5,""tax2"":2.5,""tax3"":0,""tax1_amount"":752.044,""tax2_amount"":752.044,""tax3_amount"":0,""expiry_date"":"""",""manufacturing_date"":"""",""actual_qty"":""15.000"",""actual_unit_id"":""2418165"",""actual_unit_name"":""Qty"",""sap_group_master_id"":0,""category"":""Food"",""rmconv_qty"":""1000"",""rmconv_qty_total"":25678,""rmconv_unit_id"":""2418154"",""rmconv_unit"":""GM"",""yield_qty"":""0"",""discount_application"":""B"",""pricing_method"":""0"",""container_weight"":0,""net_weight"":""25.678"",""gross_weight"":""25.678"",""tax_type"":0,""excise_duty"":0,""tax1_label"":""CGST"",""tax2_label"":""SGST"",""tax3_label"":""IGST""},{""prev_price"":""347.620000"",""item_id"":""11960918"",""itemname"":""Sriracha Hot Chilli Sauce 730ml"",""qty"":24,""price"":347.62,""amount"":8342.88,""discount"":""0.000"",""lbl_unit"":""Qty"",""unit"":""2418165"",""description"":"""",""hsn_code"":"""",""weighted_price"":365.001,""invoice_date"":""2026-07-04"",""sap_code"":"""",""purchase_doc_number"":"""",""purchase_invoice_number"":"""",""tax1"":2.5,""tax2"":2.5,""tax3"":0,""tax1_amount"":208.572,""tax2_amount"":208.572,""tax3_amount"":0,""expiry_date"":"""",""manufacturing_date"":"""",""actual_qty"":""30.000"",""actual_unit_id"":""2418148"",""actual_unit_name"":""Kg"",""sap_group_master_id"":0,""category"":""Food"",""yield_qty"":""0"",""discount_application"":""B"",""container_weight"":0,""net_weight"":""24"",""gross_weight"":""24"",""tax_type"":0,""excise_duty"":0,""tax1_label"":""CGST"",""tax2_label"":""SGST"",""tax3_label"":""IGST""},{""prev_price"":""612.381333"",""item_id"":""44243017"",""itemname"":""Cheddar Cheese 1kg"",""qty"":15,""price"":612.381333,""amount"":9185.72,""discount"":""0.000"",""lbl_unit"":""Qty"",""unit"":""2418165"",""description"":"""",""hsn_code"":"""",""weighted_price"":643.0004,""invoice_date"":""2026-07-04"",""sap_code"":"""",""purchase_doc_number"":"""",""purchase_invoice_number"":"""",""tax1"":2.5,""tax2"":2.5,""tax3"":0,""tax1_amount"":229.643,""tax2_amount"":229.643,""tax3_amount"":0,""expiry_date"":"""",""manufacturing_date"":"""",""actual_qty"":""24.000"",""actual_unit_id"":""2418165"",""actual_unit_name"":""Qty"",""sap_group_master_id"":0,""category"":""Food"",""yield_qty"":""0"",""discount_application"":""B"",""container_weight"":0,""net_weight"":""15"",""gross_weight"":""15"",""tax_type"":0,""excise_duty"":0,""tax1_label"":""CGST"",""tax2_label"":""SGST"",""tax3_label"":""IGST""},{""prev_price"":""220.000000"",""item_id"":""46895839"",""itemname"":""Ananda Fresh Cream 1ltr"",""qty"":2,""price"":220,""amount"":440,""discount"":""0.000"",""lbl_unit"":""Qty"",""unit"":""2418165"",""description"":""sample"",""hsn_code"":"""",""weighted_price"":220,""invoice_date"":""2026-07-04"",""sap_code"":"""",""purchase_doc_number"":"""",""purchase_invoice_number"":"""",""tax1"":0,""tax2"":0,""tax3"":0,""tax1_amount"":0,""tax2_amount"":0,""tax3_amount"":0,""expiry_date"":"""",""manufacturing_date"":"""",""sap_group_master_id"":0,""category"":""Food"",""yield_qty"":""0"",""discount_application"":""B"",""container_weight"":0,""net_weight"":""2"",""gross_weight"":""2"",""tax_type"":0,""excise_duty"":0,""tax1_label"":""CGST"",""tax2_label"":""SGST"",""tax3_label"":""IGST""}]",[],0,0,,,[],[],,,,,,,1,,,,,,,,,,,,,,,,,,,,,,,,,,,,,,,,,,,,,,,,,,,,,,,,,,,,,,,,,,,,,,,,,,,,,,,,,,,,,,,,,,,,,,,,,,,,,,,,,,,,,,,,,,,,,,,,,,,,,,,,,,,,,,,,,,,,,,,,,,,,,,,,,,,,,,,,,,,,,,,,,,,,,,,,,,,,,,,,,,,,,,,,,,,,,,,,,,,,,,,,,,,,,,,,,,,,,,,,,,,,,,,,,,,,,,,,,,,,,,,,,,,,,,,,,,,,,,,,,,,,,,,,,,,,,,,,,,,,,,,,,,,,,,,,,,,,,,,,,,,,,,,,,,,,,,,,,,,,,,,,,,,,,,,,,,,,,,,,,,,,,,,,,,,,,,,,,,,,,,,,,,,,,,,,,,,,,,,,,,,,,,,,,,,,,,,,,,,,,,,,,,,,,,,,,,,,,,,,,,,,,,,,,,,,,,,,,,,,,,,,,,,,,,,,,,,,,,,,,,,,,6a4a1789-743c-4fc8-97e0-6a8a3c009e87,6a4a1ac4-e19c-42d7-ae91-6c103c008513,6a4a21d0-7c60-4c20-82a7-171d3c009e87,60.0.146.244,60.0.158.135,60.0.158.135,,,,,,,,,,,,,,,,,,,,,,,,,,,,,,,,,,,,,,,,,,,,,,,,,,,,,,,,,,,,,,,,,,,,,,,,,,,,,,,,,,,,,,,,,,,,,,,,,,,,,,,,,,,,,,,,,,,,,,,,,,,,,,,,,,,,,,,,,,,,,,,,,,,,,,,,,,,,,,,,,,,,,,,,,,,,,,,,,,,,,,,,,,,,,,,,,,,,,,,,,,,,,,,,,,,,,,,,,,,,,,,,,,,,,,,,,,,,,,,,,,,,,,,,,,,,,,,,,,,,,,,,,,,,,,,,,,,,
Surat Store,117185,134090098,Normal,,25814449,MP53946,2026-07-05,160,0,Active,Unpaid,24aoipp1716q1zj,160,0,0,0,0.00,0,0,0,0,2026-07-05 13:25:49,2026-07-11 15:27:03,545243,Supplier,,Surat,Surat Store,Gujarat,,"1st Floor, Samanvay, Near Chandni Chowk, Gymkhana Rd, Piplod, Surat",9825184377,,,24aoipp1716q1zj,,Malhar Super Store,Supplier,,Gujarat,,"U-8-9-10-11, malhar complex parle point",9825762927,0,,,,,1,,,0,,"[{""prev_price"":""160.000000"",""item_id"":""46895398"",""itemname"":""Kimia Khajur"",""qty"":1,""price"":160,""amount"":160,""discount"":""0.000"",""lbl_unit"":""Qty"",""unit"":""2418165"",""description"":"""",""hsn_code"":"""",""weighted_price"":160,""invoice_date"":""2026-07-05"",""sap_code"":"""",""purchase_doc_number"":"""",""purchase_invoice_number"":"""",""tax1"":0,""tax2"":0,""tax3"":0,""tax1_amount"":0,""tax2_amount"":0,""tax3_amount"":0,""expiry_date"":"""",""manufacturing_date"":"""",""sap_group_master_id"":0,""category"":""Food"",""yield_qty"":""0"",""discount_application"":""B"",""container_weight"":0,""net_weight"":""1"",""gross_weight"":""1"",""tax_type"":0,""excise_duty"":0,""tax1_label"":""CGST"",""tax2_label"":""SGST"",""tax3_label"":""IGST""}]",[],0,0,,,[],[],,,,,,,1,,,,,,,,,,,,,,,,,,,,,,,,,,,,,,,,,,,,,,,,,,,,,,,,,,,,,,,,,,,,,,,,,,,,,,,,,,,,,,,,,,,,,,,,,,,,,,,,,,,,,,,,,,,,,,,,,,,,,,,,,,,,,,,,,,,,,,,,,,,,,,,,,,,,,,,,,,,,,,,,,,,,,,,,,,,,,,,,,,,,,,,,,,,,,,,,,,,,,,,,,,,,,,,,,,,,,,,,,,,,,,,,,,,,,,,,,,,,,,,,,,,,,,,,,,,,,,,,,,,,,,,,,,,,,,,,,,,,,,,,,,,,,,,,,,,,,,,,,,,,,,,,,,,,,,,,,,,,,,,,,,,,,,,,,,,,,,,,,,,,,,,,,,,,,,,,,,,,,,,,,,,,,,,,,,,,,,,,,,,,,,,,,,,,,,,,,,,,,,,,,,,,,,,,,,,,,,,,,,,,,,,,,,,,,,,,,,,,,,,,,,,,,,,,,,,,,,,,,,,,,,,,,,,6a4a0db5-4d44-4035-9857-4c0f3c009e87,6a521365-6d2c-461e-b256-0d0d3c0085a5,60.0.133.19,60.0.133.165,,,,,,,,,,,,,,,,,,,,,,,,,,,,,,,,,,,,,,,,,,,,,,,,,,,,,,,,,,,,,,,,,,,,,,,,,,,,,,,,,,,,,,,,,,,,,,,,,,,,,,,,,,,,,,,,,,,,,,,,,,,,,,,,,,,,,,,,,,,,,,,,,,,,,,,,,,,,,,,,,,,,,,,,,,,,,,,,,,,,,,,,,,,,,,,,,,,,,,,,,,,,,,,,,,,,,,,,,,,,,,,,,,,,,,,,,,,,,,,,,,,,,,,,,,,,,,,,,,,,,,,,,,,,,,,,
Surat Store,117185,134088191,Normal,,25814448,,2026-07-05,232,0,Active,Unpaid,,232,0,0,0,0.00,0,0,0,0,2026-07-05 13:10:21,2026-07-11 15:12:24,545251,Supplier,,Surat,Surat Store,Gujarat,,"1st Floor, Samanvay, Near Chandni Chowk, Gymkhana Rd, Piplod, Surat",9825184377,,,,,Local Purchase,Supplier,,,,,,0,,,,,1,,,0,,"[{""prev_price"":""29.000000"",""item_id"":""39361894"",""itemname"":""Amul Taza Milk 500ml"",""qty"":8,""price"":29,""amount"":232,""discount"":""0.000"",""lbl_unit"":""Qty"",""unit"":""2418165"",""description"":""adnan or mitangi"",""hsn_code"":"""",""weighted_price"":29,""invoice_date"":""2026-07-05"",""sap_code"":"""",""purchase_doc_number"":"""",""purchase_invoice_number"":"""",""tax1"":0,""tax2"":0,""tax3"":0,""tax1_amount"":0,""tax2_amount"":0,""tax3_amount"":0,""expiry_date"":"""",""manufacturing_date"":"""",""sap_group_master_id"":0,""category"":""Food"",""yield_qty"":""0"",""discount_application"":""B"",""container_weight"":0,""net_weight"":""8"",""gross_weight"":""8"",""tax_type"":0,""excise_duty"":0,""tax1_label"":""CGST"",""tax2_label"":""SGST"",""tax3_label"":""IGST""}]",[],0,0,,,[],[],,,,,,,1,,,,,,,,,,,,,,,,,,,,,,,,,,,,,,,,,,,,,,,,,,,,,,,,,,,,,,,,,,,,,,,,,,,,,,,,,,,,,,,,,,,,,,,,,,,,,,,,,,,,,,,,,,,,,,,,,,,,,,,,,,,,,,,,,,,,,,,,,,,,,,,,,,,,,,,,,,,,,,,,,,,,,,,,,,,,,,,,,,,,,,,,,,,,,,,,,,,,,,,,,,,,,,,,,,,,,,,,,,,,,,,,,,,,,,,,,,,,,,,,,,,,,,,,,,,,,,,,,,,,,,,,,,,,,,,,,,,,,,,,,,,,,,,,,,,,,,,,,,,,,,,,,,,,,,,,,,,,,,,,,,,,,,,,,,,,,,,,,,,,,,,,,,,,,,,,,,,,,,,,,,,,,,,,,,,,,,,,,,,,,,,,,,,,,,,,,,,,,,,,,,,,,,,,,,,,,,,,,,,,,,,,,,,,,,,,,,,,,,,,,,,,,,,,,,,,,,,,,,,,,,,,,,,,,,,6a4a0a2f-b25c-4d8d-b4f6-440e3c009e87,6a4a175e-945c-49eb-84a6-6d9b3c008513,6a4a1771-ffb4-4a2f-8ab3-748e3c009e87,6a520fdb-8274-44e2-9c41-082a3c0085a5,60.0.146.244,60.0.133.19,60.0.133.19,60.0.158.135,,,,,,,,,,,,,,,,,,,,,,,,,,,,,,,,,,,,,,,,,,,,,,,,,,,,,,,,,,,,,,,,,,,,,,,,,,,,,,,,,,,,,,,,,,,,,,,,,,,,,,,,,,,,,,,,,,,,,,,,,,,,,,,,,,,,,,,,,,,,,,,,,,,,,,,,,,,,,,,,,,,,,,,,,,,,,,,,,,,,,,,,,,,,,,,,,,,,,,,,,,,,,,,,,,,,,,,,,,,,,,,,,,,,,,,,,,,,,,,,,,,,,,,,,,,,,,,,,,,,,,,,
Surat Store,117185,134019452,Normal,,25814447,530/26-27,2026-07-04,78854.4,0,Active,Unpaid,24ABSPB2519A1Z8,66980,11874.4,0,0,0.00,0,0,0,0,2026-07-04 17:22:05,2026-07-11 17:38:23,545235,Supplier,,Surat,Surat Store,Gujarat,,"1st Floor, Samanvay, Near Chandni Chowk, Gymkhana Rd, Piplod, Surat",9825184377,,,24ABSPB2519A1Z8,,Veegee Agenncies,Supplier,,Gujarat,,"G-1,Basement,Arjun Complex, Opp. Ashirwad Complex,Bhatar Road,Surat-395007.",,0,,,,,1,,,0,,"[{""prev_price"":""7.200000"",""item_id"":""32493150"",""itemname"":""500 Ml Container"",""qty"":2400,""price"":7.2,""amount"":17280,""discount"":""0.000"",""lbl_unit"":""Qty"",""unit"":""2418165"",""description"":"""",""hsn_code"":"""",""weighted_price"":8.496,""invoice_date"":""2026-07-04"",""sap_code"":"""",""purchase_doc_number"":"""",""purchase_invoice_number"":"""",""tax1"":9,""tax2"":9,""tax3"":0,""tax1_amount"":1555.2,""tax2_amount"":1555.2,""tax3_amount"":0,""expiry_date"":"""",""manufacturing_date"":"""",""sap_group_master_id"":0,""category"":""Packaging"",""yield_qty"":""0"",""discount_application"":""B"",""container_weight"":0,""net_weight"":""2400"",""gross_weight"":""2400"",""tax_type"":0,""excise_duty"":0,""tax1_label"":""CGST"",""tax2_label"":""SGST"",""tax3_label"":""IGST""},{""prev_price"":""9.600000"",""item_id"":""32493141"",""itemname"":""750 Ml Container"",""qty"":1800,""price"":9.6,""amount"":17280,""discount"":""0.000"",""lbl_unit"":""Qty"",""unit"":""2418165"",""description"":"""",""hsn_code"":"""",""weighted_price"":11.328,""invoice_date"":""2026-07-04"",""sap_code"":"""",""purchase_doc_number"":"""",""purchase_invoice_number"":"""",""tax1"":9,""tax2"":9,""tax3"":0,""tax1_amount"":1555.2,""tax2_amount"":1555.2,""tax3_amount"":0,""expiry_date"":"""",""manufacturing_date"":"""",""sap_group_master_id"":0,""category"":""Packaging"",""yield_qty"":""0"",""discount_application"":""B"",""container_weight"":0,""net_weight"":""1800"",""gross_weight"":""1800"",""tax_type"":0,""excise_duty"":0,""tax1_label"":""CGST"",""tax2_label"":""SGST"",""tax3_label"":""IGST""},{""prev_price"":""11.400000"",""item_id"":""32493144"",""itemname"":""1000 Ml Container"",""qty"":1800,""price"":11.4,""amount"":20520,""discount"":""0.000"",""lbl_unit"":""Qty"",""unit"":""2418165"",""description"":"""",""hsn_code"":"""",""weighted_price"":13.452,""invoice_date"":""2026-07-04"",""sap_code"":"""",""purchase_doc_number"":"""",""purchase_invoice_number"":"""",""tax1"":9,""tax2"":9,""tax3"":0,""tax1_amount"":1846.8,""tax2_amount"":1846.8,""tax3_amount"":0,""expiry_date"":"""",""manufacturing_date"":"""",""sap_group_master_id"":0,""category"":""Packaging"",""yield_qty"":""0"",""discount_application"":""B"",""container_weight"":0,""net_weight"":""1800"",""gross_weight"":""1800"",""tax_type"":0,""excise_duty"":0,""tax1_label"":""CGST"",""tax2_label"":""SGST"",""tax3_label"":""IGST""},{""prev_price"":""1.800000"",""item_id"":""42479649"",""itemname"":""Dip Bowl 50 Ml"",""qty"":4000,""price"":1.8,""amount"":7200,""discount"":""0.000"",""lbl_unit"":""Qty"",""unit"":""2418165"",""description"":"""",""hsn_code"":"""",""weighted_price"":2.124,""invoice_date"":""2026-07-04"",""sap_code"":"""",""purchase_doc_number"":"""",""purchase_invoice_number"":"""",""tax1"":9,""tax2"":9,""tax3"":0,""tax1_amount"":648,""tax2_amount"":648,""tax3_amount"":0,""expiry_date"":"""",""manufacturing_date"":"""",""sap_group_master_id"":0,""category"":""Packaging"",""yield_qty"":""0"",""discount_application"":""B"",""container_weight"":0,""net_weight"":""4000"",""gross_weight"":""4000"",""tax_type"":0,""excise_duty"":0,""tax1_label"":""CGST"",""tax2_label"":""SGST"",""tax3_label"":""IGST""},{""prev_price"":""70.000000"",""item_id"":""45712669"",""itemname"":""Take Away Knife"",""qty"":20,""price"":70,""amount"":1400,""discount"":""0.000"",""lbl_unit"":""Pkts"",""unit"":""2418155"",""description"":"""",""hsn_code"":"""",""weighted_price"":73.5,""invoice_date"":""2026-07-04"",""sap_code"":"""",""purchase_doc_number"":"""",""purchase_invoice_number"":"""",""tax1"":2.5,""tax2"":2.5,""tax3"":0,""tax1_amount"":35,""tax2_amount"":35,""tax3_amount"":0,""expiry_date"":"""",""manufacturing_date"":"""",""sap_group_master_id"":0,""category"":""Packaging"",""yield_qty"":""0"",""discount_application"":""B"",""container_weight"":0,""net_weight"":""20"",""gross_weight"":""20"",""tax_type"":0,""excise_duty"":0,""tax1_label"":""CGST"",""tax2_label"":""SGST"",""tax3_label"":""IGST""},{""prev_price"":""5.500000"",""item_id"":""43295419"",""itemname"":""500 Ml Paper White Container"",""qty"":600,""price"":5.5,""amount"":3300,""discount"":""0.000"",""lbl_unit"":""pcs"",""unit"":""2418167"",""description"":"""",""hsn_code"":"""",""weighted_price"":6.49,""invoice_date"":""2026-07-04"",""sap_code"":"""",""purchase_doc_number"":"""",""purchase_invoice_number"":"""",""tax1"":9,""tax2"":9,""tax3"":0,""tax1_amount"":297,""tax2_amount"":297,""tax3_amount"":0,""expiry_date"":"""",""manufacturing_date"":"""",""sap_group_master_id"":0,""category"":""Packaging"",""yield_qty"":""0"",""discount_application"":""B"",""container_weight"":0,""net_weight"":""600"",""gross_weight"":""600"",""tax_type"":0,""excise_duty"":0,""tax1_label"":""CGST"",""tax2_label"":""SGST"",""tax3_label"":""IGST""}]",[],0,0,,,[],[],,,,,,,1,,,,,,,,,,,,,,,,,,,,,,,,,,,,,,,,,,,,,,,,,,,,,,,,,,,,,,,,,,,,,,,,,,,,,,,,,,,,,,,,,,,,,,,,,,,,,,,,,,,,,,,,,,,,,,,,,,,,,,,,,,,,,,,,,,,,,,,,,,,,,,,,,,,,,,,,,,,,,,,,,,,,,,,,,,,,,,,,,,,,,,,,,,,,,,,,,,,,,,,,,,,,,,,,,,,,,,,,,,,,,,,,,,,,,,,,,,,,,,,,,,,,,,,,,,,,,,,,,,,,,,,,,,,,,,,,,,,,,,,,,,,,,,,,,,,,,,,,,,,,,,,,,,,,,,,,,,,,,,,,,,,,,,,,,,,,,,,,,,,,,,,,,,,,,,,,,,,,,,,,,,,,,,,,,,,,,,,,,,,,,,,,,,,,,,,,,,,,,,,,,,,,,,,,,,,,,,,,,,,,,,,,,,,,,,,,,,,,,,,,,,,,,,,,,,,,,,,,,,,,,,,,,,,,,,,,,,,,,,,6a48f30a-aa18-42fb-8604-346b3c0081b3,6a48fd93-0de0-4fd8-bb42-5aee3c008b09,6a523228-8c2c-4c3c-8705-15883c009e85,60.0.129.179,60.0.139.9,60.0.133.165,,,,,,,,,,,,,,,,,,,,,,,,,,,,,,,,,,,,,,,,,,,,,,,,,,,,,,,,,,,,,,,,,,,,,,,,,,,,,,,,,,,,,,,,,,,,,,,,,,,,,,,,,,,,,,,,,,,,,,,,,,,,,,,,,,,,,,,,,,,,,,,,,,,,,,,,,,,,,,,,,,,,,,,,,,,,,,,,,,,,,,,,,,,,,,,,,,,,,,,,,,,,,,,,,,,,,,,,,,,,,,,,,,,,,,,,,,,,,,,,,,,,,,,,,,,,,,,,,,
Surat Store,117185,134018776,Normal,,25814446,GD2627G2234,2026-07-04,39205.214,0,Active,Unpaid,24AACCG8010F1Z4,37338.3,1866.91,0,0,0.00,0,0,0,0,2026-07-04 17:16:30,2026-07-04 18:04:57,545234,Supplier,,Surat,Surat Store,Gujarat,,"1st Floor, Samanvay, Near Chandni Chowk, Gymkhana Rd, Piplod, Surat",9825184377,,,24AACCG8010F1Z4,,Golaka Pvt. Ltd.,Supplier,order.golokadairy@hotmail.com,Gujarat,,"301,Dhanlaxmi Building, Behind Government Colony, Tithal road, Valsad - 396001.",9879073344,0,,,,,1,,,0,,"[{""prev_price"":""544.170000"",""item_id"":""37820304"",""itemname"":""Mozzarella Cheese 1kg"",""qty"":35,""price"":544.17,""amount"":19045.95,""discount"":""0.000"",""lbl_unit"":""Qty"",""unit"":""2418165"",""description"":"""",""hsn_code"":"""",""weighted_price"":571.378514,""invoice_date"":""2026-07-04"",""sap_code"":"""",""purchase_doc_number"":"""",""purchase_invoice_number"":"""",""tax1"":2.5,""tax2"":2.5,""tax3"":0,""tax1_amount"":476.149,""tax2_amount"":476.149,""tax3_amount"":0,""expiry_date"":"""",""manufacturing_date"":"""",""sap_group_master_id"":0,""category"":""Food"",""yield_qty"":""0"",""discount_application"":""B"",""pricing_method"":""0"",""container_weight"":0,""net_weight"":""35"",""gross_weight"":""35"",""tax_type"":0,""excise_duty"":0,""tax1_label"":""CGST"",""tax2_label"":""SGST"",""tax3_label"":""IGST""},{""prev_price"":""451.620000"",""item_id"":""11961122"",""itemname"":""Burrata Cheese 600gm"",""qty"":25,""price"":451.62,""amount"":11290.5,""discount"":""0.000"",""lbl_unit"":""Qty"",""unit"":""2418165"",""description"":"""",""hsn_code"":"""",""weighted_price"":474.20104,""invoice_date"":""2026-07-04"",""sap_code"":"""",""purchase_doc_number"":"""",""purchase_invoice_number"":"""",""tax1"":2.5,""tax2"":2.5,""tax3"":0,""tax1_amount"":282.263,""tax2_amount"":282.263,""tax3_amount"":0,""expiry_date"":"""",""manufacturing_date"":"""",""sap_group_master_id"":0,""category"":""Food"",""yield_qty"":""0"",""discount_application"":""B"",""pricing_method"":""0"",""container_weight"":0,""net_weight"":""25"",""gross_weight"":""25"",""tax_type"":0,""excise_duty"":0,""tax1_label"":""CGST"",""tax2_label"":""SGST"",""tax3_label"":""IGST""},{""prev_price"":""466.790000"",""item_id"":""37829620"",""itemname"":""Buffalo Mozzarella Cheese 580gm"",""qty"":15,""price"":466.79,""amount"":7001.85,""discount"":""0.000"",""lbl_unit"":""Qty"",""unit"":""2418165"",""description"":"""",""hsn_code"":"""",""weighted_price"":490.129467,""invoice_date"":""2026-07-04"",""sap_code"":"""",""purchase_doc_number"":"""",""purchase_invoice_number"":"""",""tax1"":2.5,""tax2"":2.5,""tax3"":0,""tax1_amount"":175.046,""tax2_amount"":175.046,""tax3_amount"":0,""expiry_date"":"""",""manufacturing_date"":"""",""sap_group_master_id"":0,""category"":""Food"",""yield_qty"":""0"",""discount_application"":""B"",""pricing_method"":""0"",""container_weight"":0,""net_weight"":""15"",""gross_weight"":""15"",""tax_type"":0,""excise_duty"":0,""tax1_label"":""CGST"",""tax2_label"":""SGST"",""tax3_label"":""IGST""}]",[],0,0,,,[],[],,,,,,,1,,,,,,,,,,,,,,,,,,,,,,,,,,,,,,,,,,,,,,,,,,,,,,,,,,,,,,,,,,,,,,,,,,,,,,,,,,,,,,,,,,,,,,,,,,,,,,,,,,,,,,,,,,,,,,,,,,,,,,,,,,,,,,,,,,,,,,,,,,,,,,,,,,,,,,,,,,,,,,,,,,,,,,,,,,,,,,,,,,,,,,,,,,,,,,,,,,,,,,,,,,,,,,,,,,,,,,,,,,,,,,,,,,,,,,,,,,,,,,,,,,,,,,,,,,,,,,,,,,,,,,,,,,,,,,,,,,,,,,,,,,,,,,,,,,,,,,,,,,,,,,,,,,,,,,,,,,,,,,,,,,,,,,,,,,,,,,,,,,,,,,,,,,,,,,,,,,,,,,,,,,,,,,,,,,,,,,,,,,,,,,,,,,,,,,,,,,,,,,,,,,,,,,,,,,,,,,,,,,,,,,,,,,,,,,,,,,,,,,,,,,,,,,,,,,,,,,,,,,,,,,,,,,,,,,,,,,,,,,,,,,,,,6a48f203-71fc-49c8-8595-30fa3c0081b3,6a48fdda-33b0-4802-bcc5-09803c009e87,60.0.139.9,60.0.129.179,,,,,,,,,,,,,,,,,,,,,,,,,,,,,,,,,,,,,,,,,,,,,,,,,,,,,,,,,,,,,,,,,,,,,,,,,,,,,,,,,,,,,,,,,,,,,,,,,,,,,,,,,,,,,,,,,,,,,,,,,,,,,,,,,,,,,,,,,,,,,,,,,,,,,,,,,,,,,,,,,,,,,,,,,,,,,,,,,,,,,,,,,,,,,,,,,,,,,,,,,,,,,,,,,,,,,,,,,,,,,,,,,,,,,,,,,,,,,,,,,,,,,,,,,,,,,,
Surat Store,117185,134014020,Normal,,25814445,1150,2026-07-04,6600,0,Active,Unpaid,,6600,0,0,0,0.00,0,0,0,0,2026-07-04 16:42:56,2026-07-04 18:05:22,545259,Supplier,,Surat,Surat Store,Gujarat,,"1st Floor, Samanvay, Near Chandni Chowk, Gymkhana Rd, Piplod, Surat",9825184377,,,,,Jain Uttam Flour Mill,Supplier,,Gujarat,,"Massimo, Althan, Surat.",,0,,,,,1,,,0,,"[{""prev_price"":""41.000000"",""item_id"":""11961085"",""itemname"":""Maida"",""qty"":100,""price"":41,""amount"":4100,""discount"":""0.000"",""lbl_unit"":""Kg"",""unit"":""2418148"",""description"":"""",""hsn_code"":"""",""weighted_price"":41,""invoice_date"":""2026-07-04"",""sap_code"":"""",""purchase_doc_number"":"""",""purchase_invoice_number"":"""",""tax1"":0,""tax2"":0,""tax3"":0,""tax1_amount"":0,""tax2_amount"":0,""tax3_amount"":0,""expiry_date"":"""",""manufacturing_date"":"""",""sap_group_master_id"":0,""category"":""Food"",""yield_qty"":""0"",""discount_application"":""B"",""container_weight"":0,""net_weight"":""100"",""gross_weight"":""100"",""tax_type"":0,""excise_duty"":0,""tax1_label"":""CGST"",""tax2_label"":""SGST"",""tax3_label"":""IGST""},{""prev_price"":""50.000000"",""item_id"":""21350327"",""itemname"":""Rice Flour"",""qty"":50,""price"":50,""amount"":2500,""discount"":""0.000"",""lbl_unit"":""Kg"",""unit"":""2418148"",""description"":"""",""hsn_code"":"""",""weighted_price"":50,""invoice_date"":""2026-07-04"",""sap_code"":"""",""purchase_doc_number"":"""",""purchase_invoice_number"":"""",""tax1"":0,""tax2"":0,""tax3"":0,""tax1_amount"":0,""tax2_amount"":0,""tax3_amount"":0,""expiry_date"":"""",""manufacturing_date"":"""",""sap_group_master_id"":0,""category"":""Food"",""rmconv_qty"":""1000"",""rmconv_qty_total"":50000,""rmconv_unit_id"":""2418154"",""rmconv_unit"":""GM"",""yield_qty"":""0"",""discount_application"":""B"",""container_weight"":0,""net_weight"":""50"",""gross_weight"":""50"",""tax_type"":0,""excise_duty"":0,""tax1_label"":""CGST"",""tax2_label"":""SGST"",""tax3_label"":""IGST""}]",[],0,0,,,[],[],,,,,,,1,,,,,,,,,,,,,,,,,,,,,,,,,,,,,,,,,,,,,,,,,,,,,,,,,,,,,,,,,,,,,,,,,,,,,,,,,,,,,,,,,,,,,,,,,,,,,,,,,,,,,,,,,,,,,,,,,,,,,,,,,,,,,,,,,,,,,,,,,,,,,,,,,,,,,,,,,,,,,,,,,,,,,,,,,,,,,,,,,,,,,,,,,,,,,,,,,,,,,,,,,,,,,,,,,,,,,,,,,,,,,,,,,,,,,,,,,,,,,,,,,,,,,,,,,,,,,,,,,,,,,,,,,,,,,,,,,,,,,,,,,,,,,,,,,,,,,,,,,,,,,,,,,,,,,,,,,,,,,,,,,,,,,,,,,,,,,,,,,,,,,,,,,,,,,,,,,,,,,,,,,,,,,,,,,,,,,,,,,,,,,,,,,,,,,,,,,,,,,,,,,,,,,,,,,,,,,,,,,,,,,,,,,,,,,,,,,,,,,,,,,,,,,,,,,,,,,,,,,,,,,,,,,,,,,,,,,,,,,,,,,,,,,,,,,6a48ea88-5570-468b-bdf7-224c3c0098fe,6a48fdff-289c-4687-81ea-01e13c009e87,60.0.129.179,60.0.139.9,,,,,,,,,,,,,,,,,,,,,,,,,,,,,,,,,,,,,,,,,,,,,,,,,,,,,,,,,,,,,,,,,,,,,,,,,,,,,,,,,,,,,,,,,,,,,,,,,,,,,,,,,,,,,,,,,,,,,,,,,,,,,,,,,,,,,,,,,,,,,,,,,,,,,,,,,,,,,,,,,,,,,,,,,,,,,,,,,,,,,,,,,,,,,,,,,,,,,,,,,,,,,,,,,,,,,,,,,,,,,,,,,,,,,,,,,,,,,,,,,,,,,,,,,,
Surat Store,117185,134005132,Manual Stock,0,0,,2026-07-04,0,0,Active,Unpaid,,0,0,0,0,0.00,0,0,0,0,2026-07-04 15:41:31,2026-07-04 15:41:31,117185,Kitchen,,,,Gujarat,,,,,,,,,,,Gujarat,,,,,,,,,,,,,,"[{""item_id"":""21350327"",""unit"":""2418148"",""qty"":10,""itemname"":""Rice Flour"",""lbl_unit"":""Kg"",""description"":"""",""weighted_price"":0,""price"":0,""amount"":0,""hsn_code"":"""",""batchprefix"":"""",""existing_stock"":0,""current_stock"":10,""rmconv_qty"":""1000"",""rmconv_qty_total"":10000,""rmconv_unit"":""GM"",""rmconv_unit_id"":""2418154"",""category"":""Food"",""sap_code"":"""",""tax_type"":0,""excise_duty"":0,""tax1_label"":""CGST"",""tax2_label"":""SGST"",""tax3_label"":""IGST""}]",[],0,0,,,[],[],,,,,,,,,,,,,,,,,,,,,,,,,,,,,,,,,,,,,,,,,,,,,,,,,,,,,,,,,,,,,,,,,,,,,,,,,,,,,,,,6a48dc4b-b9ac-4f31-8897-014c3c009e87,,1,,,,,,,,,,,,,,,,,,,,,,,,,,,,,,,,,,,,,,,,,,,,,,,,,,,,,,,,,,,,,,,,,,,,,,,,,,,,,,,,,,,,,,,,,,,,,,,,,,,,,,,,,,,,,,,,,,,,,,,,,,,,,,,,,,,,,,,,,,,,,,,,,,,,,,,,,,,,,,,,,,,,,,,,,,,,,,,,,,,,,,,,,,,,,,,,,,,,,,,,,,,,,,,,,,,,,,,,,,,,,,,,,,,,,,,,,,,,,,,,,,,,,,,,,,,,,,,,,,,,,,,,,,,,,,,,,,,,,,,,,,,,,,,,,,,,,,,,,,,,,,,,,,,,,,,,,,,,,,,,,,,,,,,,,,,,,,,,,,,,,,,,,,,,,,,,,,,,,,,,,,,,,,,,,,,,,,,,,,,,,,,,,,,,,,,,,,,,,,,,,,,,,,,,,,,,,,,,,,60.0.134.229,,,,,,,,,,,,,,,,,,,,,,,,,,,,,,,,,,,,,,,,,,,,,,,,,,,,,,,,,,,,,,,,,,,,,,,,,,,,,,,,,,,,,,,,,,,,,,,,,,,,,,,,,,,,,,,,,,,,,,,,,,,,,,,,,,,,,,,,,,,,,,,,,,,,,,,,,,,,,,,,,,,,,,,,,,,,,,,,,,,,,,,,,,,,,,,,,,,,,,,,,,,,,,,,,,,,,,,,,,,,,,,,,,,,,,,,,,,,,,,,,,,,,,,,,
Surat Store,117185,134001184,Normal,,25814444,2292507334,2026-07-03,77.584,0,Active,Unpaid,,70.48,3.524,0,3.41,0.17,0.09,0.09,0,0,2026-07-04 15:15:02,2026-07-11 15:49:21,878784,Supplier,,Surat,Surat Store,Gujarat,,"1st Floor, Samanvay, Near Chandni Chowk, Gymkhana Rd, Piplod, Surat",9825184377,,,,,Blinkit,Supplier,,Gujarat,,,,0,,,,,1,,,0,,"[{""prev_price"":""70.480000"",""item_id"":""46870707"",""itemname"":""Jowar Flour 500gm"",""qty"":1,""price"":70.48,""amount"":70.48,""discount"":""0.000"",""lbl_unit"":""Qty"",""unit"":""2418165"",""description"":"""",""hsn_code"":"""",""weighted_price"":74.004,""invoice_date"":""2026-07-03"",""sap_code"":"""",""purchase_doc_number"":"""",""purchase_invoice_number"":"""",""tax1"":2.5,""tax2"":2.5,""tax3"":0,""tax1_amount"":1.762,""tax2_amount"":1.762,""tax3_amount"":0,""expiry_date"":"""",""manufacturing_date"":"""",""sap_group_master_id"":0,""category"":""Food"",""yield_qty"":""0"",""discount_application"":""B"",""container_weight"":0,""net_weight"":""1"",""gross_weight"":""1"",""tax_type"":0,""excise_duty"":0,""tax1_label"":""CGST"",""tax2_label"":""SGST"",""tax3_label"":""IGST""}]",[],0,0,,,[],[],,,,,,,1,,,,,,,,,,,,,,,,,,,,,,,,,,,,,,,,,,,,,,,,,,,,,,,,,,,,,,,,,,,,,,,,,,,,,,,,,,,,,,,,,,,,,,,,,,,,,,,,,,,,,,,,,,,,,,,,,,,,,,,,,,,,,,,,,,,,,,,,,,,,,,,,,,,,,,,,,,,,,,,,,,,,,,,,,,,,,,,,,,,,,,,,,,,,,,,,,,,,,,,,,,,,,,,,,,,,,,,,,,,,,,,,,,,,,,,,,,,,,,,,,,,,,,,,,,,,,,,,,,,,,,,,,,,,,,,,,,,,,,,,,,,,,,,,,,,,,,,,,,,,,,,,,,,,,,,,,,,,,,,,,,,,,,,,,,,,,,,,,,,,,,,,,,,,,,,,,,,,,,,,,,,,,,,,,,,,,,,,,,,,,,,,,,,,,,,,,,,,,,,,,,,,,,,,,,,,,,,,,,,,,,,,,,,,,,,,,,,,,,,,,,,,,,,,,,,,,,,,,,,,,,,,,,,,,,,,,,,,,,,,,,,,,,,,,,,,,,6a48d5e7-de2c-4430-ae8c-775c3c009e87,6a52189f-ec9c-45cb-a9b3-39623c009e87,60.0.134.229,60.0.135.10,,,,,,,,,,,,,,,,,,,,,,,,,,,,,,,,,,,,,,,,,,,,,,,,,,,,,,,,,,,,,,,,,,,,,,,,,,,,,,,,,,,,,,,,,,,,,,,,,,,,,,,,,,,,,,,,,,,,,,,,,,,,,,,,,,,,,,,,,,,,,,,,,,,,,,,,,,,,,,,,,,,,,,,,,,,,,,,,,,,,,,,,,,,,,,,,,,,,,,,,,,,,,,,,,,,,,,,,,,,,,,,,,,,,,,,,,,,,,,,,,,,,,
Surat Store,117185,133995914,Normal,,25814443,INV353-2605171,2026-07-04,21999.6,0,Active,Unpaid,24ACSPP6598A1Z5,15714,6285.6,0,0,0.00,0,0,0,0,2026-07-04 14:35:47,2026-07-10 16:52:26,753876,Supplier,,Surat,Surat Store,Gujarat,,"1st Floor, Samanvay, Near Chandni Chowk, Gymkhana Rd, Piplod, Surat",9825184377,,,24ACSPP6598A1Z5,,Mahalaxmi Enterprise,Supplier,,Gujarat,,p np 14 sai residency nr ruchi township opp ichchhapore police station ichchhapore kawas suratichchhapor.,8799536449,0,,,,,1,,,0,,"[{""prev_price"":""26.190000"",""item_id"":""45124948"",""itemname"":""Diet Coke 300ml"",""qty"":600,""price"":26.19,""amount"":15714,""discount"":""0.000"",""lbl_unit"":""Qty"",""unit"":""2418165"",""description"":"""",""hsn_code"":"""",""weighted_price"":36.666,""invoice_date"":""2026-07-04"",""sap_code"":"""",""purchase_doc_number"":"""",""purchase_invoice_number"":"""",""tax1"":20,""tax2"":20,""tax3"":0,""tax1_amount"":3142.8,""tax2_amount"":3142.8,""tax3_amount"":0,""expiry_date"":"""",""manufacturing_date"":"""",""sap_group_master_id"":0,""category"":""Food"",""yield_qty"":""0"",""discount_application"":""B"",""container_weight"":0,""net_weight"":""600"",""gross_weight"":""600"",""tax_type"":0,""excise_duty"":0,""tax1_label"":""CGST"",""tax2_label"":""SGST"",""tax3_label"":""IGST""}]",[],0,0,,,[],[],,,,,,,1,,,,,,,,,,,,,,,,,,,,,,,,,,,,,,,,,,,,,,,,,,,,,,,,,,,,,,,,,,,,,,,,,,,,,,,,,,,,,,,,,,,,,,,,,,,,,,,,,,,,,,,,,,,,,,,,,,,,,,,,,,,,,,,,,,,,,,,,,,,,,,,,,,,,,,,,,,,,,,,,,,,,,,,,,,,,,,,,,,,,,,,,,,,,,,,,,,,,,,,,,,,,,,,,,,,,,,,,,,,,,,,,,,,,,,,,,,,,,,,,,,,,,,,,,,,,,,,,,,,,,,,,,,,,,,,,,,,,,,,,,,,,,,,,,,,,,,,,,,,,,,,,,,,,,,,,,,,,,,,,,,,,,,,,,,,,,,,,,,,,,,,,,,,,,,,,,,,,,,,,,,,,,,,,,,,,,,,,,,,,,,,,,,,,,,,,,,,,,,,,,,,,,,,,,,,,,,,,,,,,,,,,,,,,,,,,,,,,,,,,,,,,,,,,,,,,,,,,,,,,,,,,,,,,,,,,,,,,,,,,,,,,,,,,,,,,,,,,,,6a48cc59-21a4-40fb-965e-52d63c009e87,6a48d55e-9190-487a-92fd-42aa3c0081b3,6a50d5dc-34b0-477a-8486-13893c009fc0,60.0.129.179,60.0.139.9,60.0.139.155,,,,,,,,,,,,,,,,,,,,,,,,,,,,,,,,,,,,,,,,,,,,,,,,,,,,,,,,,,,,,,,,,,,,,,,,,,,,,,,,,,,,,,,,,,,,,,,,,,,,,,,,,,,,,,,,,,,,,,,,,,,,,,,,,,,,,,,,,,,,,,,,,,,,,,,,,,,,,,,,,,,,,,,,,,,,,,,,,,,,,,,,,,,,,,,,,,,,,,,,,,,,,,,,,,,,,,,,,,,,,,,,,,,,,,,,,,,,,,,
Surat Store,117185,133993444,Normal,,25814442,W0002412,2026-07-03,2078,0,Active,Unpaid,24AAQFT2846R1ZA,2078,0,0,0,0.00,0,0,0,0,2026-07-04 14:15:26,2026-07-10 16:50:37,569326,Supplier,,Surat,Surat Store,Gujarat,,"1st Floor, Samanvay, Near Chandni Chowk, Gymkhana Rd, Piplod, Surat",9825184377,,,24AAQFT2846R1ZA,,Tulsi Super,Supplier,office@tulsisuper.cmo,Gujarat,,"G-18 exult shoppers , near siddhi vinayak temple Vesu - Surat",9563186318,0,,,,,1,,,0,,"[{""prev_price"":""550.000000"",""item_id"":""23476488"",""itemname"":""Amul Processed Cheese Block 1kg"",""qty"":1,""price"":550,""amount"":550,""discount"":""0.000"",""lbl_unit"":""Qty"",""unit"":""2418165"",""description"":"""",""hsn_code"":"""",""weighted_price"":550,""invoice_date"":""2026-07-03"",""sap_code"":"""",""purchase_doc_number"":"""",""purchase_invoice_number"":"""",""tax1"":0,""tax2"":0,""tax3"":0,""tax1_amount"":0,""tax2_amount"":0,""tax3_amount"":0,""expiry_date"":"""",""manufacturing_date"":"""",""sap_group_master_id"":0,""category"":""Food"",""yield_qty"":""0"",""discount_application"":""B"",""container_weight"":0,""net_weight"":""1"",""gross_weight"":""1"",""tax_type"":0,""excise_duty"":0,""tax1_label"":""CGST"",""tax2_label"":""SGST"",""tax3_label"":""IGST""},{""prev_price"":""180.000000"",""item_id"":""46867398"",""itemname"":""Ankur Groundnut Oil 870ml"",""qty"":2,""price"":180,""amount"":360,""discount"":""0.000"",""lbl_unit"":""Qty"",""unit"":""2418165"",""description"":"""",""hsn_code"":"""",""weighted_price"":180,""invoice_date"":""2026-07-03"",""sap_code"":"""",""purchase_doc_number"":"""",""purchase_invoice_number"":"""",""tax1"":0,""tax2"":0,""tax3"":0,""tax1_amount"":0,""tax2_amount"":0,""tax3_amount"":0,""expiry_date"":"""",""manufacturing_date"":"""",""sap_group_master_id"":0,""category"":""Food"",""yield_qty"":""0"",""discount_application"":""B"",""container_weight"":0,""net_weight"":""2"",""gross_weight"":""2"",""tax_type"":0,""excise_duty"":0,""tax1_label"":""CGST"",""tax2_label"":""SGST"",""tax3_label"":""IGST""},{""prev_price"":""100.000000"",""item_id"":""46867421"",""itemname"":""Bharat Athana Sambhar Masala 250gm"",""qty"":1,""price"":100,""amount"":100,""discount"":""0.000"",""lbl_unit"":""Qty"",""unit"":""2418165"",""description"":"""",""hsn_code"":"""",""weighted_price"":100,""invoice_date"":""2026-07-03"",""sap_code"":"""",""purchase_doc_number"":"""",""purchase_invoice_number"":"""",""tax1"":0,""tax2"":0,""tax3"":0,""tax1_amount"":0,""tax2_amount"":0,""tax3_amount"":0,""expiry_date"":"""",""manufacturing_date"":"""",""sap_group_master_id"":0,""category"":""Food"",""yield_qty"":""0"",""discount_application"":""B"",""container_weight"":0,""net_weight"":""1"",""gross_weight"":""1"",""tax_type"":0,""excise_duty"":0,""tax1_label"":""CGST"",""tax2_label"":""SGST"",""tax3_label"":""IGST""},{""prev_price"":""140.000000"",""item_id"":""39936791"",""itemname"":""Yellow Moong Dal"",""qty"":0.25,""price"":140,""amount"":35,""discount"":""0.000"",""lbl_unit"":""Kg"",""unit"":""2418148"",""description"":"""",""hsn_code"":"""",""weighted_price"":140,""invoice_date"":""2026-07-03"",""sap_code"":"""",""purchase_doc_number"":"""",""purchase_invoice_number"":"""",""tax1"":0,""tax2"":0,""tax3"":0,""tax1_amount"":0,""tax2_amount"":0,""tax3_amount"":0,""expiry_date"":"""",""manufacturing_date"":"""",""sap_group_master_id"":0,""category"":""Food"",""rmconv_qty"":""1000"",""rmconv_qty_total"":250,""rmconv_unit_id"":""2418154"",""rmconv_unit"":""GM"",""yield_qty"":""0"",""discount_application"":""B"",""container_weight"":0,""net_weight"":""0.25"",""gross_weight"":""0.25"",""tax_type"":0,""excise_duty"":0,""tax1_label"":""CGST"",""tax2_label"":""SGST"",""tax3_label"":""IGST""},{""prev_price"":""95.000000"",""item_id"":""36310542"",""itemname"":""Sabudana"",""qty"":0.5,""price"":95,""amount"":47.5,""discount"":""0.000"",""lbl_unit"":""Qty"",""unit"":""2418165"",""description"":"""",""hsn_code"":"""",""weighted_price"":95,""invoice_date"":""2026-07-03"",""sap_code"":"""",""purchase_doc_number"":"""",""purchase_invoice_number"":"""",""tax1"":0,""tax2"":0,""tax3"":0,""tax1_amount"":0,""tax2_amount"":0,""tax3_amount"":0,""expiry_date"":"""",""manufacturing_date"":"""",""sap_group_master_id"":0,""category"":""Food"",""yield_qty"":""0"",""discount_application"":""B"",""container_weight"":0,""net_weight"":""0.5"",""gross_weight"":""0.5"",""tax_type"":0,""excise_duty"":0,""tax1_label"":""CGST"",""tax2_label"":""SGST"",""tax3_label"":""IGST""},{""prev_price"":""90.000000"",""item_id"":""44112374"",""itemname"":""Chana Dal"",""qty"":0.25,""price"":90,""amount"":22.5,""discount"":""0.000"",""lbl_unit"":""Kg"",""unit"":""2418148"",""description"":"""",""hsn_code"":"""",""weighted_price"":90,""invoice_date"":""2026-07-03"",""sap_code"":"""",""purchase_doc_number"":"""",""purchase_invoice_number"":"""",""tax1"":0,""tax2"":0,""tax3"":0,""tax1_amount"":0,""tax2_amount"":0,""tax3_amount"":0,""expiry_date"":"""",""manufacturing_date"":"""",""sap_group_master_id"":0,""category"":""Food"",""rmconv_qty"":""1000"",""rmconv_qty_total"":250,""rmconv_unit_id"":""2418154"",""rmconv_unit"":""GM"",""yield_qty"":""0"",""discount_application"":""B"",""container_weight"":0,""net_weight"":""0.25"",""gross_weight"":""0.25"",""tax_type"":0,""excise_duty"":0,""tax1_label"":""CGST"",""tax2_label"":""SGST"",""tax3_label"":""IGST""},{""prev_price"":""50.000000"",""item_id"":""46314148"",""itemname"":""Coconut Fresh"",""qty"":2,""price"":50,""amount"":100,""discount"":""0.000"",""lbl_unit"":""Qty"",""unit"":""2418165"",""description"":"""",""hsn_code"":"""",""weighted_price"":50,""invoice_date"":""2026-07-03"",""sap_code"":"""",""purchase_doc_number"":"""",""purchase_invoice_number"":"""",""tax1"":0,""tax2"":0,""tax3"":0,""tax1_amount"":0,""tax2_amount"":0,""tax3_amount"":0,""expiry_date"":"""",""manufacturing_date"":"""",""sap_group_master_id"":0,""category"":""Food"",""yield_qty"":""0"",""discount_application"":""B"",""container_weight"":0,""net_weight"":""2"",""gross_weight"":""2"",""tax_type"":0,""excise_duty"":0,""tax1_label"":""CGST"",""tax2_label"":""SGST"",""tax3_label"":""IGST""},{""prev_price"":""180.000000"",""item_id"":""11960996"",""itemname"":""Tamarind Seedless"",""qty"":1,""price"":180,""amount"":180,""discount"":""0.000"",""lbl_unit"":""Kg"",""unit"":""2418148"",""description"":"""",""hsn_code"":"""",""weighted_price"":180,""invoice_date"":""2026-07-03"",""sap_code"":"""",""purchase_doc_number"":"""",""purchase_invoice_number"":"""",""tax1"":0,""tax2"":0,""tax3"":0,""tax1_amount"":0,""tax2_amount"":0,""tax3_amount"":0,""expiry_date"":"""",""manufacturing_date"":"""",""sap_group_master_id"":0,""category"":""Food"",""rmconv_qty"":""1000"",""rmconv_qty_total"":1000,""rmconv_unit_id"":""2418154"",""rmconv_unit"":""GM"",""yield_qty"":""0"",""discount_application"":""B"",""container_weight"":0,""net_weight"":""1"",""gross_weight"":""1"",""tax_type"":0,""excise_duty"":0,""tax1_label"":""CGST"",""tax2_label"":""SGST"",""tax3_label"":""IGST""},{""prev_price"":""126.000000"",""item_id"":""35823383"",""itemname"":""Urad Gota White"",""qty"":0.5,""price"":126,""amount"":63,""discount"":""0.000"",""lbl_unit"":""Kg"",""unit"":""2418148"",""description"":"""",""hsn_code"":"""",""weighted_price"":126,""invoice_date"":""2026-07-03"",""sap_code"":"""",""purchase_doc_number"":"""",""purchase_invoice_number"":"""",""tax1"":0,""tax2"":0,""tax3"":0,""tax1_amount"":0,""tax2_amount"":0,""tax3_amount"":0,""expiry_date"":"""",""manufacturing_date"":"""",""sap_group_master_id"":0,""category"":""Food"",""rmconv_qty"":""1000"",""rmconv_qty_total"":500,""rmconv_unit_id"":""2418154"",""rmconv_unit"":""GM"",""yield_qty"":""0"",""discount_application"":""B"",""container_weight"":0,""net_weight"":""0.5"",""gross_weight"":""0.5"",""tax_type"":0,""excise_duty"":0,""tax1_label"":""CGST"",""tax2_label"":""SGST"",""tax3_label"":""IGST""},{""prev_price"":""540.000000"",""item_id"":""11960867"",""itemname"":""Amul Diced Blend Cheese 1kg"",""qty"":1,""price"":540,""amount"":540,""discount"":""0.000"",""lbl_unit"":""Qty"",""unit"":""2418165"",""description"":"""",""hsn_code"":"""",""weighted_price"":540,""invoice_date"":""2026-07-03"",""sap_code"":"""",""purchase_doc_number"":"""",""purchase_invoice_number"":"""",""tax1"":0,""tax2"":0,""tax3"":0,""tax1_amount"":0,""tax2_amount"":0,""tax3_amount"":0,""expiry_date"":"""",""manufacturing_date"":"""",""sap_group_master_id"":0,""category"":""Food"",""yield_qty"":""0"",""discount_application"":""B"",""container_weight"":0,""net_weight"":""1"",""gross_weight"":""1"",""tax_type"":0,""excise_duty"":0,""tax1_label"":""CGST"",""tax2_label"":""SGST"",""tax3_label"":""IGST""},{""prev_price"":""160.000000"",""item_id"":""20148845"",""itemname"":""Peanuts Loose"",""qty"":0.5,""price"":160,""amount"":80,""discount"":""0.000"",""lbl_unit"":""Kg"",""unit"":""2418148"",""description"":"""",""hsn_code"":"""",""weighted_price"":160,""invoice_date"":""2026-07-03"",""sap_code"":"""",""purchase_doc_number"":"""",""purchase_invoice_number"":"""",""tax1"":0,""tax2"":0,""tax3"":0,""tax1_amount"":0,""tax2_amount"":0,""tax3_amount"":0,""expiry_date"":"""",""manufacturing_date"":"""",""sap_group_master_id"":0,""category"":""Food"",""yield_qty"":""0"",""discount_application"":""B"",""pricing_method"":""0"",""container_weight"":0,""net_weight"":""0.5"",""gross_weight"":""0.5"",""tax_type"":0,""excise_duty"":0,""tax1_label"":""CGST"",""tax2_label"":""SGST"",""tax3_label"":""IGST""}]",[],0,0,,,[],[],,,,,,,1,,,,,,,,,,,,,,,,,,,,,,,,,,,,,,,,,,,,,,,,,,,,,,,,,,,,,,,,,,,,,,,,,,,,,,,,,,,,,,,,,,,,,,,,,,,,,,,,,,,,,,,,,,,,,,,,,,,,,,,,,,,,,,,,,,,,,,,,,,,,,,,,,,,,,,,,,,,,,,,,,,,,,,,,,,,,,,,,,,,,,,,,,,,,,,,,,,,,,,,,,,,,,,,,,,,,,,,,,,,,,,,,,,,,,,,,,,,,,,,,,,,,,,,,,,,,,,,,,,,,,,,,,,,,,,,,,,,,,,,,,,,,,,,,,,,,,,,,,,,,,,,,,,,,,,,,,,,,,,,,,,,,,,,,,,,,,,,,,,,,,,,,,,,,,,,,,,,,,,,,,,,,,,,,,,,,,,,,,,,,,,,,,,,,,,,,,,,,,,,,,,,,,,,,,,,,,,,,,,,,,,,,,,,,,,,,,,,,,,,,,,,,,,,,,,,,,,,,,,,,,,,,,,,,,,,,,,,,,,,,,,,,,,,,,,,,,,,,,,,,,,,,6a48c1ee-13bc-4c9f-8b58-68bd3c008b09,6a48d63c-9d94-4cd7-8c38-7d983c009e87,6a50d572-2618-4fc9-bb66-4a943c0082a3,60.0.158.135,60.0.134.229,60.0.139.155,,,,,,,,,,,,,,,,,,,,,,,,,,,,,,,,,,,,,,,,,,,,,,,,,,,,,,,,,,,,,,,,,,,,,,,,,,,,,,,,,,,,,,,,,,,,,,,,,,,,,,,,,,,,,,,,,,,,,,,,,,,,,,,,,,,,,,,,,,,,,,,,,,,,,,,,,,,,,,,,,,,,,,,,,,,,,,,,,,,,,,,,,,,,,,,,,,,,,,,,,,,,,,,,,,,,,,,,,,,,,,,,,,,,,,,,,
Surat Store,117185,133986393,Normal,,25814441,608,2026-07-03,1260,0,Active,Unpaid,24aaqfk8796b1zv,1200,60,0,0,0.00,0,0,0,0,2026-07-04 13:21:44,2026-07-10 17:10:36,546120,Supplier,,Surat,Surat Store,Gujarat,,"1st Floor, Samanvay, Near Chandni Chowk, Gymkhana Rd, Piplod, Surat",9825184377,,,24aaqfk8796b1zv,,Hare Krishna Industries,Supplier,info.ice4king@gmail.com,Gujarat,,22/A shri ram industrial co. society . navjivan circle udhna magadalla - 395017,8866188688,0,,,,,1,,,0,,"[{""prev_price"":""30.000000"",""item_id"":""19271683"",""itemname"":""Ice Cubes"",""qty"":40,""price"":30,""amount"":1200,""discount"":""0.000"",""lbl_unit"":""Kg"",""unit"":""2418148"",""description"":"""",""hsn_code"":"""",""weighted_price"":31.5,""invoice_date"":""2026-07-03"",""sap_code"":"""",""purchase_doc_number"":"""",""purchase_invoice_number"":"""",""tax1"":2.5,""tax2"":2.5,""tax3"":0,""tax1_amount"":30,""tax2_amount"":30,""tax3_amount"":0,""expiry_date"":"""",""manufacturing_date"":"""",""sap_group_master_id"":0,""category"":""Food"",""rmconv_qty"":""1000"",""rmconv_qty_total"":40000,""rmconv_unit_id"":""2418154"",""rmconv_unit"":""GM"",""yield_qty"":""0"",""discount_application"":""B"",""container_weight"":0,""net_weight"":""40"",""gross_weight"":""40"",""tax_type"":0,""excise_duty"":0,""tax1_label"":""CGST"",""tax2_label"":""SGST"",""tax3_label"":""IGST""}]",[],0,0,,,[],[],,,,,,,1,,,,,,,,,,,,,,,,,,,,,,,,,,,,,,,,,,,,,,,,,,,,,,,,,,,,,,,,,,,,,,,,,,,,,,,,,,,,,,,,,,,,,,,,,,,,,,,,,,,,,,,,,,,,,,,,,,,,,,,,,,,,,,,,,,,,,,,,,,,,,,,,,,,,,,,,,,,,,,,,,,,,,,,,,,,,,,,,,,,,,,,,,,,,,,,,,,,,,,,,,,,,,,,,,,,,,,,,,,,,,,,,,,,,,,,,,,,,,,,,,,,,,,,,,,,,,,,,,,,,,,,,,,,,,,,,,,,,,,,,,,,,,,,,,,,,,,,,,,,,,,,,,,,,,,,,,,,,,,,,,,,,,,,,,,,,,,,,,,,,,,,,,,,,,,,,,,,,,,,,,,,,,,,,,,,,,,,,,,,,,,,,,,,,,,,,,,,,,,,,,,,,,,,,,,,,,,,,,,,,,,,,,,,,,,,,,,,,,,,,,,,,,,,,,,,,,,,,,,,,,,,,,,,,,,,,,,,,,,,,,,,,,,,,,,,,,,,,,,,,,,,,,,,,,,6a48bb3c-c44c-4971-8d14-161f3c009e87,6a50da1d-bb88-4ecb-add8-53183c008ca8,60.0.146.125,60.0.159.192,,,,,,,,,,,,,,,,,,,,,,,,,,,,,,,,,,,,,,,,,,,,,,,,,,,,,,,,,,,,,,,,,,,,,,,,,,,,,,,,,,,,,,,,,,,,,,,,,,,,,,,,,,,,,,,,,,,,,,,,,,,,,,,,,,,,,,,,,,,,,,,,,,,,,,,,,,,,,,,,,,,,,,,,,,,,,,,,,,,,,,,,,,,,,,,,,,,,,,,,,,,,,,,,,,,,,,,,,,,,,,,,,,,,,
Surat Store,117185,133977172,Normal,,25814440,8075,2026-07-04,319.998,0,Active,Unpaid,24BBEPK9723N1Z9,304.76,15.238,0,0,0.00,0,0,0,0,2026-07-04 12:20:51,2026-07-10 16:57:12,545245,Supplier,,Surat,Surat Store,Gujarat,,"1st Floor, Samanvay, Near Chandni Chowk, Gymkhana Rd, Piplod, Surat",9825184377,,,24BBEPK9723N1Z9,,RN Corporation,Supplier,,Gujarat,,"G-16 Someshwara Square, vesu, surat - 395007.",9998896728,0,,,,,1,,,0,,"[{""prev_price"":""304.760000"",""item_id"":""46864948"",""itemname"":""Bitter Crocker Pancake Mix 500gm"",""qty"":1,""price"":304.76,""amount"":304.76,""discount"":""0.000"",""lbl_unit"":""Qty"",""unit"":""2418165"",""description"":"""",""hsn_code"":"""",""weighted_price"":319.998,""invoice_date"":""2026-07-04"",""sap_code"":"""",""purchase_doc_number"":"""",""purchase_invoice_number"":"""",""tax1"":2.5,""tax2"":2.5,""tax3"":0,""tax1_amount"":7.619,""tax2_amount"":7.619,""tax3_amount"":0,""expiry_date"":"""",""manufacturing_date"":"""",""sap_group_master_id"":0,""category"":""Food"",""yield_qty"":""0"",""discount_application"":""B"",""container_weight"":0,""net_weight"":""1"",""gross_weight"":""1"",""tax_type"":0,""excise_duty"":0,""tax1_label"":""CGST"",""tax2_label"":""SGST"",""tax3_label"":""IGST""}]",[],0,0,,,[],[],,,,,,,1,,,,,,,,,,,,,,,,,,,,,,,,,,,,,,,,,,,,,,,,,,,,,,,,,,,,,,,,,,,,,,,,,,,,,,,,,,,,,,,,,,,,,,,,,,,,,,,,,,,,,,,,,,,,,,,,,,,,,,,,,,,,,,,,,,,,,,,,,,,,,,,,,,,,,,,,,,,,,,,,,,,,,,,,,,,,,,,,,,,,,,,,,,,,,,,,,,,,,,,,,,,,,,,,,,,,,,,,,,,,,,,,,,,,,,,,,,,,,,,,,,,,,,,,,,,,,,,,,,,,,,,,,,,,,,,,,,,,,,,,,,,,,,,,,,,,,,,,,,,,,,,,,,,,,,,,,,,,,,,,,,,,,,,,,,,,,,,,,,,,,,,,,,,,,,,,,,,,,,,,,,,,,,,,,,,,,,,,,,,,,,,,,,,,,,,,,,,,,,,,,,,,,,,,,,,,,,,,,,,,,,,,,,,,,,,,,,,,,,,,,,,,,,,,,,,,,,,,,,,,,,,,,,,,,,,,,,,,,,,,,,,,,,,,,,,,,,,,,,,,,,,,,,,,,,,,,,6a48ac25-b8ec-47f3-ab3b-089c3c008b09,6a48d5ee-6794-4715-9475-56c83c0081b3,6a50d701-2e4c-4c13-a8d3-79133c008b9b,60.0.158.135,60.0.139.9,60.0.139.155,,,,,,,,,,,,,,,,,,,,,,,,,,,,,,,,,,,,,,,,,,,,,,,,,,,,,,,,,,,,,,,,,,,,,,,,,,,,,,,,,,,,,,,,,,,,,,,,,,,,,,,,,,,,,,,,,,,,,,,,,,,,,,,,,,,,,,,,,,,,,,,,,,,,,,,,,,,,,,,,,,,,,,,,,,,,,,,,,,,,,,,,,,,,,,,,,,,,,,,,,,,,,,,,,,,,,,,,,,,,,,,
Surat Store,117185,133973311,Normal,,25814439,260724D000138339,2026-07-04,143.988,0,Active,Unpaid,,108.57,5.428,0,29.99,0.00,0,0,0,0,2026-07-04 11:52:54,2026-07-04 11:52:54,1413808,Supplier,,Surat,Surat Store,Gujarat,,"1st Floor, Samanvay, Near Chandni Chowk, Gymkhana Rd, Piplod, Surat",9825184377,,,,,Zepto,Supplier,,Gujarat,,,,0,,,,,1,,,0,,"[{""prev_price"":""0.000000"",""item_id"":""43903342"",""itemname"":""Orange Juice 1 Ltr"",""qty"":1,""price"":108.57,""amount"":108.57,""discount"":""0.000"",""lbl_unit"":""Qty"",""unit"":""2418165"",""description"":"""",""hsn_code"":"""",""weighted_price"":113.998,""invoice_date"":""2026-07-04"",""sap_code"":"""",""purchase_doc_number"":"""",""purchase_invoice_number"":"""",""tax1"":2.5,""tax2"":2.5,""tax3"":0,""tax1_amount"":2.714,""tax2_amount"":2.714,""tax3_amount"":0,""expiry_date"":"""",""manufacturing_date"":"""",""sap_group_master_id"":0,""category"":""Food"",""yield_qty"":""0"",""discount_application"":""B"",""container_weight"":0,""net_weight"":""1"",""gross_weight"":0,""tax_type"":0,""excise_duty"":0,""tax1_label"":""CGST"",""tax2_label"":""SGST"",""tax3_label"":""IGST""}]",[],0,0,,,[],[],,,,,,,1,,,,,,,,,,,,,,,,,,,,,,,,,,,,,,,,,,,,,,,,,,,,,,,,,,,,,,,,,,,,,,,,,,,,,,,,,,,,,,,,,,,,,,,,,,,,,,,,,,,,,,,,,,,,,,,,,,,,,,,,,,,,,,,,,,,,,,,,,,,,,,,,,,,,,,,,,,,,,,,,,,,,,,,,,,,,,,,,,,,,,,,,,,,,,,,,,,,,,,,,,,,,,,,,,,,,,,,,,,,,,,,,,,,,,,,,,,,,,,,,,,,,,,,,,,,,,,,,,,,,,,,,,,,,,,,,,,,,,,,,,,,,,,,,,,,,,,,,,,,,,,,,,,,,,,,,,,,,,,,,,,,,,,,,,,,,,,,,,,,,,,,,,,,,,,,,,,,,,,,,,,,,,,,,,,,,,,,,,,,,,,,,,,,,,,,,,,,,,,,,,,,,,,,,,,,,,,,,,,,,,,,,,,,,,,,,,,,,,,,,,,,,,,,,,,,,,,,,,,,,,,,,,,,,,,,,,,,,,,,,,,,,,,,,,,,,,,,,,,,,,,,,,,,,,,,,,,,,,,,,6a48a669-1648-4b56-936c-19b13c008b09,60.0.129.179,,,,,,,,,,,,,,,,,,,,,,,,,,,,,,,,,,,,,,,,,,,,,,,,,,,,,,,,,,,,,,,,,,,,,,,,,,,,,,,,,,,,,,,,,,,,,,,,,,,,,,,,,,,,,,,,,,,,,,,,,,,,,,,,,,,,,,,,,,,,,,,,,,,,,,,,,,,,,,,,,,,,,,,,,,,,,,,,,,,,,,,,,,,,,,,,,,,,,,,,,,,,,,,,,,,,,,,,,,,,,
Surat Store,117185,133971895,Normal,,25814438,QWBW-37207,2026-07-04,1107.634,0,Active,Unpaid,,1054.89,52.744,0,0,0.00,0,0,0,0,2026-07-04 11:42:01,2026-07-10 17:00:03,577173,Supplier,,Surat,Surat Store,Gujarat,,"1st Floor, Samanvay, Near Chandni Chowk, Gymkhana Rd, Piplod, Surat",9825184377,,,,,Amazon .in,Supplier,,Gujarat,,,,0,,,,,1,,,0,,"[{""prev_price"":""351.630000"",""item_id"":""30594391"",""itemname"":""Up Pectin Powder 150gm"",""qty"":3,""price"":351.63,""amount"":1054.89,""discount"":""0.000"",""lbl_unit"":""Qty"",""unit"":""2418165"",""description"":"""",""hsn_code"":"""",""weighted_price"":369.211333,""invoice_date"":""2026-07-04"",""sap_code"":"""",""purchase_doc_number"":"""",""purchase_invoice_number"":"""",""tax1"":2.5,""tax2"":2.5,""tax3"":0,""tax1_amount"":26.372,""tax2_amount"":26.372,""tax3_amount"":0,""expiry_date"":"""",""manufacturing_date"":"""",""sap_group_master_id"":0,""category"":""Food"",""yield_qty"":""0"",""discount_application"":""B"",""container_weight"":0,""net_weight"":""3"",""gross_weight"":""3"",""tax_type"":0,""excise_duty"":0,""tax1_label"":""CGST"",""tax2_label"":""SGST"",""tax3_label"":""IGST""}]",[],0,0,,,[],[],,,,,,,1,,,,,,,,,,,,,,,,,,,,,,,,,,,,,,,,,,,,,,,,,,,,,,,,,,,,,,,,,,,,,,,,,,,,,,,,,,,,,,,,,,,,,,,,,,,,,,,,,,,,,,,,,,,,,,,,,,,,,,,,,,,,,,,,,,,,,,,,,,,,,,,,,,,,,,,,,,,,,,,,,,,,,,,,,,,,,,,,,,,,,,,,,,,,,,,,,,,,,,,,,,,,,,,,,,,,,,,,,,,,,,,,,,,,,,,,,,,,,,,,,,,,,,,,,,,,,,,,,,,,,,,,,,,,,,,,,,,,,,,,,,,,,,,,,,,,,,,,,,,,,,,,,,,,,,,,,,,,,,,,,,,,,,,,,,,,,,,,,,,,,,,,,,,,,,,,,,,,,,,,,,,,,,,,,,,,,,,,,,,,,,,,,,,,,,,,,,,,,,,,,,,,,,,,,,,,,,,,,,,,,,,,,,,,,,,,,,,,,,,,,,,,,,,,,,,,,,,,,,,,,,,,,,,,,,,,,,,,,,,,,,,,,,,,,,,,,,,,,,,,,,,,,,,,,,,,,,,,,,,,,,6a48a079-70a0-4778-9d00-4af03c009e87,6a48d629-b020-459e-b452-708b3c009e87,6a50d7a5-bad8-4ad7-9d7c-2f2e3c009e87,60.0.129.179,60.0.129.179,60.0.140.168,,,,,,,,,,,,,,,,,,,,,,,,,,,,,,,,,,,,,,,,,,,,,,,,,,,,,,,,,,,,,,,,,,,,,,,,,,,,,,,,,,,,,,,,,,,,,,,,,,,,,,,,,,,,,,,,,,,,,,,,,,,,,,,,,,,,,,,,,,,,,,,,,,,,,,,,,,,,,,,,,,,,,,,,,,,,,,,,,,,,,,,,,,,,,,,,,,,,,,,,,,,,,,,,,,,,,,,
Surat Store,117185,133965243,Normal,,25814437,C34795T260069075,2026-07-04,198,0,Active,Unpaid,,189,0,0,9,0.00,0,0,0,0,2026-07-04 10:42:38,2026-07-04 10:42:38,878784,Supplier,,Surat,Surat Store,Gujarat,,"1st Floor, Samanvay, Near Chandni Chowk, Gymkhana Rd, Piplod, Surat",9825184377,,,,,Blinkit,Supplier,,Gujarat,,,,0,,,,,1,,,0,,"[{""prev_price"":""0.000000"",""item_id"":""44119515"",""itemname"":""Wrap Tortilla"",""qty"":1,""price"":189,""amount"":189,""discount"":""0.000"",""lbl_unit"":""Kg"",""unit"":""2418148"",""description"":"""",""hsn_code"":"""",""weighted_price"":189,""invoice_date"":""2026-07-04"",""sap_code"":"""",""purchase_doc_number"":"""",""purchase_invoice_number"":"""",""tax1"":0,""tax2"":0,""tax3"":0,""tax1_amount"":0,""tax2_amount"":0,""tax3_amount"":0,""expiry_date"":"""",""manufacturing_date"":"""",""sap_group_master_id"":0,""category"":""Food"",""yield_qty"":""0"",""discount_application"":""B"",""container_weight"":0,""net_weight"":""1"",""gross_weight"":0,""tax_type"":0,""excise_duty"":0,""tax1_label"":""CGST"",""tax2_label"":""SGST"",""tax3_label"":""IGST""}]",[],0,0,,,[],[],,,,,,,1,,,,,,,,,,,,,,,,,,,,,,,,,,,,,,,,,,,,,,,,,,,,,,,,,,,,,,,,,,,,,,,,,,,,,,,,,,,,,,,,,,,,,,,,,,,,,,,,,,,,,,,,,,,,,,,,,,,,,,,,,,,,,,,,,,,,,,,,,,,,,,,,,,,,,,,,,,,,,,,,,,,,,,,,,,,,,,,,,,,,,,,,,,,,,,,,,,,,,,,,,,,,,,,,,,,,,,,,,,,,,,,,,,,,,,,,,,,,,,,,,,,,,,,,,,,,,,,,,,,,,,,,,,,,,,,,,,,,,,,,,,,,,,,,,,,,,,,,,,,,,,,,,,,,,,,,,,,,,,,,,,,,,,,,,,,,,,,,,,,,,,,,,,,,,,,,,,,,,,,,,,,,,,,,,,,,,,,,,,,,,,,,,,,,,,,,,,,,,,,,,,,,,,,,,,,,,,,,,,,,,,,,,,,,,,,,,,,,,,,,,,,,,,,,,,,,,,,,,,,,,,,,,,,,,,,,,,,,,,,,,,,,,,,,,,,,,,,,,,,,,,,,,,,,,,,,,,,,,,,,,,,,,,,,6a48961f-679c-436f-82ed-10023c009e87,60.0.158.135,,,,,,,,,,,,,,,,,,,,,,,,,,,,,,,,,,,,,,,,,,,,,,,,,,,,,,,,,,,,,,,,,,,,,,,,,,,,,,,,,,,,,,,,,,,,,,,,,,,,,,,,,,,,,,,,,,,,,,,,,,,,,,,,,,,,,,,,,,,,,,,,,,,,,,,,,,,,,,,,,,,,,,,,,,,,,,,,,,,,,,,,,,,,,,,,,,,,,,,,,,,,,,,,,,,,,
Surat Store,117185,133895570,Normal,,25814436,GD2627G2221,2026-07-03,10009.02,0,Cancelled,Unpaid,24AACCG8010F1Z4,9032.4,451.62,0,500,25.00,12.50,12.50,0,0,2026-07-03 15:49:27,2026-07-03 15:54:11,545234,Supplier,,Surat,Surat Store,Gujarat,,"1st Floor, Samanvay, Near Chandni Chowk, Gymkhana Rd, Piplod, Surat",9825184377,,,24AACCG8010F1Z4,,Golaka Pvt. Ltd.,Supplier,order.golokadairy@hotmail.com,Gujarat,,"301,Dhanlaxmi Building, Behind Government Colony, Tithal road, Valsad - 396001.",9879073344,0,,,,,1,,,0,,"[{""prev_price"":""0.000000"",""item_id"":""11961122"",""itemname"":""Burrata Cheese 600gm"",""qty"":20,""price"":451.62,""amount"":9032.4,""discount"":""0.000"",""lbl_unit"":""Qty"",""unit"":""2418165"",""description"":"""",""hsn_code"":"""",""weighted_price"":474.201,""invoice_date"":""2026-07-03"",""sap_code"":"""",""purchase_doc_number"":"""",""purchase_invoice_number"":"""",""tax1"":2.5,""tax2"":2.5,""tax3"":0,""tax1_amount"":225.81,""tax2_amount"":225.81,""tax3_amount"":0,""expiry_date"":"""",""manufacturing_date"":"""",""sap_group_master_id"":0,""category"":""Food"",""yield_qty"":""0"",""discount_application"":""B"",""pricing_method"":""0"",""container_weight"":0,""net_weight"":""20"",""gross_weight"":0,""tax_type"":0,""excise_duty"":0,""tax1_label"":""CGST"",""tax2_label"":""SGST"",""tax3_label"":""IGST""}]",[],0,0,,,[],[],,,,,,,1,,,,,,,,,,,,,,,,,,,,,,,,,,,,,,,,,,,,,,,,,,,,,,,,,,,,,,,,,,,,,,,,,,,,,,,,,,,,,,,,,,,,,,,,,,,,,,,,,,,,,,,,,,,,,,,,,,,,,,,,,,,,,,,,,,,,,,,,,,,,,,,,,,,,,,,,,,,,,,,,,,,,,,,,,,,,,,,,,,,,,,,,,,,,,,,,,,,,,,,,,,,,,,,,,,,,,,,,,,,,,,,,,,,,,,,,,,,,,,,,,,,,,,,,,,,,,,,,,,,,,,,,,,,,,,,,,,,,,,,,,,,,,,,,,,,,,,,,,,,,,,,,,,,,,,,,,,,,,,,,,,,,,,,,,,,,,,,,,,,,,,,,,,,,,,,,,,,,,,,,,,,,,,,,,,,,,,,,,,,,,,,,,,,,,,,,,,,,,,,,,,,,,,,,,,,,,,,,,,,,,,,,,,,,,,,,,,,,,,,,,,,,,,,,,,,,,,,,,,,,,,,,,,,,,,,,,,,,,,,,,,,,,,,,,,,,,,,,,,,,,,,,,,,,,,,,,,,,,,,,,,,,,,,,,,6a478c3c-bb24-4aff-822f-25f43c008fd9,60.0.143.217,,,,,,,,,,,,,,,,,,,,,,,,,,,,,,,,,,,,,,,,,,,,,,,,,,,,,,,,,,,,,,,,,,,,,,,,,,,,,,,,,,,,,,,,,,,,,,,,,,,,,,,,,,,,,,,,,,,,,,,,,,,,,,,,,,,,,,,,,,,,,,,,,,,,,,,,,,,,,,,,,,,,,,,,,,,,,,,,,,,,,,,,,,,,,,,,,,,,,,,,,,,,,,,,,,,
Surat Store,117185,133893706,Normal,,25814435,NI260713,2026-07-03,365.8,0,Active,Unpaid,24COHPS6414R1Z8,210,37.8,0,100,18.00,9.00,9.00,0,0,2026-07-03 15:37:04,2026-07-03 15:37:04,1023879,Supplier,,Surat,Surat Store,Gujarat,,"1st Floor, Samanvay, Near Chandni Chowk, Gymkhana Rd, Piplod, Surat",9825184377,,,24COHPS6414R1Z8,,Nine,Supplier,oppssurat@nineindia.in,Gujarat,,,9723649599,0,,,,,1,,,0,,"[{""prev_price"":""0.000000"",""item_id"":""36095807"",""itemname"":""Dry Ice"",""qty"":3,""price"":70,""amount"":210,""discount"":""0.000"",""lbl_unit"":""Kg"",""unit"":""2418148"",""description"":"""",""hsn_code"":"""",""weighted_price"":82.6,""invoice_date"":""2026-07-03"",""sap_code"":"""",""purchase_doc_number"":"""",""purchase_invoice_number"":"""",""tax1"":9,""tax2"":9,""tax3"":0,""tax1_amount"":18.9,""tax2_amount"":18.9,""tax3_amount"":0,""expiry_date"":"""",""manufacturing_date"":"""",""sap_group_master_id"":0,""category"":""Packaging"",""rmconv_qty"":""1000"",""rmconv_qty_total"":3000,""rmconv_unit_id"":""2418154"",""rmconv_unit"":""GM"",""yield_qty"":""0"",""discount_application"":""B"",""container_weight"":0,""net_weight"":""3"",""gross_weight"":0,""tax_type"":0,""excise_duty"":0,""tax1_label"":""CGST"",""tax2_label"":""SGST"",""tax3_label"":""IGST""}]",[],0,0,,,[],[],,,,,,,1,,,,,,,,,,,,,,,,,,,,,,,,,,,,,,,,,,,,,,,,,,,,,,,,,,,,,,,,,,,,,,,,,,,,,,,,,,,,,,,,,,,,,,,,,,,,,,,,,,,,,,,,,,,,,,,,,,,,,,,,,,,,,,,,,,,,,,,,,,,,,,,,,,,,,,,,,,,,,,,,,,,,,,,,,,,,,,,,,,,,,,,,,,,,,,,,,,,,,,,,,,,,,,,,,,,,,,,,,,,,,,,,,,,,,,,,,,,,,,,,,,,,,,,,,,,,,,,,,,,,,,,,,,,,,,,,,,,,,,,,,,,,,,,,,,,,,,,,,,,,,,,,,,,,,,,,,,,,,,,,,,,,,,,,,,,,,,,,,,,,,,,,,,,,,,,,,,,,,,,,,,,,,,,,,,,,,,,,,,,,,,,,,,,,,,,,,,,,,,,,,,,,,,,,,,,,,,,,,,,,,,,,,,,,,,,,,,,,,,,,,,,,,,,,,,,,,,,,,,,,,,,,,,,,,,,,,,,,,,,,,,,,,,,,,,,,,,,,,,,,,,,,,,,,,,,,,,,,,,,,,,,,,,,,,,,,6a47895c-3b64-480e-90fd-0a3b3c008fd9,60.0.157.232,,,,,,,,,,,,,,,,,,,,,,,,,,,,,,,,,,,,,,,,,,,,,,,,,,,,,,,,,,,,,,,,,,,,,,,,,,,,,,,,,,,,,,,,,,,,,,,,,,,,,,,,,,,,,,,,,,,,,,,,,,,,,,,,,,,,,,,,,,,,,,,,,,,,,,,,,,,,,,,,,,,,,,,,,,,,,,,,,,,,,,,,,,,,,,,,,,,,,,,,,,,,,,,,,
Surat Store,117185,133893511,Normal,,25814434,LV-590,2026-07-02,6804,0,Active,Unpaid,24aafhh9286l1zp,6480,324,0,0,0.00,0,0,0,0,2026-07-03 15:35:32,2026-07-03 16:09:35,546129,Supplier,,Surat,Surat Store,Gujarat,,"1st Floor, Samanvay, Near Chandni Chowk, Gymkhana Rd, Piplod, Surat",9825184377,,,24aafhh9286l1zp,,Lalwala Ventures,Supplier,hemal@lalwala.com,Gujarat,,"22 satarwadi  b/h  near sosyo circle, udhna magadalla 395017",9586090000,0,,,,,1,,,0,,"[{""prev_price"":""180.000000"",""item_id"":""29292170"",""itemname"":""Tomato Paste 800gm"",""qty"":36,""price"":180,""amount"":6480,""discount"":""0.000"",""lbl_unit"":""Qty"",""unit"":""2418165"",""description"":"""",""hsn_code"":"""",""weighted_price"":189,""invoice_date"":""2026-07-02"",""sap_code"":"""",""purchase_doc_number"":"""",""purchase_invoice_number"":"""",""tax1"":2.5,""tax2"":2.5,""tax3"":0,""tax1_amount"":162,""tax2_amount"":162,""tax3_amount"":0,""expiry_date"":"""",""manufacturing_date"":"""",""sap_group_master_id"":0,""category"":""Food"",""yield_qty"":""0"",""discount_application"":""B"",""container_weight"":0,""net_weight"":""36"",""gross_weight"":""36"",""tax_type"":0,""excise_duty"":0,""tax1_label"":""CGST"",""tax2_label"":""SGST"",""tax3_label"":""IGST""}]",[],0,0,,,[],[],,,,,,,1,,,,,,,,,,,,,,,,,,,,,,,,,,,,,,,,,,,,,,,,,,,,,,,,,,,,,,,,,,,,,,,,,,,,,,,,,,,,,,,,,,,,,,,,,,,,,,,,,,,,,,,,,,,,,,,,,,,,,,,,,,,,,,,,,,,,,,,,,,,,,,,,,,,,,,,,,,,,,,,,,,,,,,,,,,,,,,,,,,,,,,,,,,,,,,,,,,,,,,,,,,,,,,,,,,,,,,,,,,,,,,,,,,,,,,,,,,,,,,,,,,,,,,,,,,,,,,,,,,,,,,,,,,,,,,,,,,,,,,,,,,,,,,,,,,,,,,,,,,,,,,,,,,,,,,,,,,,,,,,,,,,,,,,,,,,,,,,,,,,,,,,,,,,,,,,,,,,,,,,,,,,,,,,,,,,,,,,,,,,,,,,,,,,,,,,,,,,,,,,,,,,,,,,,,,,,,,,,,,,,,,,,,,,,,,,,,,,,,,,,,,,,,,,,,,,,,,,,,,,,,,,,,,,,,,,,,,,,,,,,,,,,,,,,,,,,,,,,,,,,,,,,,,,,,,,,,,,,,,,,,,,,,,,,,,,,,,6a478942-d1c0-40cd-bbb4-0a603c008fd9,6a47915c-c514-4b0e-b16d-36e63c008fd9,60.0.130.169,60.0.130.169,,,,,,,,,,,,,,,,,,,,,,,,,,,,,,,,,,,,,,,,,,,,,,,,,,,,,,,,,,,,,,,,,,,,,,,,,,,,,,,,,,,,,,,,,,,,,,,,,,,,,,,,,,,,,,,,,,,,,,,,,,,,,,,,,,,,,,,,,,,,,,,,,,,,,,,,,,,,,,,,,,,,,,,,,,,,,,,,,,,,,,,,,,,,,,,,,,,,,,,,,,,,,
Surat Store,117185,133892606,Normal,,25814433,GD2627G2205,2026-07-03,38540.924,0,Active,Unpaid,24AACCG8010F1Z4,36705.64,1835.28,0,0,0.00,0,0,0,0,2026-07-03 15:29:08,2026-07-03 16:08:36,545234,Supplier,,Surat,Surat Store,Gujarat,,"1st Floor, Samanvay, Near Chandni Chowk, Gymkhana Rd, Piplod, Surat",9825184377,,,24AACCG8010F1Z4,,Golaka Pvt. Ltd.,Supplier,order.golokadairy@hotmail.com,Gujarat,,"301,Dhanlaxmi Building, Behind Government Colony, Tithal road, Valsad - 396001.",9879073344,0,,,,,1,,,0,,"[{""prev_price"":""544.170000"",""item_id"":""37820304"",""itemname"":""Mozzarella Cheese 1kg"",""qty"":35,""price"":544.17,""amount"":19045.95,""discount"":""0.000"",""lbl_unit"":""Qty"",""unit"":""2418165"",""description"":"""",""hsn_code"":"""",""weighted_price"":571.378514,""invoice_date"":""2026-07-03"",""sap_code"":"""",""purchase_doc_number"":"""",""purchase_invoice_number"":"""",""tax1"":2.5,""tax2"":2.5,""tax3"":0,""tax1_amount"":476.149,""tax2_amount"":476.149,""tax3_amount"":0,""expiry_date"":"""",""manufacturing_date"":"""",""sap_group_master_id"":0,""category"":""Food"",""yield_qty"":""0"",""discount_application"":""B"",""pricing_method"":""0"",""container_weight"":0,""net_weight"":""35"",""gross_weight"":""35"",""tax_type"":0,""excise_duty"":0,""tax1_label"":""CGST"",""tax2_label"":""SGST"",""tax3_label"":""IGST""},{""prev_price"":""316.828000"",""item_id"":""21204759"",""itemname"":""Baby Burrata 360gm"",""qty"":5,""price"":316.828,""amount"":1584.14,""discount"":""0.000"",""lbl_unit"":""Qty"",""unit"":""2418165"",""description"":"""",""hsn_code"":"""",""weighted_price"":332.6696,""invoice_date"":""2026-07-03"",""sap_code"":"""",""purchase_doc_number"":"""",""purchase_invoice_number"":"""",""tax1"":2.5,""tax2"":2.5,""tax3"":0,""tax1_amount"":39.604,""tax2_amount"":39.604,""tax3_amount"":0,""expiry_date"":"""",""manufacturing_date"":"""",""sap_group_master_id"":0,""category"":""Food"",""yield_qty"":""0"",""discount_application"":""B"",""pricing_method"":""0"",""container_weight"":0,""net_weight"":""5"",""gross_weight"":""5"",""tax_type"":0,""excise_duty"":0,""tax1_label"":""CGST"",""tax2_label"":""SGST"",""tax3_label"":""IGST""},{""prev_price"":""451.620000"",""item_id"":""11961122"",""itemname"":""Burrata Cheese 600gm"",""qty"":15,""price"":451.62,""amount"":6774.3,""discount"":""0.000"",""lbl_unit"":""Qty"",""unit"":""2418165"",""description"":"""",""hsn_code"":"""",""weighted_price"":474.201067,""invoice_date"":""2026-07-03"",""sap_code"":"""",""purchase_doc_number"":"""",""purchase_invoice_number"":"""",""tax1"":2.5,""tax2"":2.5,""tax3"":0,""tax1_amount"":169.358,""tax2_amount"":169.358,""tax3_amount"":0,""expiry_date"":"""",""manufacturing_date"":"""",""sap_group_master_id"":0,""category"":""Food"",""yield_qty"":""0"",""discount_application"":""B"",""pricing_method"":""0"",""container_weight"":0,""net_weight"":""15"",""gross_weight"":""15"",""tax_type"":0,""excise_duty"":0,""tax1_label"":""CGST"",""tax2_label"":""SGST"",""tax3_label"":""IGST""},{""prev_price"":""466.790000"",""item_id"":""37829620"",""itemname"":""Buffalo Mozzarella Cheese 580gm"",""qty"":5,""price"":466.79,""amount"":2333.95,""discount"":""0.000"",""lbl_unit"":""Qty"",""unit"":""2418165"",""description"":"""",""hsn_code"":"""",""weighted_price"":490.1296,""invoice_date"":""2026-07-03"",""sap_code"":"""",""purchase_doc_number"":"""",""purchase_invoice_number"":"""",""tax1"":2.5,""tax2"":2.5,""tax3"":0,""tax1_amount"":58.349,""tax2_amount"":58.349,""tax3_amount"":0,""expiry_date"":"""",""manufacturing_date"":"""",""sap_group_master_id"":0,""category"":""Food"",""yield_qty"":""0"",""discount_application"":""B"",""pricing_method"":""0"",""container_weight"":0,""net_weight"":""5"",""gross_weight"":""5"",""tax_type"":0,""excise_duty"":0,""tax1_label"":""CGST"",""tax2_label"":""SGST"",""tax3_label"":""IGST""},{""prev_price"":""696.730000"",""item_id"":""11961117"",""itemname"":""Mascarpone 1kg"",""qty"":10,""price"":696.73,""amount"":6967.3,""discount"":""0.000"",""lbl_unit"":""Qty"",""unit"":""2418165"",""description"":"""",""hsn_code"":"""",""weighted_price"":731.5666,""invoice_date"":""2026-07-03"",""sap_code"":"""",""purchase_doc_number"":"""",""purchase_invoice_number"":"""",""tax1"":2.5,""tax2"":2.5,""tax3"":0,""tax1_amount"":174.183,""tax2_amount"":174.183,""tax3_amount"":0,""expiry_date"":"""",""manufacturing_date"":"""",""sap_group_master_id"":0,""category"":""Food"",""yield_qty"":""0"",""discount_application"":""B"",""pricing_method"":""0"",""container_weight"":0,""net_weight"":""10"",""gross_weight"":""10"",""tax_type"":0,""excise_duty"":0,""tax1_label"":""CGST"",""tax2_label"":""SGST"",""tax3_label"":""IGST""}]",[],0,0,,,[],[],,,,,,,1,,,,,,,,,,,,,,,,,,,,,,,,,,,,,,,,,,,,,,,,,,,,,,,,,,,,,,,,,,,,,,,,,,,,,,,,,,,,,,,,,,,,,,,,,,,,,,,,,,,,,,,,,,,,,,,,,,,,,,,,,,,,,,,,,,,,,,,,,,,,,,,,,,,,,,,,,,,,,,,,,,,,,,,,,,,,,,,,,,,,,,,,,,,,,,,,,,,,,,,,,,,,,,,,,,,,,,,,,,,,,,,,,,,,,,,,,,,,,,,,,,,,,,,,,,,,,,,,,,,,,,,,,,,,,,,,,,,,,,,,,,,,,,,,,,,,,,,,,,,,,,,,,,,,,,,,,,,,,,,,,,,,,,,,,,,,,,,,,,,,,,,,,,,,,,,,,,,,,,,,,,,,,,,,,,,,,,,,,,,,,,,,,,,,,,,,,,,,,,,,,,,,,,,,,,,,,,,,,,,,,,,,,,,,,,,,,,,,,,,,,,,,,,,,,,,,,,,,,,,,,,,,,,,,,,,,,,,,,,,,,,,,,,,,,,,,,,,,,,,,,,,,,,,,,,,,,,,,,,,,,,,,,,,,,,,,,,,,,,6a4780aa-69b0-40de-81c7-1e263c009e87,6a47911f-39cc-4956-8620-7ef53c0082a9,60.0.130.169,60.0.143.217,,,,,,,,,,,,,,,,,,,,,,,,,,,,,,,,,,,,,,,,,,,,,,,,,,,,,,,,,,,,,,,,,,,,,,,,,,,,,,,,,,,,,,,,,,,,,,,,,,,,,,,,,,,,,,,,,,,,,,,,,,,,,,,,,,,,,,,,,,,,,,,,,,,,,,,,,,,,,,,,,,,,,,,,,,,,,,,,,,,,,,,,,,,,,,,,,,,,,,,,,
Surat Store,117185,133890676,Normal,,25814432,NI26072,2026-07-03,365.8,0,Active,Unpaid,24COHPS6414R1Z8,210,37.8,0,100,18.00,9.00,9.00,0,0,2026-07-03 15:14:49,2026-07-03 15:15:51,1023879,Supplier,,Surat,Surat Store,Gujarat,,"1st Floor, Samanvay, Near Chandni Chowk, Gymkhana Rd, Piplod, Surat",9825184377,,,24COHPS6414R1Z8,,Nine,Supplier,oppssurat@nineindia.in,Gujarat,,,9723649599,0,,,,,1,,,0,,"[{""prev_price"":""70.000000"",""item_id"":""36095807"",""itemname"":""Dry Ice"",""qty"":3,""price"":70,""amount"":210,""discount"":""0.000"",""lbl_unit"":""Kg"",""unit"":""2418148"",""description"":"""",""hsn_code"":"""",""weighted_price"":82.6,""invoice_date"":""2026-07-03"",""sap_code"":"""",""purchase_doc_number"":"""",""purchase_invoice_number"":"""",""tax1"":9,""tax2"":9,""tax3"":0,""tax1_amount"":18.9,""tax2_amount"":18.9,""tax3_amount"":0,""expiry_date"":"""",""manufacturing_date"":"""",""sap_group_master_id"":0,""category"":""Packaging"",""rmconv_qty"":""1000"",""rmconv_qty_total"":3000,""rmconv_unit_id"":""2418154"",""rmconv_unit"":""GM"",""yield_qty"":""0"",""discount_application"":""B"",""container_weight"":0,""net_weight"":""3"",""gross_weight"":""3"",""tax_type"":0,""excise_duty"":0,""tax1_label"":""CGST"",""tax2_label"":""SGST"",""tax3_label"":""IGST""}]",[],0,0,,,[],[],,,,,,,1,,,,,,,,,,,,,,,,,,,,,,,,,,,,,,,,,,,,,,,,,,,,,,,,,,,,,,,,,,,,,,,,,,,,,,,,,,,,,,,,,,,,,,,,,,,,,,,,,,,,,,,,,,,,,,,,,,,,,,,,,,,,,,,,,,,,,,,,,,,,,,,,,,,,,,,,,,,,,,,,,,,,,,,,,,,,,,,,,,,,,,,,,,,,,,,,,,,,,,,,,,,,,,,,,,,,,,,,,,,,,,,,,,,,,,,,,,,,,,,,,,,,,,,,,,,,,,,,,,,,,,,,,,,,,,,,,,,,,,,,,,,,,,,,,,,,,,,,,,,,,,,,,,,,,,,,,,,,,,,,,,,,,,,,,,,,,,,,,,,,,,,,,,,,,,,,,,,,,,,,,,,,,,,,,,,,,,,,,,,,,,,,,,,,,,,,,,,,,,,,,,,,,,,,,,,,,,,,,,,,,,,,,,,,,,,,,,,,,,,,,,,,,,,,,,,,,,,,,,,,,,,,,,,,,,,,,,,,,,,,,,,,,,,,,,,,,,,,,,,,,,,,,,,,,,,,,,,,,,,,,,,,,,,,,,,,,,,,,,,,,,6a478411-c824-4d6c-aea2-5f653c009de8,6a4784b5-8138-418c-ac1b-3bc43c009e87,60.0.136.139,60.0.130.169,,,,,,,,,,,,,,,,,,,,,,,,,,,,,,,,,,,,,,,,,,,,,,,,,,,,,,,,,,,,,,,,,,,,,,,,,,,,,,,,,,,,,,,,,,,,,,,,,,,,,,,,,,,,,,,,,,,,,,,,,,,,,,,,,,,,,,,,,,,,,,,,,,,,,,,,,,,,,,,,,,,,,,,,,,,,,,,,,,,,,,,,,,,,,,,,,,,,,
Surat Store,117185,133890195,Normal,,25814431,NI26073,2026-07-03,1298,0,Active,Unpaid,24COHPS6414R1Z8,1050,189,0,50,9.00,4.50,4.50,0,0,2026-07-03 15:11:37,2026-07-03 15:11:37,1023879,Supplier,,Surat,Surat Store,Gujarat,,"1st Floor, Samanvay, Near Chandni Chowk, Gymkhana Rd, Piplod, Surat",9825184377,,,24COHPS6414R1Z8,,Nine,Supplier,oppssurat@nineindia.in,Gujarat,,,9723649599,0,,,,,1,,,0,,"[{""prev_price"":""0.000000"",""item_id"":""36095807"",""itemname"":""Dry Ice"",""qty"":15,""price"":70,""amount"":1050,""discount"":""0.000"",""lbl_unit"":""Kg"",""unit"":""2418148"",""description"":"""",""hsn_code"":"""",""weighted_price"":82.6,""invoice_date"":""2026-07-03"",""sap_code"":"""",""purchase_doc_number"":"""",""purchase_invoice_number"":"""",""tax1"":9,""tax2"":9,""tax3"":0,""tax1_amount"":94.5,""tax2_amount"":94.5,""tax3_amount"":0,""expiry_date"":"""",""manufacturing_date"":"""",""sap_group_master_id"":0,""category"":""Packaging"",""rmconv_qty"":""1000"",""rmconv_qty_total"":15000,""rmconv_unit_id"":""2418154"",""rmconv_unit"":""GM"",""yield_qty"":""0"",""discount_application"":""B"",""container_weight"":0,""net_weight"":""15"",""gross_weight"":0,""tax_type"":0,""excise_duty"":0,""tax1_label"":""CGST"",""tax2_label"":""SGST"",""tax3_label"":""IGST""}]",[],0,0,,,[],[],,,,,,,1,,,,,,,,,,,,,,,,,,,,,,,,,,,,,,,,,,,,,,,,,,,,,,,,,,,,,,,,,,,,,,,,,,,,,,,,,,,,,,,,,,,,,,,,,,,,,,,,,,,,,,,,,,,,,,,,,,,,,,,,,,,,,,,,,,,,,,,,,,,,,,,,,,,,,,,,,,,,,,,,,,,,,,,,,,,,,,,,,,,,,,,,,,,,,,,,,,,,,,,,,,,,,,,,,,,,,,,,,,,,,,,,,,,,,,,,,,,,,,,,,,,,,,,,,,,,,,,,,,,,,,,,,,,,,,,,,,,,,,,,,,,,,,,,,,,,,,,,,,,,,,,,,,,,,,,,,,,,,,,,,,,,,,,,,,,,,,,,,,,,,,,,,,,,,,,,,,,,,,,,,,,,,,,,,,,,,,,,,,,,,,,,,,,,,,,,,,,,,,,,,,,,,,,,,,,,,,,,,,,,,,,,,,,,,,,,,,,,,,,,,,,,,,,,,,,,,,,,,,,,,,,,,,,,,,,,,,,,,,,,,,,,,,,,,,,,,,,,,,,,,,,,,,,,,,,,,,,,,,,,,,,,,,,,,,,,,,,,,,,,,,,,,,6a478312-8fec-4371-a62a-0d433c009c8c,60.0.143.217,,,,,,,,,,,,,,,,,,,,,,,,,,,,,,,,,,,,,,,,,,,,,,,,,,,,,,,,,,,,,,,,,,,,,,,,,,,,,,,,,,,,,,,,,,,,,,,,,,,,,,,,,,,,,,,,,,,,,,,,,,,,,,,,,,,,,,,,,,,,,,,,,,,,,,,,,,,,,,,,,,,,,,,,,,,,,,,,,,,,,,,,,,,,,,,,,,,
Surat Store,117185,133887352,Normal,,25814430,2,2026-07-03,3306.99,0,Active,Unpaid,,3306.99,0,0,0,0.00,0,0,0,0,2026-07-03 14:53:42,2026-07-03 14:54:10,545252,Supplier,,Surat,Surat Store,Gujarat,,"1st Floor, Samanvay, Near Chandni Chowk, Gymkhana Rd, Piplod, Surat",9825184377,,,,,Anvir Mushrooms,Supplier,,Gujarat,,Surat,,0,,,,,1,,,0,,"[{""prev_price"":""110.233000"",""item_id"":""46840431"",""itemname"":""Soya Plaine Paneer 500gm"",""qty"":30,""price"":110.233,""amount"":3306.99,""discount"":""0.000"",""lbl_unit"":""Qty"",""unit"":""2418165"",""description"":"""",""hsn_code"":"""",""weighted_price"":110.233,""invoice_date"":""2026-07-03"",""sap_code"":"""",""purchase_doc_number"":"""",""purchase_invoice_number"":"""",""tax1"":0,""tax2"":0,""tax3"":0,""tax1_amount"":0,""tax2_amount"":0,""tax3_amount"":0,""expiry_date"":"""",""manufacturing_date"":"""",""sap_group_master_id"":0,""category"":""Food"",""yield_qty"":""0"",""discount_application"":""B"",""container_weight"":0,""net_weight"":""30"",""gross_weight"":""30"",""tax_type"":0,""excise_duty"":0,""tax1_label"":""CGST"",""tax2_label"":""SGST"",""tax3_label"":""IGST""}]",[],0,0,,,[],[],,,,,,,1,,,,,,,,,,,,,,,,,,,,,,,,,,,,,,,,,,,,,,,,,,,,,,,,,,,,,,,,,,,,,,,,,,,,,,,,,,,,,,,,,,,,,,,,,,,,,,,,,,,,,,,,,,,,,,,,,,,,,,,,,,,,,,,,,,,,,,,,,,,,,,,,,,,,,,,,,,,,,,,,,,,,,,,,,,,,,,,,,,,,,,,,,,,,,,,,,,,,,,,,,,,,,,,,,,,,,,,,,,,,,,,,,,,,,,,,,,,,,,,,,,,,,,,,,,,,,,,,,,,,,,,,,,,,,,,,,,,,,,,,,,,,,,,,,,,,,,,,,,,,,,,,,,,,,,,,,,,,,,,,,,,,,,,,,,,,,,,,,,,,,,,,,,,,,,,,,,,,,,,,,,,,,,,,,,,,,,,,,,,,,,,,,,,,,,,,,,,,,,,,,,,,,,,,,,,,,,,,,,,,,,,,,,,,,,,,,,,,,,,,,,,,,,,,,,,,,,,,,,,,,,,,,,,,,,,,,,,,,,,,,,,,,,,,,,,,,,,,,,,,,,,,,,,,,,,,,,,,,,,,,,,,,,,,,,,,,,,,,,,,,,,,,,,,6a477d2c-7584-490d-8ce9-1e263c009e87,6a477fa8-67dc-4596-bb92-2d503c009e87,60.0.130.169,60.0.157.232,,,,,,,,,,,,,,,,,,,,,,,,,,,,,,,,,,,,,,,,,,,,,,,,,,,,,,,,,,,,,,,,,,,,,,,,,,,,,,,,,,,,,,,,,,,,,,,,,,,,,,,,,,,,,,,,,,,,,,,,,,,,,,,,,,,,,,,,,,,,,,,,,,,,,,,,,,,,,,,,,,,,,,,,,,,,,,,,,,,,,,,,,,,,,,,
Surat Store,117185,133879510,Normal,,25814429,CI/B/04977/26-27,2026-07-03,1854,0,Active,Unpaid,,1554,0,0,300,0.00,0,0,0,0,2026-07-03 13:55:49,2026-07-03 16:11:37,545244,Supplier,,Surat,Surat Store,Gujarat,,"1st Floor, Samanvay, Near Chandni Chowk, Gymkhana Rd, Piplod, Surat",9825184377,,,,,Chenab Impex Pvt. Ltd.,Supplier,,Gujarat,,"J1-A, Ansa ndustrial Estate, Saki Vihar road, Sakinaka, Mumbai - 400072.",9930003381,0,,,,,1,,,0,,"[{""prev_price"":""259.000000"",""item_id"":""37861654"",""itemname"":""Maldon Sea Salt 125g"",""qty"":6,""price"":259,""amount"":1554,""discount"":""0.000"",""lbl_unit"":""Qty"",""unit"":""2418165"",""description"":"""",""hsn_code"":"""",""weighted_price"":259,""invoice_date"":""2026-07-03"",""sap_code"":"""",""purchase_doc_number"":"""",""purchase_invoice_number"":"""",""tax1"":0,""tax2"":0,""tax3"":0,""tax1_amount"":0,""tax2_amount"":0,""tax3_amount"":0,""expiry_date"":"""",""manufacturing_date"":"""",""sap_group_master_id"":0,""category"":""Food"",""yield_qty"":""0"",""discount_application"":""B"",""container_weight"":0,""net_weight"":""6"",""gross_weight"":""6"",""tax_type"":0,""excise_duty"":0,""tax1_label"":""CGST"",""tax2_label"":""SGST"",""tax3_label"":""IGST""}]",[],0,0,,,[],[],,,,,,,1,,,,,,,,,,,,,,,,,,,,,,,,,,,,,,,,,,,,,,,,,,,,,,,,,,,,,,,,,,,,,,,,,,,,,,,,,,,,,,,,,,,,,,,,,,,,,,,,,,,,,,,,,,,,,,,,,,,,,,,,,,,,,,,,,,,,,,,,,,,,,,,,,,,,,,,,,,,,,,,,,,,,,,,,,,,,,,,,,,,,,,,,,,,,,,,,,,,,,,,,,,,,,,,,,,,,,,,,,,,,,,,,,,,,,,,,,,,,,,,,,,,,,,,,,,,,,,,,,,,,,,,,,,,,,,,,,,,,,,,,,,,,,,,,,,,,,,,,,,,,,,,,,,,,,,,,,,,,,,,,,,,,,,,,,,,,,,,,,,,,,,,,,,,,,,,,,,,,,,,,,,,,,,,,,,,,,,,,,,,,,,,,,,,,,,,,,,,,,,,,,,,,,,,,,,,,,,,,,,,,,,,,,,,,,,,,,,,,,,,,,,,,,,,,,,,,,,,,,,,,,,,,,,,,,,,,,,,,,,,,,,,,,,,,,,,,,,,,,,,,,,,,,,,,,,,,,,,,,,,,,,,,,,,,,,,,,,,,,,,,,,,,,,,,,,,,6a4771d0-24c0-467c-9d3f-1d313c009de8,6a4791d8-9f94-436c-9994-37093c008fd9,60.0.130.169,60.0.158.135,,,,,,,,,,,,,,,,,,,,,,,,,,,,,,,,,,,,,,,,,,,,,,,,,,,,,,,,,,,,,,,,,,,,,,,,,,,,,,,,,,,,,,,,,,,,,,,,,,,,,,,,,,,,,,,,,,,,,,,,,,,,,,,,,,,,,,,,,,,,,,,,,,,,,,,,,,,,,,,,,,,,,,,,,,,,,,,,,,,,,,,,,,,
Surat Store,117185,133812993,Normal,,25814428,DE-JUL-074-2627,2026-07-02,69552,0,Active,Unpaid,24btsps2229h1zc,66240,3312,0,0,0.00,0,0,0,0,2026-07-02 19:09:23,2026-07-03 14:55:00,546171,Supplier,,Surat,Surat Store,Gujarat,,"1st Floor, Samanvay, Near Chandni Chowk, Gymkhana Rd, Piplod, Surat",9825184377,,,24btsps2229h1zc,,Dhruvi Enterprise,Supplier,dharnendra.shah90@gmail.com,Gujarat,,"10 chorawala compound parekh estate shnatinath mill gali, navjivan circle 395017",9909409150,0,,,,,1,,,0,,"[{""prev_price"":""1380.000000"",""item_id"":""37884896"",""itemname"":""Truffle Oil 250ml"",""qty"":48,""price"":1380,""amount"":66240,""discount"":""0.000"",""lbl_unit"":""Qty"",""unit"":""2418165"",""description"":"""",""hsn_code"":"""",""weighted_price"":1449,""invoice_date"":""2026-07-02"",""sap_code"":"""",""purchase_doc_number"":"""",""purchase_invoice_number"":"""",""tax1"":2.5,""tax2"":2.5,""tax3"":0,""tax1_amount"":1656,""tax2_amount"":1656,""tax3_amount"":0,""expiry_date"":"""",""manufacturing_date"":"""",""sap_group_master_id"":0,""category"":""Food"",""yield_qty"":""0"",""discount_application"":""B"",""container_weight"":0,""net_weight"":""48"",""gross_weight"":""48"",""tax_type"":0,""excise_duty"":0,""tax1_label"":""CGST"",""tax2_label"":""SGST"",""tax3_label"":""IGST""}]",[],0,0,,,[],[],,,,,,,1,,,,,,,,,,,,,,,,,,,,,,,,,,,,,,,,,,,,,,,,,,,,,,,,,,,,,,,,,,,,,,,,,,,,,,,,,,,,,,,,,,,,,,,,,,,,,,,,,,,,,,,,,,,,,,,,,,,,,,,,,,,,,,,,,,,,,,,,,,,,,,,,,,,,,,,,,,,,,,,,,,,,,,,,,,,,,,,,,,,,,,,,,,,,,,,,,,,,,,,,,,,,,,,,,,,,,,,,,,,,,,,,,,,,,,,,,,,,,,,,,,,,,,,,,,,,,,,,,,,,,,,,,,,,,,,,,,,,,,,,,,,,,,,,,,,,,,,,,,,,,,,,,,,,,,,,,,,,,,,,,,,,,,,,,,,,,,,,,,,,,,,,,,,,,,,,,,,,,,,,,,,,,,,,,,,,,,,,,,,,,,,,,,,,,,,,,,,,,,,,,,,,,,,,,,,,,,,,,,,,,,,,,,,,,,,,,,,,,,,,,,,,,,,,,,,,,,,,,,,,,,,,,,,,,,,,,,,,,,,,,,,,,,,,,,,,,,,,,,,,,,,,,,,,,,,,,,,,,,,,,,,,,,,,,,,,,,,,,,,,,,,,,,,,,,,,,,,,6a4669e8-9448-4c12-bb55-308e3c009e87,6a47613f-60d8-4787-a5ec-3f783c0082a9,6a477fd7-90ec-4826-a3f9-56113c009de8,60.0.129.196,60.0.130.169,60.0.157.232,,,,,,,,,,,,,,,,,,,,,,,,,,,,,,,,,,,,,,,,,,,,,,,,,,,,,,,,,,,,,,,,,,,,,,,,,,,,,,,,,,,,,,,,,,,,,,,,,,,,,,,,,,,,,,,,,,,,,,,,,,,,,,,,,,,,,,,,,,,,,,,,,,,,,,,,,,,,,,,,,,,,,,,,,,,,,,,,,,,,,
Surat Store,117185,133806374,Normal,,25814427,7929,2026-07-02,39920.024,0,Active,Unpaid,24BBEPK9723N1Z9,37779.87,2140.15,0,0,0.00,0,0,0,0,2026-07-02 18:21:31,2026-07-10 16:58:29,545245,Supplier,,Surat,Surat Store,Gujarat,,"1st Floor, Samanvay, Near Chandni Chowk, Gymkhana Rd, Piplod, Surat",9825184377,,,24BBEPK9723N1Z9,,RN Corporation,Supplier,,Gujarat,,"G-16 Someshwara Square, vesu, surat - 395007.",9998896728,0,,,,,1,,,0,,"[{""prev_price"":""300.000000"",""item_id"":""25248083"",""itemname"":""Kalamata Pitted Olives"",""qty"":2,""price"":300,""amount"":600,""discount"":""0.000"",""lbl_unit"":""Qty"",""unit"":""2418165"",""description"":"""",""hsn_code"":"""",""weighted_price"":315,""invoice_date"":""2026-07-02"",""sap_code"":"""",""purchase_doc_number"":"""",""purchase_invoice_number"":"""",""tax1"":2.5,""tax2"":2.5,""tax3"":0,""tax1_amount"":15,""tax2_amount"":15,""tax3_amount"":0,""expiry_date"":"""",""manufacturing_date"":"""",""sap_group_master_id"":0,""category"":""Food"",""yield_qty"":""0"",""discount_application"":""B"",""pricing_method"":""0"",""container_weight"":0,""net_weight"":""2"",""gross_weight"":""2"",""tax_type"":0,""excise_duty"":0,""tax1_label"":""CGST"",""tax2_label"":""SGST"",""tax3_label"":""IGST""},{""prev_price"":""16.100000"",""item_id"":""37843905"",""itemname"":""Synthetic Vinegar 650ml"",""qty"":120,""price"":16.1,""amount"":1932,""discount"":""0.000"",""lbl_unit"":""Qty"",""unit"":""2418165"",""description"":"""",""hsn_code"":"""",""weighted_price"":18.998,""invoice_date"":""2026-07-02"",""sap_code"":"""",""purchase_doc_number"":"""",""purchase_invoice_number"":"""",""tax1"":9,""tax2"":9,""tax3"":0,""tax1_amount"":173.88,""tax2_amount"":173.88,""tax3_amount"":0,""expiry_date"":"""",""manufacturing_date"":"""",""sap_group_master_id"":0,""category"":""Food"",""yield_qty"":""0"",""discount_application"":""B"",""container_weight"":0,""net_weight"":""120"",""gross_weight"":""120"",""tax_type"":0,""excise_duty"":0,""tax1_label"":""CGST"",""tax2_label"":""SGST"",""tax3_label"":""IGST""},{""prev_price"":""119.050000"",""item_id"":""45058168"",""itemname"":""Kara Coconut Milk 400 Ml"",""qty"":24,""price"":119.05,""amount"":2857.2,""discount"":""0.000"",""lbl_unit"":""Qty"",""unit"":""2418165"",""description"":"""",""hsn_code"":"""",""weighted_price"":125.0025,""invoice_date"":""2026-07-02"",""sap_code"":"""",""purchase_doc_number"":"""",""purchase_invoice_number"":"""",""tax1"":2.5,""tax2"":2.5,""tax3"":0,""tax1_amount"":71.43,""tax2_amount"":71.43,""tax3_amount"":0,""expiry_date"":"""",""manufacturing_date"":"""",""sap_group_master_id"":0,""category"":""Food"",""yield_qty"":""0"",""discount_application"":""B"",""pricing_method"":""0"",""container_weight"":0,""net_weight"":""24"",""gross_weight"":""24"",""tax_type"":0,""excise_duty"":0,""tax1_label"":""CGST"",""tax2_label"":""SGST"",""tax3_label"":""IGST""},{""prev_price"":""133.330000"",""item_id"":""44551129"",""itemname"":""Gyoza Skin 250gm"",""qty"":60,""price"":133.33,""amount"":7999.8,""discount"":""0.000"",""lbl_unit"":""Qty"",""unit"":""2418165"",""description"":"""",""hsn_code"":"""",""weighted_price"":139.9965,""invoice_date"":""2026-07-02"",""sap_code"":"""",""purchase_doc_number"":"""",""purchase_invoice_number"":"""",""tax1"":2.5,""tax2"":2.5,""tax3"":0,""tax1_amount"":199.995,""tax2_amount"":199.995,""tax3_amount"":0,""expiry_date"":"""",""manufacturing_date"":"""",""sap_group_master_id"":0,""category"":""Food"",""yield_qty"":""0"",""discount_application"":""B"",""container_weight"":0,""net_weight"":""60"",""gross_weight"":""60"",""tax_type"":0,""excise_duty"":0,""tax1_label"":""CGST"",""tax2_label"":""SGST"",""tax3_label"":""IGST""},{""prev_price"":""94.280000"",""item_id"":""37940773"",""itemname"":""Spring Roll Sheet 275 Gm"",""qty"":80,""price"":94.28,""amount"":7542.4,""discount"":""0.000"",""lbl_unit"":""Qty"",""unit"":""2418165"",""description"":"""",""hsn_code"":"""",""weighted_price"":98.994,""invoice_date"":""2026-07-02"",""sap_code"":"""",""purchase_doc_number"":"""",""purchase_invoice_number"":"""",""tax1"":2.5,""tax2"":2.5,""tax3"":0,""tax1_amount"":188.56,""tax2_amount"":188.56,""tax3_amount"":0,""expiry_date"":"""",""manufacturing_date"":"""",""sap_group_master_id"":0,""category"":""Food"",""yield_qty"":""0"",""discount_application"":""B"",""pricing_method"":""0"",""container_weight"":0,""net_weight"":""80"",""gross_weight"":""80"",""tax_type"":0,""excise_duty"":0,""tax1_label"":""CGST"",""tax2_label"":""SGST"",""tax3_label"":""IGST""},{""prev_price"":""880.950000"",""item_id"":""46049502"",""itemname"":""Frozen Rasbeery 1 Kg"",""qty"":5,""price"":880.95,""amount"":4404.75,""discount"":""0.000"",""lbl_unit"":""Qty"",""unit"":""2418165"",""description"":"""",""hsn_code"":"""",""weighted_price"":924.9976,""invoice_date"":""2026-07-02"",""sap_code"":"""",""purchase_doc_number"":"""",""purchase_invoice_number"":"""",""tax1"":2.5,""tax2"":2.5,""tax3"":0,""tax1_amount"":110.119,""tax2_amount"":110.119,""tax3_amount"":0,""expiry_date"":"""",""manufacturing_date"":"""",""sap_group_master_id"":0,""category"":""Food"",""yield_qty"":""0"",""discount_application"":""B"",""container_weight"":0,""net_weight"":""5"",""gross_weight"":""5"",""tax_type"":0,""excise_duty"":0,""tax1_label"":""CGST"",""tax2_label"":""SGST"",""tax3_label"":""IGST""},{""prev_price"":""155.240000"",""item_id"":""38679724"",""itemname"":""Aromat 500gm"",""qty"":12,""price"":155.24,""amount"":1862.88,""discount"":""0.000"",""lbl_unit"":""Qty"",""unit"":""2418165"",""description"":"""",""hsn_code"":"""",""weighted_price"":163.002,""invoice_date"":""2026-07-02"",""sap_code"":"""",""purchase_doc_number"":"""",""purchase_invoice_number"":"""",""tax1"":2.5,""tax2"":2.5,""tax3"":0,""tax1_amount"":46.572,""tax2_amount"":46.572,""tax3_amount"":0,""expiry_date"":"""",""manufacturing_date"":"""",""sap_group_master_id"":0,""category"":""Food"",""yield_qty"":""0"",""discount_application"":""B"",""container_weight"":0,""net_weight"":""12"",""gross_weight"":""12"",""tax_type"":0,""excise_duty"":0,""tax1_label"":""CGST"",""tax2_label"":""SGST"",""tax3_label"":""IGST""},{""prev_price"":""214.280000"",""item_id"":""11960976"",""itemname"":""Palm Sugar 500gm"",""qty"":12,""price"":214.28,""amount"":2571.36,""discount"":""0.000"",""lbl_unit"":""Qty"",""unit"":""2418165"",""description"":"""",""hsn_code"":"""",""weighted_price"":224.994,""invoice_date"":""2026-07-02"",""sap_code"":"""",""purchase_doc_number"":"""",""purchase_invoice_number"":"""",""tax1"":2.5,""tax2"":2.5,""tax3"":0,""tax1_amount"":64.284,""tax2_amount"":64.284,""tax3_amount"":0,""expiry_date"":"""",""manufacturing_date"":"""",""sap_group_master_id"":0,""category"":""Food"",""yield_qty"":""0"",""discount_application"":""B"",""container_weight"":0,""net_weight"":""12"",""gross_weight"":""12"",""tax_type"":0,""excise_duty"":0,""tax1_label"":""CGST"",""tax2_label"":""SGST"",""tax3_label"":""IGST""},{""prev_price"":""138.100000"",""item_id"":""11960868"",""itemname"":""Dijon Mustard Sauce 370gm"",""qty"":6,""price"":138.1,""amount"":828.6,""discount"":""0.000"",""lbl_unit"":""Qty"",""unit"":""2418165"",""description"":"""",""hsn_code"":"""",""weighted_price"":145.005,""invoice_date"":""2026-07-02"",""sap_code"":"""",""purchase_doc_number"":"""",""purchase_invoice_number"":"""",""tax1"":2.5,""tax2"":2.5,""tax3"":0,""tax1_amount"":20.715,""tax2_amount"":20.715,""tax3_amount"":0,""expiry_date"":"""",""manufacturing_date"":"""",""sap_group_master_id"":0,""category"":""Food"",""yield_qty"":""0"",""discount_application"":""B"",""container_weight"":0,""net_weight"":""6"",""gross_weight"":""6"",""tax_type"":0,""excise_duty"":0,""tax1_label"":""CGST"",""tax2_label"":""SGST"",""tax3_label"":""IGST""},{""prev_price"":""204.760000"",""item_id"":""38416457"",""itemname"":""Artichoke Hearts 400gm"",""qty"":24,""price"":204.76,""amount"":4914.24,""discount"":""0.000"",""lbl_unit"":""Qty"",""unit"":""2418165"",""description"":"""",""hsn_code"":"""",""weighted_price"":214.998,""invoice_date"":""2026-07-02"",""sap_code"":"""",""purchase_doc_number"":"""",""purchase_invoice_number"":"""",""tax1"":2.5,""tax2"":2.5,""tax3"":0,""tax1_amount"":122.856,""tax2_amount"":122.856,""tax3_amount"":0,""expiry_date"":"""",""manufacturing_date"":"""",""sap_group_master_id"":0,""category"":""Food"",""yield_qty"":""0"",""discount_application"":""B"",""container_weight"":0,""net_weight"":""24"",""gross_weight"":""24"",""tax_type"":0,""excise_duty"":0,""tax1_label"":""CGST"",""tax2_label"":""SGST"",""tax3_label"":""IGST""},{""prev_price"":""566.660000"",""item_id"":""11937808"",""itemname"":""Frozen Blueberry 1kg"",""qty"":4,""price"":566.66,""amount"":2266.64,""discount"":""0.000"",""lbl_unit"":""Qty"",""unit"":""2418165"",""description"":"""",""hsn_code"":"""",""weighted_price"":594.993,""invoice_date"":""2026-07-02"",""sap_code"":"""",""purchase_doc_number"":"""",""purchase_invoice_number"":"""",""tax1"":2.5,""tax2"":2.5,""tax3"":0,""tax1_amount"":56.666,""tax2_amount"":56.666,""tax3_amount"":0,""expiry_date"":"""",""manufacturing_date"":"""",""sap_group_master_id"":0,""category"":""Food"",""yield_qty"":""0"",""discount_application"":""B"",""container_weight"":0,""net_weight"":""4"",""gross_weight"":""4"",""tax_type"":0,""excise_duty"":0,""tax1_label"":""CGST"",""tax2_label"":""SGST"",""tax3_label"":""IGST""}]",[],0,0,,,[],[],,,,,,,1,,,,,,,,,,,,,,,,,,,,,,,,,,,,,,,,,,,,,,,,,,,,,,,,,,,,,,,,,,,,,,,,,,,,,,,,,,,,,,,,,,,,,,,,,,,,,,,,,,,,,,,,,,,,,,,,,,,,,,,,,,,,,,,,,,,,,,,,,,,,,,,,,,,,,,,,,,,,,,,,,,,,,,,,,,,,,,,,,,,,,,,,,,,,,,,,,,,,,,,,,,,,,,,,,,,,,,,,,,,,,,,,,,,,,,,,,,,,,,,,,,,,,,,,,,,,,,,,,,,,,,,,,,,,,,,,,,,,,,,,,,,,,,,,,,,,,,,,,,,,,,,,,,,,,,,,,,,,,,,,,,,,,,,,,,,,,,,,,,,,,,,,,,,,,,,,,,,,,,,,,,,,,,,,,,,,,,,,,,,,,,,,,,,,,,,,,,,,,,,,,,,,,,,,,,,,,,,,,,,,,,,,,,,,,,,,,,,,,,,,,,,,,,,,,,,,,,,,,,,,,,,,,,,,,,,,,,,,,,,,,,,,,,,,,,,,,,,,,,,,,,,,,,,,,,,,,,,,,,,,,,,,,,,,,,,,,,,,,,,,,,,,,,,,,,,,,,,,,,,,,,6a465cf9-dc2c-4984-91df-56503c0086f8,6a465f67-c778-4dbc-ae96-55403c0081c4,6a50d753-8078-40c6-b7a5-135d3c009fc0,60.0.129.196,60.0.158.135,60.0.140.168,,,,,,,,,,,,,,,,,,,,,,,,,,,,,,,,,,,,,,,,,,,,,,,,,,,,,,,,,,,,,,,,,,,,,,,,,,,,,,,,,,,,,,,,,,,,,,,,,,,,,,,,,,,,,,,,,,,,,,,,,,,,,,,,,,,,,,,,,,,,,,,,,,,,,,,,,,,,,,,,,,,,,,,,,,,,,,,
Surat Store,117185,133801947,Normal,,25814426,IN/ST/741,2026-07-02,399.524,0,Active,Unpaid,24ACVPH6353E2ZG,380.5,19.024,0,0,0.00,0,0,0,0,2026-07-02 17:52:02,2026-07-02 17:58:20,545246,Supplier,,Surat,Surat Store,Gujarat,,"1st Floor, Samanvay, Near Chandni Chowk, Gymkhana Rd, Piplod, Surat",9825184377,,,24ACVPH6353E2ZG,,New Arif Lamoulde,Supplier,arifsurat@gmail.com,Gujarat,,"Sop no. L-5 & L-6, Ascon city, Opp. Maheshwari Bhavan, city light road, surat - 395007.",02613590819,0,,,,,1,,,0,,"[{""prev_price"":""190.250000"",""item_id"":""21694184"",""itemname"":""Purix Glucose Syrup 1ltr"",""qty"":2,""price"":190.25,""amount"":380.5,""discount"":""0.000"",""lbl_unit"":""Qty"",""unit"":""2418165"",""description"":"""",""hsn_code"":"""",""weighted_price"":199.763,""invoice_date"":""2026-07-02"",""sap_code"":"""",""purchase_doc_number"":"""",""purchase_invoice_number"":"""",""tax1"":2.5,""tax2"":2.5,""tax3"":0,""tax1_amount"":9.513,""tax2_amount"":9.513,""tax3_amount"":0,""expiry_date"":"""",""manufacturing_date"":"""",""sap_group_master_id"":0,""category"":""Food"",""yield_qty"":""0"",""discount_application"":""B"",""container_weight"":0,""net_weight"":""2"",""gross_weight"":""2"",""tax_type"":0,""excise_duty"":0,""tax1_label"":""CGST"",""tax2_label"":""SGST"",""tax3_label"":""IGST""}]",[],0,0,,,[],[],,,,,,,1,,,,,,,,,,,,,,,,,,,,,,,,,,,,,,,,,,,,,,,,,,,,,,,,,,,,,,,,,,,,,,,,,,,,,,,,,,,,,,,,,,,,,,,,,,,,,,,,,,,,,,,,,,,,,,,,,,,,,,,,,,,,,,,,,,,,,,,,,,,,,,,,,,,,,,,,,,,,,,,,,,,,,,,,,,,,,,,,,,,,,,,,,,,,,,,,,,,,,,,,,,,,,,,,,,,,,,,,,,,,,,,,,,,,,,,,,,,,,,,,,,,,,,,,,,,,,,,,,,,,,,,,,,,,,,,,,,,,,,,,,,,,,,,,,,,,,,,,,,,,,,,,,,,,,,,,,,,,,,,,,,,,,,,,,,,,,,,,,,,,,,,,,,,,,,,,,,,,,,,,,,,,,,,,,,,,,,,,,,,,,,,,,,,,,,,,,,,,,,,,,,,,,,,,,,,,,,,,,,,,,,,,,,,,,,,,,,,,,,,,,,,,,,,,,,,,,,,,,,,,,,,,,,,,,,,,,,,,,,,,,,,,,,,,,,,,,,,,,,,,,,,,,,,,,,,,,,,,,,,,,,,,,,,,,,,,,,,,,,,,,,,,,,,,,,,,,,,,,,,,,,,,,,,,6a4651bf-ad5c-4764-8272-22613c0086f8,6a46594b-6bcc-4ab7-ab6d-37ae3c0081c4,60.0.158.135,60.0.134.248,,,,,,,,,,,,,,,,,,,,,,,,,,,,,,,,,,,,,,,,,,,,,,,,,,,,,,,,,,,,,,,,,,,,,,,,,,,,,,,,,,,,,,,,,,,,,,,,,,,,,,,,,,,,,,,,,,,,,,,,,,,,,,,,,,,,,,,,,,,,,,,,,,,,,,,,,,,,,,,,,,,,,,,,,,,
Surat Store,117185,133799329,Normal,,25814425,604,2026-07-02,1260,0,Active,Unpaid,24aaqfk8796b1zv,1200,60,0,0,0.00,0,0,0,0,2026-07-02 17:33:33,2026-07-02 17:33:33,546120,Supplier,,Surat,Surat Store,Gujarat,,"1st Floor, Samanvay, Near Chandni Chowk, Gymkhana Rd, Piplod, Surat",9825184377,,,24aaqfk8796b1zv,,Hare Krishna Industries,Supplier,info.ice4king@gmail.com,Gujarat,,22/A shri ram industrial co. society . navjivan circle udhna magadalla - 395017,8866188688,0,,,,,1,,,0,,"[{""prev_price"":""0.000000"",""item_id"":""19271683"",""itemname"":""Ice Cubes"",""qty"":40,""price"":30,""amount"":1200,""discount"":""0.000"",""lbl_unit"":""Kg"",""unit"":""2418148"",""description"":"""",""hsn_code"":"""",""weighted_price"":31.5,""invoice_date"":""2026-07-02"",""sap_code"":"""",""purchase_doc_number"":"""",""purchase_invoice_number"":"""",""tax1"":2.5,""tax2"":2.5,""tax3"":0,""tax1_amount"":30,""tax2_amount"":30,""tax3_amount"":0,""expiry_date"":"""",""manufacturing_date"":"""",""sap_group_master_id"":0,""category"":""Food"",""rmconv_qty"":""1000"",""rmconv_qty_total"":40000,""rmconv_unit_id"":""2418154"",""rmconv_unit"":""GM"",""yield_qty"":""0"",""discount_application"":""B"",""container_weight"":0,""net_weight"":""40"",""gross_weight"":0,""tax_type"":0,""excise_duty"":0,""tax1_label"":""CGST"",""tax2_label"":""SGST"",""tax3_label"":""IGST""}]",[],0,0,,,[],[],,,,,,,1,,,,,,,,,,,,,,,,,,,,,,,,,,,,,,,,,,,,,,,,,,,,,,,,,,,,,,,,,,,,,,,,,,,,,,,,,,,,,,,,,,,,,,,,,,,,,,,,,,,,,,,,,,,,,,,,,,,,,,,,,,,,,,,,,,,,,,,,,,,,,,,,,,,,,,,,,,,,,,,,,,,,,,,,,,,,,,,,,,,,,,,,,,,,,,,,,,,,,,,,,,,,,,,,,,,,,,,,,,,,,,,,,,,,,,,,,,,,,,,,,,,,,,,,,,,,,,,,,,,,,,,,,,,,,,,,,,,,,,,,,,,,,,,,,,,,,,,,,,,,,,,,,,,,,,,,,,,,,,,,,,,,,,,,,,,,,,,,,,,,,,,,,,,,,,,,,,,,,,,,,,,,,,,,,,,,,,,,,,,,,,,,,,,,,,,,,,,,,,,,,,,,,,,,,,,,,,,,,,,,,,,,,,,,,,,,,,,,,,,,,,,,,,,,,,,,,,,,,,,,,,,,,,,,,,,,,,,,,,,,,,,,,,,,,,,,,,,,,,,,,,,,,,,,,,,,,,,,,,,,,,,,,,,,,,,,,,,,,,,,,,,,,,,,,,,,,,,,,,,,,,,,,,,,,,,,6a46534e-77bc-4d1b-a92e-173c3c0081c4,60.0.158.135,,,,,,,,,,,,,,,,,,,,,,,,,,,,,,,,,,,,,,,,,,,,,,,,,,,,,,,,,,,,,,,,,,,,,,,,,,,,,,,,,,,,,,,,,,,,,,,,,,,,,,,,,,,,,,,,,,,,,,,,,,,,,,,,,,,,,,,,,,,,,,,,,,,,,,,,,,,,,,,,,,,,,,,,,
Surat Store,117185,133799057,Normal,,25814424,605,2026-07-02,2100,0,Active,Unpaid,24aaqfk8796b1zv,1800,90,0,200,10.00,5.00,5.00,0,0,2026-07-02 17:31:33,2026-07-02 17:31:33,546120,Supplier,,Surat,Surat Store,Gujarat,,"1st Floor, Samanvay, Near Chandni Chowk, Gymkhana Rd, Piplod, Surat",9825184377,,,24aaqfk8796b1zv,,Hare Krishna Industries,Supplier,info.ice4king@gmail.com,Gujarat,,22/A shri ram industrial co. society . navjivan circle udhna magadalla - 395017,8866188688,0,,,,,1,,,0,,"[{""prev_price"":""0.000000"",""item_id"":""19271683"",""itemname"":""Ice Cubes"",""qty"":30,""price"":60,""amount"":1800,""discount"":""0.000"",""lbl_unit"":""Kg"",""unit"":""2418148"",""description"":"""",""hsn_code"":"""",""weighted_price"":63,""invoice_date"":""2026-07-02"",""sap_code"":"""",""purchase_doc_number"":"""",""purchase_invoice_number"":"""",""tax1"":2.5,""tax2"":2.5,""tax3"":0,""tax1_amount"":45,""tax2_amount"":45,""tax3_amount"":0,""expiry_date"":"""",""manufacturing_date"":"""",""sap_group_master_id"":0,""category"":""Food"",""rmconv_qty"":""1000"",""rmconv_qty_total"":30000,""rmconv_unit_id"":""2418154"",""rmconv_unit"":""GM"",""yield_qty"":""0"",""discount_application"":""B"",""container_weight"":0,""net_weight"":""30"",""gross_weight"":0,""tax_type"":0,""excise_duty"":0,""tax1_label"":""CGST"",""tax2_label"":""SGST"",""tax3_label"":""IGST""}]",[],0,0,,,[],[],,,,,,,1,,,,,,,,,,,,,,,,,,,,,,,,,,,,,,,,,,,,,,,,,,,,,,,,,,,,,,,,,,,,,,,,,,,,,,,,,,,,,,,,,,,,,,,,,,,,,,,,,,,,,,,,,,,,,,,,,,,,,,,,,,,,,,,,,,,,,,,,,,,,,,,,,,,,,,,,,,,,,,,,,,,,,,,,,,,,,,,,,,,,,,,,,,,,,,,,,,,,,,,,,,,,,,,,,,,,,,,,,,,,,,,,,,,,,,,,,,,,,,,,,,,,,,,,,,,,,,,,,,,,,,,,,,,,,,,,,,,,,,,,,,,,,,,,,,,,,,,,,,,,,,,,,,,,,,,,,,,,,,,,,,,,,,,,,,,,,,,,,,,,,,,,,,,,,,,,,,,,,,,,,,,,,,,,,,,,,,,,,,,,,,,,,,,,,,,,,,,,,,,,,,,,,,,,,,,,,,,,,,,,,,,,,,,,,,,,,,,,,,,,,,,,,,,,,,,,,,,,,,,,,,,,,,,,,,,,,,,,,,,,,,,,,,,,,,,,,,,,,,,,,,,,,,,,,,,,,,,,,,,,,,,,,,,,,,,,,,,,,,,,,,,,,,,,,,,,,,,,,,,,,,,,,,,,,,,,,,6a46529b-a684-4658-b527-218e3c0086f8,60.0.129.196,,,,,,,,,,,,,,,,,,,,,,,,,,,,,,,,,,,,,,,,,,,,,,,,,,,,,,,,,,,,,,,,,,,,,,,,,,,,,,,,,,,,,,,,,,,,,,,,,,,,,,,,,,,,,,,,,,,,,,,,,,,,,,,,,,,,,,,,,,,,,,,,,,,,,,,,,,,,,,,,,,,,,,,
Surat Store,117185,133793664,Normal,,25814423,NI26079,2026-07-02,460.2,0,Active,Unpaid,24COHPS6414R1Z8,140,25.2,0,250,45.00,22.50,22.50,0,0,2026-07-02 16:53:03,2026-07-02 16:53:03,1023879,Supplier,,Surat,Surat Store,Gujarat,,"1st Floor, Samanvay, Near Chandni Chowk, Gymkhana Rd, Piplod, Surat",9825184377,,,24COHPS6414R1Z8,,Nine,Supplier,oppssurat@nineindia.in,Gujarat,,,9723649599,0,,,,,1,,,0,,"[{""prev_price"":""0.000000"",""item_id"":""36095807"",""itemname"":""Dry Ice"",""qty"":2,""price"":70,""amount"":140,""discount"":""0.000"",""lbl_unit"":""Kg"",""unit"":""2418148"",""description"":"""",""hsn_code"":"""",""weighted_price"":82.6,""invoice_date"":""2026-07-02"",""sap_code"":"""",""purchase_doc_number"":"""",""purchase_invoice_number"":"""",""tax1"":9,""tax2"":9,""tax3"":0,""tax1_amount"":12.6,""tax2_amount"":12.6,""tax3_amount"":0,""expiry_date"":"""",""manufacturing_date"":"""",""sap_group_master_id"":0,""category"":""Packaging"",""rmconv_qty"":""1000"",""rmconv_qty_total"":2000,""rmconv_unit_id"":""2418154"",""rmconv_unit"":""GM"",""yield_qty"":""0"",""discount_application"":""B"",""container_weight"":0,""net_weight"":""2"",""gross_weight"":0,""tax_type"":0,""excise_duty"":0,""tax1_label"":""CGST"",""tax2_label"":""SGST"",""tax3_label"":""IGST""}]",[],0,0,,,[],[],,,,,,,1,,,,,,,,,,,,,,,,,,,,,,,,,,,,,,,,,,,,,,,,,,,,,,,,,,,,,,,,,,,,,,,,,,,,,,,,,,,,,,,,,,,,,,,,,,,,,,,,,,,,,,,,,,,,,,,,,,,,,,,,,,,,,,,,,,,,,,,,,,,,,,,,,,,,,,,,,,,,,,,,,,,,,,,,,,,,,,,,,,,,,,,,,,,,,,,,,,,,,,,,,,,,,,,,,,,,,,,,,,,,,,,,,,,,,,,,,,,,,,,,,,,,,,,,,,,,,,,,,,,,,,,,,,,,,,,,,,,,,,,,,,,,,,,,,,,,,,,,,,,,,,,,,,,,,,,,,,,,,,,,,,,,,,,,,,,,,,,,,,,,,,,,,,,,,,,,,,,,,,,,,,,,,,,,,,,,,,,,,,,,,,,,,,,,,,,,,,,,,,,,,,,,,,,,,,,,,,,,,,,,,,,,,,,,,,,,,,,,,,,,,,,,,,,,,,,,,,,,,,,,,,,,,,,,,,,,,,,,,,,,,,,,,,,,,,,,,,,,,,,,,,,,,,,,,,,,,,,,,,,,,,,,,,,,,,,,,,,,,,,,,,,,,,,,,,,,,,,,,,,,,,,,,,,,,,,,,,,,6a4649c7-345c-4d74-942b-79913c0081c4,60.0.158.135,,,,,,,,,,,,,,,,,,,,,,,,,,,,,,,,,,,,,,,,,,,,,,,,,,,,,,,,,,,,,,,,,,,,,,,,,,,,,,,,,,,,,,,,,,,,,,,,,,,,,,,,,,,,,,,,,,,,,,,,,,,,,,,,,,,,,,,,,,,,,,,,,,,,,,,,,,,,,,,,,,,,,
Surat Store,117185,133793341,Normal,,25814422,NI26075,2026-07-02,1357,0,Active,Unpaid,24COHPS6414R1Z8,1050,189,0,100,18.00,9.00,9.00,0,0,2026-07-02 16:50:45,2026-07-02 16:50:45,1023879,Supplier,,Surat,Surat Store,Gujarat,,"1st Floor, Samanvay, Near Chandni Chowk, Gymkhana Rd, Piplod, Surat",9825184377,,,24COHPS6414R1Z8,,Nine,Supplier,oppssurat@nineindia.in,Gujarat,,,9723649599,0,,,,,1,,,0,,"[{""prev_price"":""0.000000"",""item_id"":""36095807"",""itemname"":""Dry Ice"",""qty"":15,""price"":70,""amount"":1050,""discount"":""0.000"",""lbl_unit"":""Kg"",""unit"":""2418148"",""description"":"""",""hsn_code"":"""",""weighted_price"":82.6,""invoice_date"":""2026-07-02"",""sap_code"":"""",""purchase_doc_number"":"""",""purchase_invoice_number"":"""",""tax1"":9,""tax2"":9,""tax3"":0,""tax1_amount"":94.5,""tax2_amount"":94.5,""tax3_amount"":0,""expiry_date"":"""",""manufacturing_date"":"""",""sap_group_master_id"":0,""category"":""Packaging"",""rmconv_qty"":""1000"",""rmconv_qty_total"":15000,""rmconv_unit_id"":""2418154"",""rmconv_unit"":""GM"",""yield_qty"":""0"",""discount_application"":""B"",""container_weight"":0,""net_weight"":""15"",""gross_weight"":0,""tax_type"":0,""excise_duty"":0,""tax1_label"":""CGST"",""tax2_label"":""SGST"",""tax3_label"":""IGST""}]",[],0,0,,,[],[],,,,,,,1,,,,,,,,,,,,,,,,,,,,,,,,,,,,,,,,,,,,,,,,,,,,,,,,,,,,,,,,,,,,,,,,,,,,,,,,,,,,,,,,,,,,,,,,,,,,,,,,,,,,,,,,,,,,,,,,,,,,,,,,,,,,,,,,,,,,,,,,,,,,,,,,,,,,,,,,,,,,,,,,,,,,,,,,,,,,,,,,,,,,,,,,,,,,,,,,,,,,,,,,,,,,,,,,,,,,,,,,,,,,,,,,,,,,,,,,,,,,,,,,,,,,,,,,,,,,,,,,,,,,,,,,,,,,,,,,,,,,,,,,,,,,,,,,,,,,,,,,,,,,,,,,,,,,,,,,,,,,,,,,,,,,,,,,,,,,,,,,,,,,,,,,,,,,,,,,,,,,,,,,,,,,,,,,,,,,,,,,,,,,,,,,,,,,,,,,,,,,,,,,,,,,,,,,,,,,,,,,,,,,,,,,,,,,,,,,,,,,,,,,,,,,,,,,,,,,,,,,,,,,,,,,,,,,,,,,,,,,,,,,,,,,,,,,,,,,,,,,,,,,,,,,,,,,,,,,,,,,,,,,,,,,,,,,,,,,,,,,,,,,,,,,,,,,,,,,,,,,,,,,,,,,,,,,,,,,,,,,,,6a464934-fad4-459f-8846-4bcb3c009500,60.0.149.0,,,,,,,,,,,,,,,,,,,,,,,,,,,,,,,,,,,,,,,,,,,,,,,,,,,,,,,,,,,,,,,,,,,,,,,,,,,,,,,,,,,,,,,,,,,,,,,,,,,,,,,,,,,,,,,,,,,,,,,,,,,,,,,,,,,,,,,,,,,,,,,,,,,,,,,,,,,,,,,,,,,
Surat Store,117185,133791799,Normal,,25814421,,2026-07-02,250,0,Active,Unpaid,,250,0,0,0,0.00,0,0,0,0,2026-07-02 16:41:07,2026-07-02 18:06:26,545251,Supplier,,Surat,Surat Store,Gujarat,,"1st Floor, Samanvay, Near Chandni Chowk, Gymkhana Rd, Piplod, Surat",9825184377,,,,,Local Purchase,Supplier,,,,,,0,,,,,1,,,0,,"[{""prev_price"":""125.000000"",""item_id"":""43903342"",""itemname"":""Orange Juice 1 Ltr"",""qty"":2,""price"":125,""amount"":250,""discount"":""0.000"",""lbl_unit"":""Qty"",""unit"":""2418165"",""description"":"""",""hsn_code"":"""",""weighted_price"":125,""invoice_date"":""2026-07-02"",""sap_code"":"""",""purchase_doc_number"":"""",""purchase_invoice_number"":"""",""tax1"":0,""tax2"":0,""tax3"":0,""tax1_amount"":0,""tax2_amount"":0,""tax3_amount"":0,""expiry_date"":"""",""manufacturing_date"":"""",""sap_group_master_id"":0,""category"":""Food"",""yield_qty"":""0"",""discount_application"":""B"",""container_weight"":0,""net_weight"":""2"",""gross_weight"":""2"",""tax_type"":0,""excise_duty"":0,""tax1_label"":""CGST"",""tax2_label"":""SGST"",""tax3_label"":""IGST""}]",[],0,0,,,[],[],,,,,,,1,,,,,,,,,,,,,,,,,,,,,,,,,,,,,,,,,,,,,,,,,,,,,,,,,,,,,,,,,,,,,,,,,,,,,,,,,,,,,,,,,,,,,,,,,,,,,,,,,,,,,,,,,,,,,,,,,,,,,,,,,,,,,,,,,,,,,,,,,,,,,,,,,,,,,,,,,,,,,,,,,,,,,,,,,,,,,,,,,,,,,,,,,,,,,,,,,,,,,,,,,,,,,,,,,,,,,,,,,,,,,,,,,,,,,,,,,,,,,,,,,,,,,,,,,,,,,,,,,,,,,,,,,,,,,,,,,,,,,,,,,,,,,,,,,,,,,,,,,,,,,,,,,,,,,,,,,,,,,,,,,,,,,,,,,,,,,,,,,,,,,,,,,,,,,,,,,,,,,,,,,,,,,,,,,,,,,,,,,,,,,,,,,,,,,,,,,,,,,,,,,,,,,,,,,,,,,,,,,,,,,,,,,,,,,,,,,,,,,,,,,,,,,,,,,,,,,,,,,,,,,,,,,,,,,,,,,,,,,,,,,,,,,,,,,,,,,,,,,,,,,,,,,,,,,,,,,,,,,,,,,,,,,,,,,,,,,,,,,,,,,,,,,,,,,,,,,,,,,,,,,,,,,,,,,,,,,,,,,,,,6a464727-6cf0-49aa-8a5d-6fbf3c0086f8,6a465b21-b01c-4e69-b408-325b3c0081c4,60.0.129.196,60.0.158.135,,,,,,,,,,,,,,,,,,,,,,,,,,,,,,,,,,,,,,,,,,,,,,,,,,,,,,,,,,,,,,,,,,,,,,,,,,,,,,,,,,,,,,,,,,,,,,,,,,,,,,,,,,,,,,,,,,,,,,,,,,,,,,,,,,,,,,,,,,,,,,,,,,,,,,,,,,,,,,,
Surat Store,117185,133791512,Normal,,25814420,,2026-07-02,232,0,Active,Unpaid,,232,0,0,0,0.00,0,0,0,0,2026-07-02 16:39:11,2026-07-02 18:06:52,545251,Supplier,,Surat,Surat Store,Gujarat,,"1st Floor, Samanvay, Near Chandni Chowk, Gymkhana Rd, Piplod, Surat",9825184377,,,,,Local Purchase,Supplier,,,,,,0,,,,,1,,,0,,"[{""prev_price"":""29.000000"",""item_id"":""39361894"",""itemname"":""Amul Taza Milk 500ml"",""qty"":8,""price"":29,""amount"":232,""discount"":""0.000"",""lbl_unit"":""Qty"",""unit"":""2418165"",""description"":"""",""hsn_code"":"""",""weighted_price"":29,""invoice_date"":""2026-07-02"",""sap_code"":"""",""purchase_doc_number"":"""",""purchase_invoice_number"":"""",""tax1"":0,""tax2"":0,""tax3"":0,""tax1_amount"":0,""tax2_amount"":0,""tax3_amount"":0,""expiry_date"":"""",""manufacturing_date"":"""",""sap_group_master_id"":0,""category"":""Food"",""yield_qty"":""0"",""discount_application"":""B"",""container_weight"":0,""net_weight"":""8"",""gross_weight"":""8"",""tax_type"":0,""excise_duty"":0,""tax1_label"":""CGST"",""tax2_label"":""SGST"",""tax3_label"":""IGST""}]",[],0,0,,,[],[],,,,,,,1,,,,,,,,,,,,,,,,,,,,,,,,,,,,,,,,,,,,,,,,,,,,,,,,,,,,,,,,,,,,,,,,,,,,,,,,,,,,,,,,,,,,,,,,,,,,,,,,,,,,,,,,,,,,,,,,,,,,,,,,,,,,,,,,,,,,,,,,,,,,,,,,,,,,,,,,,,,,,,,,,,,,,,,,,,,,,,,,,,,,,,,,,,,,,,,,,,,,,,,,,,,,,,,,,,,,,,,,,,,,,,,,,,,,,,,,,,,,,,,,,,,,,,,,,,,,,,,,,,,,,,,,,,,,,,,,,,,,,,,,,,,,,,,,,,,,,,,,,,,,,,,,,,,,,,,,,,,,,,,,,,,,,,,,,,,,,,,,,,,,,,,,,,,,,,,,,,,,,,,,,,,,,,,,,,,,,,,,,,,,,,,,,,,,,,,,,,,,,,,,,,,,,,,,,,,,,,,,,,,,,,,,,,,,,,,,,,,,,,,,,,,,,,,,,,,,,,,,,,,,,,,,,,,,,,,,,,,,,,,,,,,,,,,,,,,,,,,,,,,,,,,,,,,,,,,,,,,,,,,,,,,,,,,,,,,,,,,,,,,,,,,,,,,,,,,,,,,,,,,,,,,,,,,,,,,,,,,,,,,,,,,,6a464104-1c10-4415-98f0-6eb53c0086f8,6a465b55-8894-4c02-9b0a-552a3c0086f8,60.0.129.196,60.0.129.196,,,,,,,,,,,,,,,,,,,,,,,,,,,,,,,,,,,,,,,,,,,,,,,,,,,,,,,,,,,,,,,,,,,,,,,,,,,,,,,,,,,,,,,,,,,,,,,,,,,,,,,,,,,,,,,,,,,,,,,,,,,,,,,,,,,,,,,,,,,,,,,,,,,,,,,,,,,
Surat Store,117185,133760860,Manual Stock,0,0,,2026-07-02,0,0,Active,Unpaid,,0,0,0,0,0.00,0,0,0,0,2026-07-02 13:07:17,2026-07-02 13:07:17,117185,Kitchen,,,,Gujarat,,,,,,,,,,,Gujarat,,,,,,,,,,,,,,"[{""item_id"":""38737410"",""unit"":""2418165"",""qty"":4,""itemname"":""Tahina Paste 1kg"",""lbl_unit"":""Qty"",""description"":"""",""weighted_price"":0,""price"":0,""amount"":0,""hsn_code"":"""",""batchprefix"":"""",""existing_stock"":""0"",""current_stock"":""4"",""category"":""Food"",""sap_code"":"""",""tax_type"":0,""excise_duty"":0,""tax1_label"":""CGST"",""tax2_label"":""SGST"",""tax3_label"":""IGST""}]",[],0,0,,,[],[],,,,,,,,,,,,,,,,,,,,,,,,,,,,,,,,,,,,,,,,,,,,,,,,,,,,,,,,,,,,,,,,,,,,,,,,,,,,,,,,6a461526-7cac-4478-87c3-01e33c009e87,,1,,,,,,,,,,,,,,,,,,,,,,,,,,,,,,,,,,,,,,,,,,,,,,,,,,,,,,,,,,,,,,,,,,,,,,,,,,,,,,,,,,,,,,,,,,,,,,,,,,,,,,,,,,,,,,,,,,,,,,,,,,,,,,,,,,,,,,,,,,,,,,,,,,,,,,,,,,,,,,,,,,,,,,,,,,,,,,,,,,,,,,,,,,,,,,,,,,,,,,,,,,,,,,,,,,,,,,,,,,,,,,,,,,,,,,,,,,,,,,,,,,,,,,,,,,,,,,,,,,,,,,,,,,,,,,,,,,,,,,,,,,,,,,,,,,,,,,,,,,,,,,,,,,,,,,,,,,,,,,,,,,,,,,,,,,,,,,,,,,,,,,,,,,,,,,,,,,,,,,,,,,,,,,,,,,,,,,,,,,,,,,,,,,,,,,,,,,,,,,,,,,,,,,,,,,,,,,,,,,,,,,,,,,,,,,,,,,,,,,,,,,,,,,,,,,,,,,,,,,,,,,,,,,,,,,,,,,,,,,,,,,,,,,,,,,,,,,,,,,,,,,,,,,,,,,,,,60.0.158.135,,,,,,,,,,,,,,,,,,,,,,,,,,,,,,,,,,,,,,,,,,,,,,,,,,,,,,,,,,,,,,,,,,,,,,,,,,,,,,,,,,,,,,,,,,,,,,,,,,,,,,,,,,,,,,,,,,,,,,,,,,,,,,,,,,,,,,,,,,,,,,,,,,,,,,,,,,
Surat Store,117185,133677239,Manual Stock,0,0,,2026-07-01,0,0,Active,Unpaid,,0,0,0,0,0.00,0,0,0,0,2026-07-01 17:00:27,2026-07-01 17:00:27,117185,Kitchen,,,,Gujarat,,,,,,,,,,,Gujarat,,,,,,,,,,,,,,"[{""item_id"":""44179849"",""unit"":""2418165"",""qty"":12,""itemname"":""Madhur Sugar 5 Kg"",""lbl_unit"":""Qty"",""description"":"""",""weighted_price"":0,""price"":0,""amount"":0,""hsn_code"":"""",""batchprefix"":"""",""existing_stock"":""3"",""current_stock"":""15"",""category"":""Food"",""sap_code"":"""",""tax_type"":0,""excise_duty"":0,""tax1_label"":""CGST"",""tax2_label"":""SGST"",""tax3_label"":""IGST""}]",[],0,0,,,[],[],,,,,,,,,,,,,,,,,,,,,,,,,,,,,,,,,,,,,,,,,,,,,,,,,,,,,,,,,,,,,,,,,,,,,,,,,,,,,,,,6a44fa4c-4034-40b3-bc8e-2e0c3c008b43,,1,,,,,,,,,,,,,,,,,,,,,,,,,,,,,,,,,,,,,,,,,,,,,,,,,,,,,,,,,,,,,,,,,,,,,,,,,,,,,,,,,,,,,,,,,,,,,,,,,,,,,,,,,,,,,,,,,,,,,,,,,,,,,,,,,,,,,,,,,,,,,,,,,,,,,,,,,,,,,,,,,,,,,,,,,,,,,,,,,,,,,,,,,,,,,,,,,,,,,,,,,,,,,,,,,,,,,,,,,,,,,,,,,,,,,,,,,,,,,,,,,,,,,,,,,,,,,,,,,,,,,,,,,,,,,,,,,,,,,,,,,,,,,,,,,,,,,,,,,,,,,,,,,,,,,,,,,,,,,,,,,,,,,,,,,,,,,,,,,,,,,,,,,,,,,,,,,,,,,,,,,,,,,,,,,,,,,,,,,,,,,,,,,,,,,,,,,,,,,,,,,,,,,,,,,,,,,,,,,,,,,,,,,,,,,,,,,,,,,,,,,,,,,,,,,,,,,,,,,,,,,,,,,,,,,,,,,,,,,,,,,,,,,,,,,,,,,,,,,,,,,,,,,,,,,,,,,,60.0.139.67,,,,,,,,,,,,,,,,,,,,,,,,,,,,,,,,,,,,,,,,,,,,,,,,,,,,,,,,,,,,,,,,,,,,,,,,,,,,,,,,,,,,,,,,,,,,,,,,,,,,,,,,,,,,,,,,,,,,,,,,,,,,,,,,,,,,,,,,,,,,,,,,,,,,,,,,,
Surat Store,117185,133660986,Normal,,25814415,A000800,2026-07-01,50032.5,0,Active,Unpaid,24abcpd7651f1z1,47650,2382.5,0,0,0.00,0,0,0,0,2026-07-01 15:25:21,2026-07-02 17:40:17,549479,Supplier,,Surat,Surat Store,Gujarat,,"1st Floor, Samanvay, Near Chandni Chowk, Gymkhana Rd, Piplod, Surat",9825184377,,,24abcpd7651f1z1,,Radhekrishna Distributors,Supplier,,Gujarat,,"E/114, green avenue apt ,b/h union park , ghod dod road  395007",9825138933,0,,,,,1,,,0,,"[{""prev_price"":""15650.000000"",""item_id"":""38162924"",""itemname"":""Callebaut Milk 823 10kg"",""qty"":1,""price"":15650,""amount"":15650,""discount"":""0.000"",""lbl_unit"":""Qty"",""unit"":""2418165"",""description"":"""",""hsn_code"":"""",""weighted_price"":16432.5,""invoice_date"":""2026-07-01"",""sap_code"":"""",""purchase_doc_number"":"""",""purchase_invoice_number"":"""",""tax1"":2.5,""tax2"":2.5,""tax3"":0,""tax1_amount"":391.25,""tax2_amount"":391.25,""tax3_amount"":0,""expiry_date"":"""",""manufacturing_date"":"""",""sap_group_master_id"":0,""category"":""Food"",""yield_qty"":""0"",""discount_application"":""B"",""container_weight"":0,""net_weight"":""1"",""gross_weight"":""1"",""tax_type"":0,""excise_duty"":0,""tax1_label"":""CGST"",""tax2_label"":""SGST"",""tax3_label"":""IGST""},{""prev_price"":""16000.000000"",""item_id"":""38162232"",""itemname"":""Callebaut Dark 811 10kg"",""qty"":2,""price"":16000,""amount"":32000,""discount"":""0.000"",""lbl_unit"":""Qty"",""unit"":""2418165"",""description"":"""",""hsn_code"":""18062000"",""weighted_price"":16800,""invoice_date"":""2026-07-01"",""sap_code"":"""",""purchase_doc_number"":"""",""purchase_invoice_number"":"""",""tax1"":2.5,""tax2"":2.5,""tax3"":0,""tax1_amount"":800,""tax2_amount"":800,""tax3_amount"":0,""expiry_date"":"""",""manufacturing_date"":"""",""sap_group_master_id"":0,""category"":""Food"",""yield_qty"":""0"",""discount_application"":""B"",""container_weight"":0,""net_weight"":""2"",""gross_weight"":""2"",""tax_type"":0,""excise_duty"":0,""tax1_label"":""CGST"",""tax2_label"":""SGST"",""tax3_label"":""IGST""}]",[],0,0,,,[],[],,,,,,,1,,,,,,,,,,,,,,,,,,,,,,,,,,,,,,,,,,,,,,,,,,,,,,,,,,,,,,,,,,,,,,,,,,,,,,,,,,,,,,,,,,,,,,,,,,,,,,,,,,,,,,,,,,,,,,,,,,,,,,,,,,,,,,,,,,,,,,,,,,,,,,,,,,,,,,,,,,,,,,,,,,,,,,,,,,,,,,,,,,,,,,,,,,,,,,,,,,,,,,,,,,,,,,,,,,,,,,,,,,,,,,,,,,,,,,,,,,,,,,,,,,,,,,,,,,,,,,,,,,,,,,,,,,,,,,,,,,,,,,,,,,,,,,,,,,,,,,,,,,,,,,,,,,,,,,,,,,,,,,,,,,,,,,,,,,,,,,,,,,,,,,,,,,,,,,,,,,,,,,,,,,,,,,,,,,,,,,,,,,,,,,,,,,,,,,,,,,,,,,,,,,,,,,,,,,,,,,,,,,,,,,,,,,,,,,,,,,,,,,,,,,,,,,,,,,,,,,,,,,,,,,,,,,,,,,,,,,,,,,,,,,,,,,,,,,,,,,,,,,,,,,,,,,,,,,,,,,,,,,,,,,,,,,,,,,,,,,,,,,,,,,,,,,,,,,,,,,,,,,,,,,,,,,,,,,,,,,,,,,,,,,,,,,,,,,6a44e379-6d64-4564-885a-05df3c009c80,6a46551d-3ccc-4666-b281-68033c009e87,60.0.135.61,60.0.134.248,,,,,,,,,,,,,,,,,,,,,,,,,,,,,,,,,,,,,,,,,,,,,,,,,,,,,,,,,,,,,,,,,,,,,,,,,,,,,,,,,,,,,,,,,,,,,,,,,,,,,,,,,,,,,,,,,,,,,,,,,,,,,,,,,,,,,,,,,,,,,,,,,,,,,
Surat Store,117185,133659481,Normal,,25814414,,2026-07-01,2400,0,Active,Unpaid,,2400,0,0,0,0.00,0,0,0,0,2026-07-01 15:15:51,2026-07-01 15:15:51,545251,Supplier,,Surat,Surat Store,Gujarat,,"1st Floor, Samanvay, Near Chandni Chowk, Gymkhana Rd, Piplod, Surat",9825184377,,,,,Local Purchase,Supplier,,,,,,0,,,,,1,,,0,,"[{""prev_price"":""0.000000"",""item_id"":""11937780"",""itemname"":""Imported Red Cherry Whole"",""qty"":3,""price"":800,""amount"":2400,""discount"":""0.000"",""lbl_unit"":""Kg"",""unit"":""2418148"",""description"":"""",""hsn_code"":"""",""weighted_price"":800,""invoice_date"":""2026-07-01"",""sap_code"":"""",""purchase_doc_number"":"""",""purchase_invoice_number"":"""",""tax1"":0,""tax2"":0,""tax3"":0,""tax1_amount"":0,""tax2_amount"":0,""tax3_amount"":0,""expiry_date"":"""",""manufacturing_date"":"""",""sap_group_master_id"":0,""category"":""Food"",""rmconv_qty"":""1000"",""rmconv_qty_total"":3000,""rmconv_unit_id"":""2418154"",""rmconv_unit"":""GM"",""yield_qty"":""0"",""discount_application"":""B"",""container_weight"":0,""net_weight"":""3"",""gross_weight"":0,""tax_type"":0,""excise_duty"":0,""tax1_label"":""CGST"",""tax2_label"":""SGST"",""tax3_label"":""IGST""}]",[],0,0,,,[],[],,,,,,,1,,,,,,,,,,,,,,,,,,,,,,,,,,,,,,,,,,,,,,,,,,,,,,,,,,,,,,,,,,,,,,,,,,,,,,,,,,,,,,,,,,,,,,,,,,,,,,,,,,,,,,,,,,,,,,,,,,,,,,,,,,,,,,,,,,,,,,,,,,,,,,,,,,,,,,,,,,,,,,,,,,,,,,,,,,,,,,,,,,,,,,,,,,,,,,,,,,,,,,,,,,,,,,,,,,,,,,,,,,,,,,,,,,,,,,,,,,,,,,,,,,,,,,,,,,,,,,,,,,,,,,,,,,,,,,,,,,,,,,,,,,,,,,,,,,,,,,,,,,,,,,,,,,,,,,,,,,,,,,,,,,,,,,,,,,,,,,,,,,,,,,,,,,,,,,,,,,,,,,,,,,,,,,,,,,,,,,,,,,,,,,,,,,,,,,,,,,,,,,,,,,,,,,,,,,,,,,,,,,,,,,,,,,,,,,,,,,,,,,,,,,,,,,,,,,,,,,,,,,,,,,,,,,,,,,,,,,,,,,,,,,,,,,,,,,,,,,,,,,,,,,,,,,,,,,,,,,,,,,,,,,,,,,,,,,,,,,,,,,,,,,,,,,,,,,,,,,,,,,,,,,,,,,,,,,,,,,,,,,,,,,,,,,,,,,,,,,6a44dfa7-9bec-4bac-b629-03573c009c80,60.0.139.67,,,,,,,,,,,,,,,,,,,,,,,,,,,,,,,,,,,,,,,,,,,,,,,,,,,,,,,,,,,,,,,,,,,,,,,,,,,,,,,,,,,,,,,,,,,,,,,,,,,,,,,,,,,,,,,,,,,,,,,,,,,,,,,,,,,,,,,,,,,,,,,,,,,
Surat Store,117185,133656752,Normal,,25814413,GD2627G2137,2026-07-01,18328.32,0,Active,Unpaid,24AACCG8010F1Z4,17455.54,872.78,0,0,0.00,0,0,0,0,2026-07-01 14:59:31,2026-07-02 17:42:44,545234,Supplier,,Surat,Surat Store,Gujarat,,"1st Floor, Samanvay, Near Chandni Chowk, Gymkhana Rd, Piplod, Surat",9825184377,,,24AACCG8010F1Z4,,Golaka Pvt. Ltd.,Supplier,order.golokadairy@hotmail.com,Gujarat,,"301,Dhanlaxmi Building, Behind Government Colony, Tithal road, Valsad - 396001.",9879073344,0,,,,,1,,,0,,"[{""prev_price"":""544.170000"",""item_id"":""37820304"",""itemname"":""Mozzarella Cheese 1kg"",""qty"":15,""price"":544.17,""amount"":8162.55,""discount"":""0.000"",""lbl_unit"":""Qty"",""unit"":""2418165"",""description"":"""",""hsn_code"":"""",""weighted_price"":571.378533,""invoice_date"":""2026-07-01"",""sap_code"":"""",""purchase_doc_number"":"""",""purchase_invoice_number"":"""",""tax1"":2.5,""tax2"":2.5,""tax3"":0,""tax1_amount"":204.064,""tax2_amount"":204.064,""tax3_amount"":0,""expiry_date"":"""",""manufacturing_date"":"""",""sap_group_master_id"":0,""category"":""Food"",""yield_qty"":""0"",""discount_application"":""B"",""pricing_method"":""0"",""container_weight"":0,""net_weight"":""15"",""gross_weight"":""15"",""tax_type"":0,""excise_duty"":0,""tax1_label"":""CGST"",""tax2_label"":""SGST"",""tax3_label"":""IGST""},{""prev_price"":""466.790000"",""item_id"":""37829620"",""itemname"":""Buffalo Mozzarella Cheese 580gm"",""qty"":10,""price"":466.79,""amount"":4667.9,""discount"":""0.000"",""lbl_unit"":""Qty"",""unit"":""2418165"",""description"":"""",""hsn_code"":"""",""weighted_price"":490.1296,""invoice_date"":""2026-07-01"",""sap_code"":"""",""purchase_doc_number"":"""",""purchase_invoice_number"":"""",""tax1"":2.5,""tax2"":2.5,""tax3"":0,""tax1_amount"":116.698,""tax2_amount"":116.698,""tax3_amount"":0,""expiry_date"":"""",""manufacturing_date"":"""",""sap_group_master_id"":0,""category"":""Food"",""yield_qty"":""0"",""discount_application"":""B"",""pricing_method"":""0"",""container_weight"":0,""net_weight"":""10"",""gross_weight"":""10"",""tax_type"":0,""excise_duty"":0,""tax1_label"":""CGST"",""tax2_label"":""SGST"",""tax3_label"":""IGST""},{""prev_price"":""316.828000"",""item_id"":""21204759"",""itemname"":""Baby Burrata 360gm"",""qty"":5,""price"":316.828,""amount"":1584.14,""discount"":""0.000"",""lbl_unit"":""Qty"",""unit"":""2418165"",""description"":"""",""hsn_code"":"""",""weighted_price"":332.6696,""invoice_date"":""2026-07-01"",""sap_code"":"""",""purchase_doc_number"":"""",""purchase_invoice_number"":"""",""tax1"":2.5,""tax2"":2.5,""tax3"":0,""tax1_amount"":39.604,""tax2_amount"":39.604,""tax3_amount"":0,""expiry_date"":"""",""manufacturing_date"":"""",""sap_group_master_id"":0,""category"":""Food"",""yield_qty"":""0"",""discount_application"":""B"",""pricing_method"":""0"",""container_weight"":0,""net_weight"":""5"",""gross_weight"":""5"",""tax_type"":0,""excise_duty"":0,""tax1_label"":""CGST"",""tax2_label"":""SGST"",""tax3_label"":""IGST""},{""prev_price"":""608.190000"",""item_id"":""33319558"",""itemname"":""Smoked Mozzarella Cheese 1kg"",""qty"":5,""price"":608.19,""amount"":3040.95,""discount"":""0.000"",""lbl_unit"":""Qty"",""unit"":""2418165"",""description"":"""",""hsn_code"":"""",""weighted_price"":638.5996,""invoice_date"":""2026-07-01"",""sap_code"":"""",""purchase_doc_number"":"""",""purchase_invoice_number"":"""",""tax1"":2.5,""tax2"":2.5,""tax3"":0,""tax1_amount"":76.024,""tax2_amount"":76.024,""tax3_amount"":0,""expiry_date"":"""",""manufacturing_date"":"""",""sap_group_master_id"":0,""category"":""Food"",""yield_qty"":""0"",""discount_application"":""B"",""container_weight"":0,""net_weight"":""5"",""gross_weight"":""5"",""tax_type"":0,""excise_duty"":0,""tax1_label"":""CGST"",""tax2_label"":""SGST"",""tax3_label"":""IGST""}]",[],0,0,,,[],[],,,,,,,1,,,,,,,,,,,,,,,,,,,,,,,,,,,,,,,,,,,,,,,,,,,,,,,,,,,,,,,,,,,,,,,,,,,,,,,,,,,,,,,,,,,,,,,,,,,,,,,,,,,,,,,,,,,,,,,,,,,,,,,,,,,,,,,,,,,,,,,,,,,,,,,,,,,,,,,,,,,,,,,,,,,,,,,,,,,,,,,,,,,,,,,,,,,,,,,,,,,,,,,,,,,,,,,,,,,,,,,,,,,,,,,,,,,,,,,,,,,,,,,,,,,,,,,,,,,,,,,,,,,,,,,,,,,,,,,,,,,,,,,,,,,,,,,,,,,,,,,,,,,,,,,,,,,,,,,,,,,,,,,,,,,,,,,,,,,,,,,,,,,,,,,,,,,,,,,,,,,,,,,,,,,,,,,,,,,,,,,,,,,,,,,,,,,,,,,,,,,,,,,,,,,,,,,,,,,,,,,,,,,,,,,,,,,,,,,,,,,,,,,,,,,,,,,,,,,,,,,,,,,,,,,,,,,,,,,,,,,,,,,,,,,,,,,,,,,,,,,,,,,,,,,,,,,,,,,,,,,,,,,,,,,,,,,,,,,,,,,,,,,,,,,,,,,,,,,,,,,,,,,,,,,,,,,,,,,,,,,,,,,,,,,,,,,,,,,,,,,,6a44dd5a-611c-4c72-8cff-5a4a3c009c80,6a4655ae-79a0-426d-bd1e-609d3c009500,60.0.156.128,60.0.129.196,,,,,,,,,,,,,,,,,,,,,,,,,,,,,,,,,,,,,,,,,,,,,,,,,,,,,,,,,,,,,,,,,,,,,,,,,,,,,,,,,,,,,,,,,,,,,,,,,,,,,,,,,,,,,,,,,,,,,,,,,,,,,,,,,,,,,,,,,,,,,,,
Surat Store,117185,133625137,Manual Stock,0,0,,2026-07-01,0,0,Active,Unpaid,,0,0,0,0,0.00,0,0,0,0,2026-07-01 11:29:16,2026-07-01 11:29:16,117185,Kitchen,,,,Gujarat,,,,,,,,,,,Gujarat,,,,,,,,,,,,,,"[{""item_id"":""23520025"",""unit"":""2418165"",""qty"":3,""itemname"":""Nori Sheets 50pcs"",""lbl_unit"":""Qty"",""description"":"""",""weighted_price"":0,""price"":0,""amount"":0,""hsn_code"":"""",""batchprefix"":"""",""existing_stock"":""3"",""current_stock"":""6"",""category"":""Food"",""sap_code"":"""",""tax_type"":0,""excise_duty"":0,""tax1_label"":""CGST"",""tax2_label"":""SGST"",""tax3_label"":""IGST""}]",[],0,0,,,[],[],,,,,,,,,,,,,,,,,,,,,,,,,,,,,,,,,,,,,,,,,,,,,,,,,,,,,,,,,,,,,,,,,,,,,,,,,,,,,,,,6a44acaf-9908-400d-93b0-35593c009c80,,1,,,,,,,,,,,,,,,,,,,,,,,,,,,,,,,,,,,,,,,,,,,,,,,,,,,,,,,,,,,,,,,,,,,,,,,,,,,,,,,,,,,,,,,,,,,,,,,,,,,,,,,,,,,,,,,,,,,,,,,,,,,,,,,,,,,,,,,,,,,,,,,,,,,,,,,,,,,,,,,,,,,,,,,,,,,,,,,,,,,,,,,,,,,,,,,,,,,,,,,,,,,,,,,,,,,,,,,,,,,,,,,,,,,,,,,,,,,,,,,,,,,,,,,,,,,,,,,,,,,,,,,,,,,,,,,,,,,,,,,,,,,,,,,,,,,,,,,,,,,,,,,,,,,,,,,,,,,,,,,,,,,,,,,,,,,,,,,,,,,,,,,,,,,,,,,,,,,,,,,,,,,,,,,,,,,,,,,,,,,,,,,,,,,,,,,,,,,,,,,,,,,,,,,,,,,,,,,,,,,,,,,,,,,,,,,,,,,,,,,,,,,,,,,,,,,,,,,,,,,,,,,,,,,,,,,,,,,,,,,,,,,,,,,,,,,,,,,,,,,,,,,,,,,,,,,,,,,,,,,,,,,,,60.0.156.128,,,,,,,,,,,,,,,,,,,,,,,,,,,,,,,,,,,,,,,,,,,,,,,,,,,,,,,,,,,,,,,,,,,,,,,,,,,,,,,,,,,,,,,,,,,,,,,,,,,,,,,,,,,,,,,,,,,,,,,,,,,,,,,,,,,,,,,,,,,,,,
Surat Store,117185,133623316,Manual Stock,0,0,,2026-07-01,0,0,Active,Unpaid,,0,0,0,0,0.00,0,0,0,0,2026-07-01 11:16:01,2026-07-01 11:16:01,117185,Kitchen,,,,Gujarat,,,,,,,,,,,Gujarat,,,,,,,,,,,,,,"[{""item_id"":""32493305"",""unit"":""4741262"",""qty"":149,""itemname"":""Black Garbage Bag 5kg"",""lbl_unit"":""Kgs"",""description"":"""",""weighted_price"":0,""price"":0,""amount"":0,""hsn_code"":"""",""batchprefix"":"""",""existing_stock"":""21"",""current_stock"":""170"",""category"":""Housekeeping Hygiene"",""sap_code"":"""",""tax_type"":0,""excise_duty"":0,""tax1_label"":""CGST"",""tax2_label"":""SGST"",""tax3_label"":""IGST""}]",[],0,0,,,[],[],,,,,,,,,,,,,,,,,,,,,,,,,,,,,,,,,,,,,,,,,,,,,,,,,,,,,,,,,,,,,,,,,,,,,,,,,,,,,,,,6a44a986-944c-48f9-8e53-73b23c008b43,,1,,,,,,,,,,,,,,,,,,,,,,,,,,,,,,,,,,,,,,,,,,,,,,,,,,,,,,,,,,,,,,,,,,,,,,,,,,,,,,,,,,,,,,,,,,,,,,,,,,,,,,,,,,,,,,,,,,,,,,,,,,,,,,,,,,,,,,,,,,,,,,,,,,,,,,,,,,,,,,,,,,,,,,,,,,,,,,,,,,,,,,,,,,,,,,,,,,,,,,,,,,,,,,,,,,,,,,,,,,,,,,,,,,,,,,,,,,,,,,,,,,,,,,,,,,,,,,,,,,,,,,,,,,,,,,,,,,,,,,,,,,,,,,,,,,,,,,,,,,,,,,,,,,,,,,,,,,,,,,,,,,,,,,,,,,,,,,,,,,,,,,,,,,,,,,,,,,,,,,,,,,,,,,,,,,,,,,,,,,,,,,,,,,,,,,,,,,,,,,,,,,,,,,,,,,,,,,,,,,,,,,,,,,,,,,,,,,,,,,,,,,,,,,,,,,,,,,,,,,,,,,,,,,,,,,,,,,,,,,,,,,,,,,,,,,,,,,,,,,,,,,,,,,,,,,,,,,,,,,,,,,,,,,60.0.156.128,,,,,,,,,,,,,,,,,,,,,,,,,,,,,,,,,,,,,,,,,,,,,,,,,,,,,,,,,,,,,,,,,,,,,,,,,,,,,,,,,,,,,,,,,,,,,,,,,,,,,,,,,,,,,,,,,,,,,,,,,,,,,,,,,,,,,,,,,,,,,
Surat Store,117185,133604961,Manual Stock,0,0,,2026-07-01,0,0,Active,Unpaid,,0,0,0,0,0.00,0,0,0,0,2026-07-01 01:00:53,2026-07-01 01:00:53,117185,Kitchen,,,,Gujarat,,,,,,,,,,,Gujarat,,,,,,,,,,,,,,"[{""item_id"":""39936745"",""unit"":""2418148"",""qty"":0.05,""itemname"":""Cloves"",""lbl_unit"":""Kg"",""description"":"""",""weighted_price"":0,""price"":0,""amount"":0,""hsn_code"":"""",""batchprefix"":"""",""existing_stock"":0.2,""current_stock"":0.25,""rmconv_qty"":""1000"",""rmconv_qty_total"":50,""rmconv_unit"":""GM"",""rmconv_unit_id"":""2418154"",""category"":""Food"",""sap_code"":"""",""tax_type"":0,""excise_duty"":0,""tax1_label"":""CGST"",""tax2_label"":""SGST"",""tax3_label"":""IGST""}]",[],0,0,,,[],[],,,,,,,,,,,,,,,,,,,,,,,,,,,,,,,,,,,,,,,,,,,,,,,,,,,,,,,,,,,,,,,,,,,,,,,,,,,,,,,,6a441965-90e0-4f8a-bcf7-40283c009e87,,1,,,,,,,,,,,,,,,,,,,,,,,,,,,,,,,,,,,,,,,,,,,,,,,,,,,,,,,,,,,,,,,,,,,,,,,,,,,,,,,,,,,,,,,,,,,,,,,,,,,,,,,,,,,,,,,,,,,,,,,,,,,,,,,,,,,,,,,,,,,,,,,,,,,,,,,,,,,,,,,,,,,,,,,,,,,,,,,,,,,,,,,,,,,,,,,,,,,,,,,,,,,,,,,,,,,,,,,,,,,,,,,,,,,,,,,,,,,,,,,,,,,,,,,,,,,,,,,,,,,,,,,,,,,,,,,,,,,,,,,,,,,,,,,,,,,,,,,,,,,,,,,,,,,,,,,,,,,,,,,,,,,,,,,,,,,,,,,,,,,,,,,,,,,,,,,,,,,,,,,,,,,,,,,,,,,,,,,,,,,,,,,,,,,,,,,,,,,,,,,,,,,,,,,,,,,,,,,,,,,,,,,,,,,,,,,,,,,,,,,,,,,,,,,,,,,,,,,,,,,,,,,,,,,,,,,,,,,,,,,,,,,,,,,,,,,,,,,,,,,,,,,,,,,,,,,,,,,,,,,,,,,,,,,60.0.158.135,,,,,,,,,,,,,,,,,,,,,,,,,,,,,,,,,,,,,,,,,,,,,,,,,,,,,,,,,,,,,,,,,,,,,,,,,,,,,,,,,,,,,,,,,,,,,,,,,,,,,,,,,,,,,,,,,,,,,,,,,,,,,,,,,,,,,,,,,,,,
Surat Store,117185,133604850,Manual Stock,0,0,,2026-07-01,0,0,Active,Unpaid,,0,0,0,0,0.00,0,0,0,0,2026-07-01 00:57:38,2026-07-01 00:57:38,117185,Kitchen,,,,Gujarat,,,,,,,,,,,Gujarat,,,,,,,,,,,,,,"[{""item_id"":""37820304"",""unit"":""2418165"",""qty"":1,""itemname"":""Mozzarella Cheese 1kg"",""lbl_unit"":""Qty"",""description"":"""",""weighted_price"":0,""price"":0,""amount"":0,""hsn_code"":"""",""batchprefix"":"""",""existing_stock"":""43"",""current_stock"":""44"",""category"":""Food"",""sap_code"":"""",""tax_type"":0,""excise_duty"":0,""tax1_label"":""CGST"",""tax2_label"":""SGST"",""tax3_label"":""IGST""}]",[],0,0,,,[],[],,,,,,,,,,,,,,,,,,,,,,,,,,,,,,,,,,,,,,,,,,,,,,,,,,,,,,,,,,,,,,,,,,,,,,,,,,,,,,,,6a4418a4-30cc-463b-a8e3-437d3c009e87,,1,,,,,,,,,,,,,,,,,,,,,,,,,,,,,,,,,,,,,,,,,,,,,,,,,,,,,,,,,,,,,,,,,,,,,,,,,,,,,,,,,,,,,,,,,,,,,,,,,,,,,,,,,,,,,,,,,,,,,,,,,,,,,,,,,,,,,,,,,,,,,,,,,,,,,,,,,,,,,,,,,,,,,,,,,,,,,,,,,,,,,,,,,,,,,,,,,,,,,,,,,,,,,,,,,,,,,,,,,,,,,,,,,,,,,,,,,,,,,,,,,,,,,,,,,,,,,,,,,,,,,,,,,,,,,,,,,,,,,,,,,,,,,,,,,,,,,,,,,,,,,,,,,,,,,,,,,,,,,,,,,,,,,,,,,,,,,,,,,,,,,,,,,,,,,,,,,,,,,,,,,,,,,,,,,,,,,,,,,,,,,,,,,,,,,,,,,,,,,,,,,,,,,,,,,,,,,,,,,,,,,,,,,,,,,,,,,,,,,,,,,,,,,,,,,,,,,,,,,,,,,,,,,,,,,,,,,,,,,,,,,,,,,,,,,,,,,,,,,,,,,,,,,,,,,,,,,,,,,,,,,,,,,,,,60.0.158.135,,,,,,,,,,,,,,,,,,,,,,,,,,,,,,,,,,,,,,,,,,,,,,,,,,,,,,,,,,,,,,,,,,,,,,,,,,,,,,,,,,,,,,,,,,,,,,,,,,,,,,,,,,,,,,,,,,,,,,,,,,,,,,,,,,,,,,,,,,,
Surat Store,117185,133604847,Manual Stock,0,0,,2026-07-01,0,0,Active,Unpaid,,0,0,0,0,0.00,0,0,0,0,2026-07-01 00:57:29,2026-07-01 00:57:29,117185,Kitchen,,,,Gujarat,,,,,,,,,,,Gujarat,,,,,,,,,,,,,,"[{""item_id"":""38726013"",""unit"":""2418165"",""qty"":1,""itemname"":""Onion Powder 400gm"",""lbl_unit"":""Qty"",""description"":"""",""weighted_price"":0,""price"":0,""amount"":0,""hsn_code"":"""",""batchprefix"":"""",""existing_stock"":""1"",""current_stock"":""2"",""category"":""Food"",""sap_code"":"""",""tax_type"":0,""excise_duty"":0,""tax1_label"":""CGST"",""tax2_label"":""SGST"",""tax3_label"":""IGST""}]",[],0,0,,,[],[],,,,,,,,,,,,,,,,,,,,,,,,,,,,,,,,,,,,,,,,,,,,,,,,,,,,,,,,,,,,,,,,,,,,,,,,,,,,,,,,6a44189b-d5e0-44b5-a13f-44613c009e87,,1,,,,,,,,,,,,,,,,,,,,,,,,,,,,,,,,,,,,,,,,,,,,,,,,,,,,,,,,,,,,,,,,,,,,,,,,,,,,,,,,,,,,,,,,,,,,,,,,,,,,,,,,,,,,,,,,,,,,,,,,,,,,,,,,,,,,,,,,,,,,,,,,,,,,,,,,,,,,,,,,,,,,,,,,,,,,,,,,,,,,,,,,,,,,,,,,,,,,,,,,,,,,,,,,,,,,,,,,,,,,,,,,,,,,,,,,,,,,,,,,,,,,,,,,,,,,,,,,,,,,,,,,,,,,,,,,,,,,,,,,,,,,,,,,,,,,,,,,,,,,,,,,,,,,,,,,,,,,,,,,,,,,,,,,,,,,,,,,,,,,,,,,,,,,,,,,,,,,,,,,,,,,,,,,,,,,,,,,,,,,,,,,,,,,,,,,,,,,,,,,,,,,,,,,,,,,,,,,,,,,,,,,,,,,,,,,,,,,,,,,,,,,,,,,,,,,,,,,,,,,,,,,,,,,,,,,,,,,,,,,,,,,,,,,,,,,,,,,,,,,,,,,,,,,,,,,,,,,,,,,,,,,,,,,,60.0.158.135,,,,,,,,,,,,,,,,,,,,,,,,,,,,,,,,,,,,,,,,,,,,,,,,,,,,,,,,,,,,,,,,,,,,,,,,,,,,,,,,,,,,,,,,,,,,,,,,,,,,,,,,,,,,,,,,,,,,,,,,,,,,,,,,,,,,,,,,,,
Surat Store,117185,133604822,Manual Stock,0,0,,2026-07-01,0,0,Active,Unpaid,,0,0,0,0,0.00,0,0,0,0,2026-07-01 00:56:34,2026-07-01 00:56:34,117185,Kitchen,,,,Gujarat,,,,,,,,,,,Gujarat,,,,,,,,,,,,,,"[{""item_id"":""37881360"",""unit"":""2418165"",""qty"":1,""itemname"":""Mothers Tamarind Paste 200gm"",""lbl_unit"":""Qty"",""description"":"""",""weighted_price"":0,""price"":0,""amount"":0,""hsn_code"":"""",""batchprefix"":"""",""existing_stock"":""38"",""current_stock"":""39"",""category"":""Food"",""sap_code"":"""",""tax_type"":0,""excise_duty"":0,""tax1_label"":""CGST"",""tax2_label"":""SGST"",""tax3_label"":""IGST""}]",[],0,0,,,[],[],,,,,,,,,,,,,,,,,,,,,,,,,,,,,,,,,,,,,,,,,,,,,,,,,,,,,,,,,,,,,,,,,,,,,,,,,,,,,,,,6a441863-9620-4d48-ae5e-425f3c009e87,,1,,,,,,,,,,,,,,,,,,,,,,,,,,,,,,,,,,,,,,,,,,,,,,,,,,,,,,,,,,,,,,,,,,,,,,,,,,,,,,,,,,,,,,,,,,,,,,,,,,,,,,,,,,,,,,,,,,,,,,,,,,,,,,,,,,,,,,,,,,,,,,,,,,,,,,,,,,,,,,,,,,,,,,,,,,,,,,,,,,,,,,,,,,,,,,,,,,,,,,,,,,,,,,,,,,,,,,,,,,,,,,,,,,,,,,,,,,,,,,,,,,,,,,,,,,,,,,,,,,,,,,,,,,,,,,,,,,,,,,,,,,,,,,,,,,,,,,,,,,,,,,,,,,,,,,,,,,,,,,,,,,,,,,,,,,,,,,,,,,,,,,,,,,,,,,,,,,,,,,,,,,,,,,,,,,,,,,,,,,,,,,,,,,,,,,,,,,,,,,,,,,,,,,,,,,,,,,,,,,,,,,,,,,,,,,,,,,,,,,,,,,,,,,,,,,,,,,,,,,,,,,,,,,,,,,,,,,,,,,,,,,,,,,,,,,,,,,,,,,,,,,,,,,,,,,,,,,,,,,,,,,,,,,,,,,60.0.158.135,,,,,,,,,,,,,,,,,,,,,,,,,,,,,,,,,,,,,,,,,,,,,,,,,,,,,,,,,,,,,,,,,,,,,,,,,,,,,,,,,,,,,,,,,,,,,,,,,,,,,,,,,,,,,,,,,,,,,,,,,,,,,,,,,,,,,,,,,
Surat Store,117185,133604791,Manual Stock,0,0,,2026-07-01,0,0,Active,Unpaid,,0,0,0,0,0.00,0,0,0,0,2026-07-01 00:55:45,2026-07-01 00:55:45,117185,Kitchen,,,,Gujarat,,,,,,,,,,,Gujarat,,,,,,,,,,,,,,"[{""item_id"":""45170618"",""unit"":""2418165"",""qty"":1,""itemname"":""Green Pisti 1kg"",""lbl_unit"":""Qty"",""description"":"""",""weighted_price"":0,""price"":0,""amount"":0,""hsn_code"":"""",""batchprefix"":"""",""existing_stock"":""0"",""current_stock"":""1"",""category"":""Food"",""sap_code"":"""",""tax_type"":0,""excise_duty"":0,""tax1_label"":""CGST"",""tax2_label"":""SGST"",""tax3_label"":""IGST""}]",[],0,0,,,[],[],,,,,,,,,,,,,,,,,,,,,,,,,,,,,,,,,,,,,,,,,,,,,,,,,,,,,,,,,,,,,,,,,,,,,,,,,,,,,,,,6a441835-aa84-47d8-99a2-430f3c009e87,,1,,,,,,,,,,,,,,,,,,,,,,,,,,,,,,,,,,,,,,,,,,,,,,,,,,,,,,,,,,,,,,,,,,,,,,,,,,,,,,,,,,,,,,,,,,,,,,,,,,,,,,,,,,,,,,,,,,,,,,,,,,,,,,,,,,,,,,,,,,,,,,,,,,,,,,,,,,,,,,,,,,,,,,,,,,,,,,,,,,,,,,,,,,,,,,,,,,,,,,,,,,,,,,,,,,,,,,,,,,,,,,,,,,,,,,,,,,,,,,,,,,,,,,,,,,,,,,,,,,,,,,,,,,,,,,,,,,,,,,,,,,,,,,,,,,,,,,,,,,,,,,,,,,,,,,,,,,,,,,,,,,,,,,,,,,,,,,,,,,,,,,,,,,,,,,,,,,,,,,,,,,,,,,,,,,,,,,,,,,,,,,,,,,,,,,,,,,,,,,,,,,,,,,,,,,,,,,,,,,,,,,,,,,,,,,,,,,,,,,,,,,,,,,,,,,,,,,,,,,,,,,,,,,,,,,,,,,,,,,,,,,,,,,,,,,,,,,,,,,,,,,,,,,,,,,,,,,,,,,,,,,,,,,,,,,,60.0.158.135,,,,,,,,,,,,,,,,,,,,,,,,,,,,,,,,,,,,,,,,,,,,,,,,,,,,,,,,,,,,,,,,,,,,,,,,,,,,,,,,,,,,,,,,,,,,,,,,,,,,,,,,,,,,,,,,,,,,,,,,,,,,,,,,,,,,,,,,
Surat Store,117185,133604788,Manual Stock,0,0,,2026-07-01,0,0,Active,Unpaid,,0,0,0,0,0.00,0,0,0,0,2026-07-01 00:55:37,2026-07-01 00:55:37,117185,Kitchen,,,,Gujarat,,,,,,,,,,,Gujarat,,,,,,,,,,,,,,"[{""item_id"":""32558797"",""unit"":""2418165"",""qty"":1,""itemname"":""Kitchen Roll"",""lbl_unit"":""Qty"",""description"":"""",""weighted_price"":0,""price"":0,""amount"":0,""hsn_code"":"""",""batchprefix"":"""",""existing_stock"":""107"",""current_stock"":""108"",""category"":""Housekeeping Hygiene"",""sap_code"":"""",""tax_type"":0,""excise_duty"":0,""tax1_label"":""CGST"",""tax2_label"":""SGST"",""tax3_label"":""IGST""}]",[],0,0,,,[],[],,,,,,,,,,,,,,,,,,,,,,,,,,,,,,,,,,,,,,,,,,,,,,,,,,,,,,,,,,,,,,,,,,,,,,,,,,,,,,,,6a44182c-17b8-4c0f-b816-40523c009e87,,1,,,,,,,,,,,,,,,,,,,,,,,,,,,,,,,,,,,,,,,,,,,,,,,,,,,,,,,,,,,,,,,,,,,,,,,,,,,,,,,,,,,,,,,,,,,,,,,,,,,,,,,,,,,,,,,,,,,,,,,,,,,,,,,,,,,,,,,,,,,,,,,,,,,,,,,,,,,,,,,,,,,,,,,,,,,,,,,,,,,,,,,,,,,,,,,,,,,,,,,,,,,,,,,,,,,,,,,,,,,,,,,,,,,,,,,,,,,,,,,,,,,,,,,,,,,,,,,,,,,,,,,,,,,,,,,,,,,,,,,,,,,,,,,,,,,,,,,,,,,,,,,,,,,,,,,,,,,,,,,,,,,,,,,,,,,,,,,,,,,,,,,,,,,,,,,,,,,,,,,,,,,,,,,,,,,,,,,,,,,,,,,,,,,,,,,,,,,,,,,,,,,,,,,,,,,,,,,,,,,,,,,,,,,,,,,,,,,,,,,,,,,,,,,,,,,,,,,,,,,,,,,,,,,,,,,,,,,,,,,,,,,,,,,,,,,,,,,,,,,,,,,,,,,,,,,,,,,,,,,,,,,,,,,,,,,,60.0.158.135,,,,,,,,,,,,,,,,,,,,,,,,,,,,,,,,,,,,,,,,,,,,,,,,,,,,,,,,,,,,,,,,,,,,,,,,,,,,,,,,,,,,,,,,,,,,,,,,,,,,,,,,,,,,,,,,,,,,,,,,,,,,,,,,,,,,,,,
Surat Store,117185,133604781,Manual Stock,0,0,,2026-07-01,0,0,Active,Unpaid,,0,0,0,0,0.00,0,0,0,0,2026-07-01 00:55:28,2026-07-01 00:55:28,117185,Kitchen,,,,Gujarat,,,,,,,,,,,Gujarat,,,,,,,,,,,,,,"[{""item_id"":""37874510"",""unit"":""2418165"",""qty"":1,""itemname"":""Semolina Pasta Flour 1kg"",""lbl_unit"":""Qty"",""description"":"""",""weighted_price"":0,""price"":0,""amount"":0,""hsn_code"":"""",""batchprefix"":"""",""existing_stock"":""0"",""current_stock"":""1"",""category"":""Food"",""sap_code"":"""",""tax_type"":0,""excise_duty"":0,""tax1_label"":""CGST"",""tax2_label"":""SGST"",""tax3_label"":""IGST""}]",[],0,0,,,[],[],,,,,,,,,,,,,,,,,,,,,,,,,,,,,,,,,,,,,,,,,,,,,,,,,,,,,,,,,,,,,,,,,,,,,,,,,,,,,,,,6a441822-7904-429c-b3a7-422a3c009e87,,1,,,,,,,,,,,,,,,,,,,,,,,,,,,,,,,,,,,,,,,,,,,,,,,,,,,,,,,,,,,,,,,,,,,,,,,,,,,,,,,,,,,,,,,,,,,,,,,,,,,,,,,,,,,,,,,,,,,,,,,,,,,,,,,,,,,,,,,,,,,,,,,,,,,,,,,,,,,,,,,,,,,,,,,,,,,,,,,,,,,,,,,,,,,,,,,,,,,,,,,,,,,,,,,,,,,,,,,,,,,,,,,,,,,,,,,,,,,,,,,,,,,,,,,,,,,,,,,,,,,,,,,,,,,,,,,,,,,,,,,,,,,,,,,,,,,,,,,,,,,,,,,,,,,,,,,,,,,,,,,,,,,,,,,,,,,,,,,,,,,,,,,,,,,,,,,,,,,,,,,,,,,,,,,,,,,,,,,,,,,,,,,,,,,,,,,,,,,,,,,,,,,,,,,,,,,,,,,,,,,,,,,,,,,,,,,,,,,,,,,,,,,,,,,,,,,,,,,,,,,,,,,,,,,,,,,,,,,,,,,,,,,,,,,,,,,,,,,,,,,,,,,,,,,,,,,,,,,,,,,,,,,,,,,,,,,,,60.0.158.135,,,,,,,,,,,,,,,,,,,,,,,,,,,,,,,,,,,,,,,,,,,,,,,,,,,,,,,,,,,,,,,,,,,,,,,,,,,,,,,,,,,,,,,,,,,,,,,,,,,,,,,,,,,,,,,,,,,,,,,,,,,,,,,,,,,,,,
Surat Store,117185,133604760,Manual Stock,0,0,,2026-07-01,0,0,Active,Unpaid,,0,0,0,0,0.00,0,0,0,0,2026-07-01 00:54:40,2026-07-01 00:54:40,117185,Kitchen,,,,Gujarat,,,,,,,,,,,Gujarat,,,,,,,,,,,,,,"[{""item_id"":""38736930"",""unit"":""2418165"",""qty"":1,""itemname"":""Chilli Bean Sauce 2kg"",""lbl_unit"":""Qty"",""description"":"""",""weighted_price"":0,""price"":0,""amount"":0,""hsn_code"":"""",""batchprefix"":"""",""existing_stock"":""7"",""current_stock"":""8"",""category"":""Food"",""sap_code"":"""",""tax_type"":0,""excise_duty"":0,""tax1_label"":""CGST"",""tax2_label"":""SGST"",""tax3_label"":""IGST""}]",[],0,0,,,[],[],,,,,,,,,,,,,,,,,,,,,,,,,,,,,,,,,,,,,,,,,,,,,,,,,,,,,,,,,,,,,,,,,,,,,,,,,,,,,,,,6a4417f3-a4f4-42ce-aaf0-430f3c009e87,,1,,,,,,,,,,,,,,,,,,,,,,,,,,,,,,,,,,,,,,,,,,,,,,,,,,,,,,,,,,,,,,,,,,,,,,,,,,,,,,,,,,,,,,,,,,,,,,,,,,,,,,,,,,,,,,,,,,,,,,,,,,,,,,,,,,,,,,,,,,,,,,,,,,,,,,,,,,,,,,,,,,,,,,,,,,,,,,,,,,,,,,,,,,,,,,,,,,,,,,,,,,,,,,,,,,,,,,,,,,,,,,,,,,,,,,,,,,,,,,,,,,,,,,,,,,,,,,,,,,,,,,,,,,,,,,,,,,,,,,,,,,,,,,,,,,,,,,,,,,,,,,,,,,,,,,,,,,,,,,,,,,,,,,,,,,,,,,,,,,,,,,,,,,,,,,,,,,,,,,,,,,,,,,,,,,,,,,,,,,,,,,,,,,,,,,,,,,,,,,,,,,,,,,,,,,,,,,,,,,,,,,,,,,,,,,,,,,,,,,,,,,,,,,,,,,,,,,,,,,,,,,,,,,,,,,,,,,,,,,,,,,,,,,,,,,,,,,,,,,,,,,,,,,,,,,,,,,,,,,,,,,,,,,,,,,,,,,60.0.158.135,,,,,,,,,,,,,,,,,,,,,,,,,,,,,,,,,,,,,,,,,,,,,,,,,,,,,,,,,,,,,,,,,,,,,,,,,,,,,,,,,,,,,,,,,,,,,,,,,,,,,,,,,,,,,,,,,,,,,,,,,,,,,,,,,,,,,
Surat Store,117185,133604757,Manual Stock,0,0,,2026-07-01,0,0,Active,Unpaid,,0,0,0,0,0.00,0,0,0,0,2026-07-01 00:54:31,2026-07-01 00:54:31,117185,Kitchen,,,,Gujarat,,,,,,,,,,,Gujarat,,,,,,,,,,,,,,"[{""item_id"":""39232993"",""unit"":""2418165"",""qty"":1,""itemname"":""Glaze Vingar 250gm"",""lbl_unit"":""Qty"",""description"":"""",""weighted_price"":0,""price"":0,""amount"":0,""hsn_code"":"""",""batchprefix"":"""",""existing_stock"":""14"",""current_stock"":""15"",""category"":""Food"",""sap_code"":"""",""tax_type"":0,""excise_duty"":0,""tax1_label"":""CGST"",""tax2_label"":""SGST"",""tax3_label"":""IGST""}]",[],0,0,,,[],[],,,,,,,,,,,,,,,,,,,,,,,,,,,,,,,,,,,,,,,,,,,,,,,,,,,,,,,,,,,,,,,,,,,,,,,,,,,,,,,,6a4417e9-78d8-4e68-ab2e-41bc3c009e87,,1,,,,,,,,,,,,,,,,,,,,,,,,,,,,,,,,,,,,,,,,,,,,,,,,,,,,,,,,,,,,,,,,,,,,,,,,,,,,,,,,,,,,,,,,,,,,,,,,,,,,,,,,,,,,,,,,,,,,,,,,,,,,,,,,,,,,,,,,,,,,,,,,,,,,,,,,,,,,,,,,,,,,,,,,,,,,,,,,,,,,,,,,,,,,,,,,,,,,,,,,,,,,,,,,,,,,,,,,,,,,,,,,,,,,,,,,,,,,,,,,,,,,,,,,,,,,,,,,,,,,,,,,,,,,,,,,,,,,,,,,,,,,,,,,,,,,,,,,,,,,,,,,,,,,,,,,,,,,,,,,,,,,,,,,,,,,,,,,,,,,,,,,,,,,,,,,,,,,,,,,,,,,,,,,,,,,,,,,,,,,,,,,,,,,,,,,,,,,,,,,,,,,,,,,,,,,,,,,,,,,,,,,,,,,,,,,,,,,,,,,,,,,,,,,,,,,,,,,,,,,,,,,,,,,,,,,,,,,,,,,,,,,,,,,,,,,,,,,,,,,,,,,,,,,,,,,,,,,,,,,,,,,,,,,,,,,,,,60.0.158.135,,,,,,,,,,,,,,,,,,,,,,,,,,,,,,,,,,,,,,,,,,,,,,,,,,,,,,,,,,,,,,,,,,,,,,,,,,,,,,,,,,,,,,,,,,,,,,,,,,,,,,,,,,,,,,,,,,,,,,,,,,,,,,,,,,,,
Surat Store,117185,133604751,Manual Stock,0,0,,2026-07-01,0,0,Active,Unpaid,,0,0,0,0,0.00,0,0,0,0,2026-07-01 00:54:22,2026-07-01 00:54:22,117185,Kitchen,,,,Gujarat,,,,,,,,,,,Gujarat,,,,,,,,,,,,,,"[{""item_id"":""38726014"",""unit"":""2418165"",""qty"":1,""itemname"":""Garlic Powder 400gm"",""lbl_unit"":""Qty"",""description"":"""",""weighted_price"":0,""price"":0,""amount"":0,""hsn_code"":"""",""batchprefix"":"""",""existing_stock"":""5"",""current_stock"":""6"",""category"":""Food"",""sap_code"":"""",""tax_type"":0,""excise_duty"":0,""tax1_label"":""CGST"",""tax2_label"":""SGST"",""tax3_label"":""IGST""}]",[],0,0,,,[],[],,,,,,,,,,,,,,,,,,,,,,,,,,,,,,,,,,,,,,,,,,,,,,,,,,,,,,,,,,,,,,,,,,,,,,,,,,,,,,,,6a4417e0-f4e0-41a2-b692-43a13c009e87,,1,,,,,,,,,,,,,,,,,,,,,,,,,,,,,,,,,,,,,,,,,,,,,,,,,,,,,,,,,,,,,,,,,,,,,,,,,,,,,,,,,,,,,,,,,,,,,,,,,,,,,,,,,,,,,,,,,,,,,,,,,,,,,,,,,,,,,,,,,,,,,,,,,,,,,,,,,,,,,,,,,,,,,,,,,,,,,,,,,,,,,,,,,,,,,,,,,,,,,,,,,,,,,,,,,,,,,,,,,,,,,,,,,,,,,,,,,,,,,,,,,,,,,,,,,,,,,,,,,,,,,,,,,,,,,,,,,,,,,,,,,,,,,,,,,,,,,,,,,,,,,,,,,,,,,,,,,,,,,,,,,,,,,,,,,,,,,,,,,,,,,,,,,,,,,,,,,,,,,,,,,,,,,,,,,,,,,,,,,,,,,,,,,,,,,,,,,,,,,,,,,,,,,,,,,,,,,,,,,,,,,,,,,,,,,,,,,,,,,,,,,,,,,,,,,,,,,,,,,,,,,,,,,,,,,,,,,,,,,,,,,,,,,,,,,,,,,,,,,,,,,,,,,,,,,,,,,,,,,,,,,,,,,,,,,,,,,,,,60.0.158.135,,,,,,,,,,,,,,,,,,,,,,,,,,,,,,,,,,,,,,,,,,,,,,,,,,,,,,,,,,,,,,,,,,,,,,,,,,,,,,,,,,,,,,,,,,,,,,,,,,,,,,,,,,,,,,,,,,,,,,,,,,,,,,,,,,,
Surat Store,117185,133604747,Manual Stock,0,0,,2026-07-01,0,0,Active,Unpaid,,0,0,0,0,0.00,0,0,0,0,2026-07-01 00:54:13,2026-07-01 00:54:13,117185,Kitchen,,,,Gujarat,,,,,,,,,,,Gujarat,,,,,,,,,,,,,,"[{""item_id"":""43720463"",""unit"":""2418165"",""qty"":1,""itemname"":""Fusilli Pasta 500gm"",""lbl_unit"":""Qty"",""description"":"""",""weighted_price"":0,""price"":0,""amount"":0,""hsn_code"":"""",""batchprefix"":"""",""existing_stock"":""10"",""current_stock"":""11"",""category"":""Food"",""sap_code"":"""",""tax_type"":0,""excise_duty"":0,""tax1_label"":""CGST"",""tax2_label"":""SGST"",""tax3_label"":""IGST""}]",[],0,0,,,[],[],,,,,,,,,,,,,,,,,,,,,,,,,,,,,,,,,,,,,,,,,,,,,,,,,,,,,,,,,,,,,,,,,,,,,,,,,,,,,,,,6a4417d8-41d0-4a45-a55a-437d3c009e87,,1,,,,,,,,,,,,,,,,,,,,,,,,,,,,,,,,,,,,,,,,,,,,,,,,,,,,,,,,,,,,,,,,,,,,,,,,,,,,,,,,,,,,,,,,,,,,,,,,,,,,,,,,,,,,,,,,,,,,,,,,,,,,,,,,,,,,,,,,,,,,,,,,,,,,,,,,,,,,,,,,,,,,,,,,,,,,,,,,,,,,,,,,,,,,,,,,,,,,,,,,,,,,,,,,,,,,,,,,,,,,,,,,,,,,,,,,,,,,,,,,,,,,,,,,,,,,,,,,,,,,,,,,,,,,,,,,,,,,,,,,,,,,,,,,,,,,,,,,,,,,,,,,,,,,,,,,,,,,,,,,,,,,,,,,,,,,,,,,,,,,,,,,,,,,,,,,,,,,,,,,,,,,,,,,,,,,,,,,,,,,,,,,,,,,,,,,,,,,,,,,,,,,,,,,,,,,,,,,,,,,,,,,,,,,,,,,,,,,,,,,,,,,,,,,,,,,,,,,,,,,,,,,,,,,,,,,,,,,,,,,,,,,,,,,,,,,,,,,,,,,,,,,,,,,,,,,,,,,,,,,,,,,,,,,,,,,,,,,,60.0.158.135,,,,,,,,,,,,,,,,,,,,,,,,,,,,,,,,,,,,,,,,,,,,,,,,,,,,,,,,,,,,,,,,,,,,,,,,,,,,,,,,,,,,,,,,,,,,,,,,,,,,,,,,,,,,,,,,,,,,,,,,,,,,,,,,,,
Surat Store,117185,133604724,Manual Stock,0,0,,2026-07-01,0,0,Active,Unpaid,,0,0,0,0,0.00,0,0,0,0,2026-07-01 00:53:11,2026-07-01 00:53:11,117185,Kitchen,,,,Gujarat,,,,,,,,,,,Gujarat,,,,,,,,,,,,,,"[{""item_id"":""38690863"",""unit"":""2418165"",""qty"":1,""itemname"":""Brie Cheese"",""lbl_unit"":""Qty"",""description"":"""",""weighted_price"":0,""price"":0,""amount"":0,""hsn_code"":"""",""batchprefix"":"""",""existing_stock"":""2"",""current_stock"":""3"",""category"":""Food"",""sap_code"":"""",""tax_type"":0,""excise_duty"":0,""tax1_label"":""CGST"",""tax2_label"":""SGST"",""tax3_label"":""IGST""}]",[],0,0,,,[],[],,,,,,,,,,,,,,,,,,,,,,,,,,,,,,,,,,,,,,,,,,,,,,,,,,,,,,,,,,,,,,,,,,,,,,,,,,,,,,,,6a44178c-8688-4764-b5c5-43053c009e87,,1,,,,,,,,,,,,,,,,,,,,,,,,,,,,,,,,,,,,,,,,,,,,,,,,,,,,,,,,,,,,,,,,,,,,,,,,,,,,,,,,,,,,,,,,,,,,,,,,,,,,,,,,,,,,,,,,,,,,,,,,,,,,,,,,,,,,,,,,,,,,,,,,,,,,,,,,,,,,,,,,,,,,,,,,,,,,,,,,,,,,,,,,,,,,,,,,,,,,,,,,,,,,,,,,,,,,,,,,,,,,,,,,,,,,,,,,,,,,,,,,,,,,,,,,,,,,,,,,,,,,,,,,,,,,,,,,,,,,,,,,,,,,,,,,,,,,,,,,,,,,,,,,,,,,,,,,,,,,,,,,,,,,,,,,,,,,,,,,,,,,,,,,,,,,,,,,,,,,,,,,,,,,,,,,,,,,,,,,,,,,,,,,,,,,,,,,,,,,,,,,,,,,,,,,,,,,,,,,,,,,,,,,,,,,,,,,,,,,,,,,,,,,,,,,,,,,,,,,,,,,,,,,,,,,,,,,,,,,,,,,,,,,,,,,,,,,,,,,,,,,,,,,,,,,,,,,,,,,,,,,,,,,,,,,,,,,,,,,,,60.0.158.135,,,,,,,,,,,,,,,,,,,,,,,,,,,,,,,,,,,,,,,,,,,,,,,,,,,,,,,,,,,,,,,,,,,,,,,,,,,,,,,,,,,,,,,,,,,,,,,,,,,,,,,,,,,,,,,,,,,,,,,,,,,,,,,,,
Surat Store,117185,133604698,Manual Stock,0,0,,2026-07-01,0,0,Active,Unpaid,,0,0,0,0,0.00,0,0,0,0,2026-07-01 00:52:29,2026-07-01 00:52:29,117185,Kitchen,,,,Gujarat,,,,,,,,,,,Gujarat,,,,,,,,,,,,,,"[{""item_id"":""28124937"",""unit"":""2418165"",""qty"":1,""itemname"":""Bucatini Pasta 500 Gm"",""lbl_unit"":""Qty"",""description"":"""",""weighted_price"":0,""price"":0,""amount"":0,""hsn_code"":"""",""batchprefix"":"""",""existing_stock"":""98"",""current_stock"":""99"",""category"":""Food"",""sap_code"":"""",""tax_type"":0,""excise_duty"":0,""tax1_label"":""CGST"",""tax2_label"":""SGST"",""tax3_label"":""IGST""}]",[],0,0,,,[],[],,,,,,,,,,,,,,,,,,,,,,,,,,,,,,,,,,,,,,,,,,,,,,,,,,,,,,,,,,,,,,,,,,,,,,,,,,,,,,,,6a44176f-66d4-4fe8-ac10-43d73c009e87,,1,,,,,,,,,,,,,,,,,,,,,,,,,,,,,,,,,,,,,,,,,,,,,,,,,,,,,,,,,,,,,,,,,,,,,,,,,,,,,,,,,,,,,,,,,,,,,,,,,,,,,,,,,,,,,,,,,,,,,,,,,,,,,,,,,,,,,,,,,,,,,,,,,,,,,,,,,,,,,,,,,,,,,,,,,,,,,,,,,,,,,,,,,,,,,,,,,,,,,,,,,,,,,,,,,,,,,,,,,,,,,,,,,,,,,,,,,,,,,,,,,,,,,,,,,,,,,,,,,,,,,,,,,,,,,,,,,,,,,,,,,,,,,,,,,,,,,,,,,,,,,,,,,,,,,,,,,,,,,,,,,,,,,,,,,,,,,,,,,,,,,,,,,,,,,,,,,,,,,,,,,,,,,,,,,,,,,,,,,,,,,,,,,,,,,,,,,,,,,,,,,,,,,,,,,,,,,,,,,,,,,,,,,,,,,,,,,,,,,,,,,,,,,,,,,,,,,,,,,,,,,,,,,,,,,,,,,,,,,,,,,,,,,,,,,,,,,,,,,,,,,,,,,,,,,,,,,,,,,,,,,,,,,,,,,,,,,,,,,,,60.0.158.135,,,,,,,,,,,,,,,,,,,,,,,,,,,,,,,,,,,,,,,,,,,,,,,,,,,,,,,,,,,,,,,,,,,,,,,,,,,,,,,,,,,,,,,,,,,,,,,,,,,,,,,,,,,,,,,,,,,,,,,,,,,,,,,,
Surat Store,117185,133604676,Manual Stock,0,0,,2026-07-01,0,0,Active,Unpaid,,0,0,0,0,0.00,0,0,0,0,2026-07-01 00:51:50,2026-07-01 00:51:50,117185,Kitchen,,,,Gujarat,,,,,,,,,,,Gujarat,,,,,,,,,,,,,,"[{""item_id"":""38071578"",""unit"":""2418165"",""qty"":1,""itemname"":""Black Truffle Pate 90gm"",""lbl_unit"":""Qty"",""description"":"""",""weighted_price"":0,""price"":0,""amount"":0,""hsn_code"":"""",""batchprefix"":"""",""existing_stock"":""35"",""current_stock"":""36"",""category"":""Food"",""sap_code"":"""",""tax_type"":0,""excise_duty"":0,""tax1_label"":""CGST"",""tax2_label"":""SGST"",""tax3_label"":""IGST""}]",[],0,0,,,[],[],,,,,,,,,,,,,,,,,,,,,,,,,,,,,,,,,,,,,,,,,,,,,,,,,,,,,,,,,,,,,,,,,,,,,,,,,,,,,,,,6a441748-fa20-4689-8ca2-437d3c009e87,,1,,,,,,,,,,,,,,,,,,,,,,,,,,,,,,,,,,,,,,,,,,,,,,,,,,,,,,,,,,,,,,,,,,,,,,,,,,,,,,,,,,,,,,,,,,,,,,,,,,,,,,,,,,,,,,,,,,,,,,,,,,,,,,,,,,,,,,,,,,,,,,,,,,,,,,,,,,,,,,,,,,,,,,,,,,,,,,,,,,,,,,,,,,,,,,,,,,,,,,,,,,,,,,,,,,,,,,,,,,,,,,,,,,,,,,,,,,,,,,,,,,,,,,,,,,,,,,,,,,,,,,,,,,,,,,,,,,,,,,,,,,,,,,,,,,,,,,,,,,,,,,,,,,,,,,,,,,,,,,,,,,,,,,,,,,,,,,,,,,,,,,,,,,,,,,,,,,,,,,,,,,,,,,,,,,,,,,,,,,,,,,,,,,,,,,,,,,,,,,,,,,,,,,,,,,,,,,,,,,,,,,,,,,,,,,,,,,,,,,,,,,,,,,,,,,,,,,,,,,,,,,,,,,,,,,,,,,,,,,,,,,,,,,,,,,,,,,,,,,,,,,,,,,,,,,,,,,,,,,,,,,,,,,,,,,,,,,,,,,,,60.0.158.135,,,,,,,,,,,,,,,,,,,,,,,,,,,,,,,,,,,,,,,,,,,,,,,,,,,,,,,,,,,,,,,,,,,,,,,,,,,,,,,,,,,,,,,,,,,,,,,,,,,,,,,,,,,,,,,,,,,,,,,,,,,,,,,
Surat Store,117185,133604673,Manual Stock,0,0,,2026-07-01,0,0,Active,Unpaid,,0,0,0,0,0.00,0,0,0,0,2026-07-01 00:51:39,2026-07-01 00:51:39,117185,Kitchen,,,,Gujarat,,,,,,,,,,,Gujarat,,,,,,,,,,,,,,"[{""item_id"":""40146422"",""unit"":""2418148"",""qty"":1,""itemname"":""Almond 1kg"",""lbl_unit"":""Kg"",""description"":"""",""weighted_price"":0,""price"":0,""amount"":0,""hsn_code"":"""",""batchprefix"":"""",""existing_stock"":""12"",""current_stock"":""13"",""category"":""Food"",""sap_code"":"""",""tax_type"":0,""excise_duty"":0,""tax1_label"":""CGST"",""tax2_label"":""SGST"",""tax3_label"":""IGST""}]",[],0,0,,,[],[],,,,,,,,,,,,,,,,,,,,,,,,,,,,,,,,,,,,,,,,,,,,,,,,,,,,,,,,,,,,,,,,,,,,,,,,,,,,,,,,6a44173d-7430-4204-8971-40523c009e87,,1,,,,,,,,,,,,,,,,,,,,,,,,,,,,,,,,,,,,,,,,,,,,,,,,,,,,,,,,,,,,,,,,,,,,,,,,,,,,,,,,,,,,,,,,,,,,,,,,,,,,,,,,,,,,,,,,,,,,,,,,,,,,,,,,,,,,,,,,,,,,,,,,,,,,,,,,,,,,,,,,,,,,,,,,,,,,,,,,,,,,,,,,,,,,,,,,,,,,,,,,,,,,,,,,,,,,,,,,,,,,,,,,,,,,,,,,,,,,,,,,,,,,,,,,,,,,,,,,,,,,,,,,,,,,,,,,,,,,,,,,,,,,,,,,,,,,,,,,,,,,,,,,,,,,,,,,,,,,,,,,,,,,,,,,,,,,,,,,,,,,,,,,,,,,,,,,,,,,,,,,,,,,,,,,,,,,,,,,,,,,,,,,,,,,,,,,,,,,,,,,,,,,,,,,,,,,,,,,,,,,,,,,,,,,,,,,,,,,,,,,,,,,,,,,,,,,,,,,,,,,,,,,,,,,,,,,,,,,,,,,,,,,,,,,,,,,,,,,,,,,,,,,,,,,,,,,,,,,,,,,,,,,,,,,,,,,,,,,,,,,,60.0.158.135,,,,,,,,,,,,,,,,,,,,,,,,,,,,,,,,,,,,,,,,,,,,,,,,,,,,,,,,,,,,,,,,,,,,,,,,,,,,,,,,,,,,,,,,,,,,,,,,,,,,,,,,,,,,,,,,,,,,,,,,,,,,,,
Surat Store,117185,133604666,Manual Stock,0,0,,2026-07-01,0,0,Active,Unpaid,,0,0,0,0,0.00,0,0,0,0,2026-07-01 00:51:29,2026-07-01 00:51:29,117185,Kitchen,,,,Gujarat,,,,,,,,,,,Gujarat,,,,,,,,,,,,,,"[{""item_id"":""37836688"",""unit"":""2418165"",""qty"":1,""itemname"":""00 Flour 20kg Bag"",""lbl_unit"":""Qty"",""description"":"""",""weighted_price"":0,""price"":0,""amount"":0,""hsn_code"":"""",""batchprefix"":"""",""existing_stock"":""46"",""current_stock"":""47"",""category"":""Food"",""sap_code"":"""",""tax_type"":0,""excise_duty"":0,""tax1_label"":""CGST"",""tax2_label"":""SGST"",""tax3_label"":""IGST""}]",[],0,0,,,[],[],,,,,,,,,,,,,,,,,,,,,,,,,,,,,,,,,,,,,,,,,,,,,,,,,,,,,,,,,,,,,,,,,,,,,,,,,,,,,,,,6a441734-d5b4-44e0-83aa-435f3c009e87,,1,,,,,,,,,,,,,,,,,,,,,,,,,,,,,,,,,,,,,,,,,,,,,,,,,,,,,,,,,,,,,,,,,,,,,,,,,,,,,,,,,,,,,,,,,,,,,,,,,,,,,,,,,,,,,,,,,,,,,,,,,,,,,,,,,,,,,,,,,,,,,,,,,,,,,,,,,,,,,,,,,,,,,,,,,,,,,,,,,,,,,,,,,,,,,,,,,,,,,,,,,,,,,,,,,,,,,,,,,,,,,,,,,,,,,,,,,,,,,,,,,,,,,,,,,,,,,,,,,,,,,,,,,,,,,,,,,,,,,,,,,,,,,,,,,,,,,,,,,,,,,,,,,,,,,,,,,,,,,,,,,,,,,,,,,,,,,,,,,,,,,,,,,,,,,,,,,,,,,,,,,,,,,,,,,,,,,,,,,,,,,,,,,,,,,,,,,,,,,,,,,,,,,,,,,,,,,,,,,,,,,,,,,,,,,,,,,,,,,,,,,,,,,,,,,,,,,,,,,,,,,,,,,,,,,,,,,,,,,,,,,,,,,,,,,,,,,,,,,,,,,,,,,,,,,,,,,,,,,,,,,,,,,,,,,,,,,,,,,,,,,,60.0.158.135,,,,,,,,,,,,,,,,,,,,,,,,,,,,,,,,,,,,,,,,,,,,,,,,,,,,,,,,,,,,,,,,,,,,,,,,,,,,,,,,,,,,,,,,,,,,,,,,,,,,,,,,,,,,,,,,,,,,,,,,,,,,,
Surat Store,117185,133604658,Manual Stock,0,0,,2026-07-01,0,0,Active,Unpaid,,0,0,0,0,0.00,0,0,0,0,2026-07-01 00:51:20,2026-07-01 00:51:20,117185,Kitchen,,,,Gujarat,,,,,,,,,,,Gujarat,,,,,,,,,,,,,,"[{""item_id"":""40416543"",""unit"":""2418165"",""qty"":1,""itemname"":""Brown Sugar 1 Kg"",""lbl_unit"":""Qty"",""description"":"""",""weighted_price"":0,""price"":0,""amount"":0,""hsn_code"":"""",""batchprefix"":"""",""existing_stock"":""77"",""current_stock"":""78"",""category"":""Food"",""sap_code"":"""",""tax_type"":0,""excise_duty"":0,""tax1_label"":""CGST"",""tax2_label"":""SGST"",""tax3_label"":""IGST""}]",[],0,0,,,[],[],,,,,,,,,,,,,,,,,,,,,,,,,,,,,,,,,,,,,,,,,,,,,,,,,,,,,,,,,,,,,,,,,,,,,,,,,,,,,,,,6a44172a-5930-492b-b182-429d3c009e87,,1,,,,,,,,,,,,,,,,,,,,,,,,,,,,,,,,,,,,,,,,,,,,,,,,,,,,,,,,,,,,,,,,,,,,,,,,,,,,,,,,,,,,,,,,,,,,,,,,,,,,,,,,,,,,,,,,,,,,,,,,,,,,,,,,,,,,,,,,,,,,,,,,,,,,,,,,,,,,,,,,,,,,,,,,,,,,,,,,,,,,,,,,,,,,,,,,,,,,,,,,,,,,,,,,,,,,,,,,,,,,,,,,,,,,,,,,,,,,,,,,,,,,,,,,,,,,,,,,,,,,,,,,,,,,,,,,,,,,,,,,,,,,,,,,,,,,,,,,,,,,,,,,,,,,,,,,,,,,,,,,,,,,,,,,,,,,,,,,,,,,,,,,,,,,,,,,,,,,,,,,,,,,,,,,,,,,,,,,,,,,,,,,,,,,,,,,,,,,,,,,,,,,,,,,,,,,,,,,,,,,,,,,,,,,,,,,,,,,,,,,,,,,,,,,,,,,,,,,,,,,,,,,,,,,,,,,,,,,,,,,,,,,,,,,,,,,,,,,,,,,,,,,,,,,,,,,,,,,,,,,,,,,,,,,,,,,,,,,,,,,,,,60.0.158.135,,,,,,,,,,,,,,,,,,,,,,,,,,,,,,,,,,,,,,,,,,,,,,,,,,,,,,,,,,,,,,,,,,,,,,,,,,,,,,,,,,,,,,,,,,,,,,,,,,,,,,,,,,,,,,,,,,,,,,,,,,,,
Surat Store,117185,133604654,Manual Stock,0,0,,2026-07-01,0,0,Active,Unpaid,,0,0,0,0,0.00,0,0,0,0,2026-07-01 00:51:10,2026-07-01 00:51:10,117185,Kitchen,,,,Gujarat,,,,,,,,,,,Gujarat,,,,,,,,,,,,,,"[{""item_id"":""39233003"",""unit"":""2418165"",""qty"":1,""itemname"":""Balsamic Vinegar 500 Gm"",""lbl_unit"":""Qty"",""description"":"""",""weighted_price"":0,""price"":0,""amount"":0,""hsn_code"":"""",""batchprefix"":"""",""existing_stock"":""7"",""current_stock"":""8"",""category"":""Food"",""sap_code"":"""",""tax_type"":0,""excise_duty"":0,""tax1_label"":""CGST"",""tax2_label"":""SGST"",""tax3_label"":""IGST""}]",[],0,0,,,[],[],,,,,,,,,,,,,,,,,,,,,,,,,,,,,,,,,,,,,,,,,,,,,,,,,,,,,,,,,,,,,,,,,,,,,,,,,,,,,,,,6a441720-66c8-4ca4-88b3-429d3c009e87,,1,,,,,,,,,,,,,,,,,,,,,,,,,,,,,,,,,,,,,,,,,,,,,,,,,,,,,,,,,,,,,,,,,,,,,,,,,,,,,,,,,,,,,,,,,,,,,,,,,,,,,,,,,,,,,,,,,,,,,,,,,,,,,,,,,,,,,,,,,,,,,,,,,,,,,,,,,,,,,,,,,,,,,,,,,,,,,,,,,,,,,,,,,,,,,,,,,,,,,,,,,,,,,,,,,,,,,,,,,,,,,,,,,,,,,,,,,,,,,,,,,,,,,,,,,,,,,,,,,,,,,,,,,,,,,,,,,,,,,,,,,,,,,,,,,,,,,,,,,,,,,,,,,,,,,,,,,,,,,,,,,,,,,,,,,,,,,,,,,,,,,,,,,,,,,,,,,,,,,,,,,,,,,,,,,,,,,,,,,,,,,,,,,,,,,,,,,,,,,,,,,,,,,,,,,,,,,,,,,,,,,,,,,,,,,,,,,,,,,,,,,,,,,,,,,,,,,,,,,,,,,,,,,,,,,,,,,,,,,,,,,,,,,,,,,,,,,,,,,,,,,,,,,,,,,,,,,,,,,,,,,,,,,,,,,,,,,,,,,,,,,,,,60.0.158.135,,,,,,,,,,,,,,,,,,,,,,,,,,,,,,,,,,,,,,,,,,,,,,,,,,,,,,,,,,,,,,,,,,,,,,,,,,,,,,,,,,,,,,,,,,,,,,,,,,,,,,,,,,,,,,,,,,,,,,,,,,,
Surat Store,117185,133604626,Manual Stock,0,0,,2026-07-01,0,0,Active,Unpaid,,0,0,0,0,0.00,0,0,0,0,2026-07-01 00:50:12,2026-07-01 00:50:12,117185,Kitchen,,,,Gujarat,,,,,,,,,,,Gujarat,,,,,,,,,,,,,,"[{""item_id"":""38431513"",""unit"":""2418165"",""qty"":2,""itemname"":""Edamame Pods 500gm"",""lbl_unit"":""Qty"",""description"":"""",""weighted_price"":0,""price"":0,""amount"":0,""hsn_code"":"""",""batchprefix"":"""",""existing_stock"":""54"",""current_stock"":""56"",""category"":""Food"",""sap_code"":"""",""tax_type"":0,""excise_duty"":0,""tax1_label"":""CGST"",""tax2_label"":""SGST"",""tax3_label"":""IGST""}]",[],0,0,,,[],[],,,,,,,,,,,,,,,,,,,,,,,,,,,,,,,,,,,,,,,,,,,,,,,,,,,,,,,,,,,,,,,,,,,,,,,,,,,,,,,,6a4416e7-a420-4263-8b87-43b03c009e87,,1,,,,,,,,,,,,,,,,,,,,,,,,,,,,,,,,,,,,,,,,,,,,,,,,,,,,,,,,,,,,,,,,,,,,,,,,,,,,,,,,,,,,,,,,,,,,,,,,,,,,,,,,,,,,,,,,,,,,,,,,,,,,,,,,,,,,,,,,,,,,,,,,,,,,,,,,,,,,,,,,,,,,,,,,,,,,,,,,,,,,,,,,,,,,,,,,,,,,,,,,,,,,,,,,,,,,,,,,,,,,,,,,,,,,,,,,,,,,,,,,,,,,,,,,,,,,,,,,,,,,,,,,,,,,,,,,,,,,,,,,,,,,,,,,,,,,,,,,,,,,,,,,,,,,,,,,,,,,,,,,,,,,,,,,,,,,,,,,,,,,,,,,,,,,,,,,,,,,,,,,,,,,,,,,,,,,,,,,,,,,,,,,,,,,,,,,,,,,,,,,,,,,,,,,,,,,,,,,,,,,,,,,,,,,,,,,,,,,,,,,,,,,,,,,,,,,,,,,,,,,,,,,,,,,,,,,,,,,,,,,,,,,,,,,,,,,,,,,,,,,,,,,,,,,,,,,,,,,,,,,,,,,,,,,,,,,,,,,,,,,,,,,,60.0.158.135,,,,,,,,,,,,,,,,,,,,,,,,,,,,,,,,,,,,,,,,,,,,,,,,,,,,,,,,,,,,,,,,,,,,,,,,,,,,,,,,,,,,,,,,,,,,,,,,,,,,,,,,,,,,,,,,,,,,,,,,,,
Surat Store,117185,133604589,Manual Stock,0,0,,2026-07-01,0,0,Active,Unpaid,,0,0,0,0,0.00,0,0,0,0,2026-07-01 00:49:19,2026-07-01 00:49:19,117185,Kitchen,,,,Gujarat,,,,,,,,,,,Gujarat,,,,,,,,,,,,,,"[{""item_id"":""11960928"",""unit"":""2418165"",""qty"":2,""itemname"":""Korean Gochugaru Pepper Flakes 500gm"",""lbl_unit"":""Qty"",""description"":"""",""weighted_price"":0,""price"":0,""amount"":0,""hsn_code"":"""",""batchprefix"":"""",""existing_stock"":""10"",""current_stock"":""12"",""category"":""Food"",""sap_code"":"""",""tax_type"":0,""excise_duty"":0,""tax1_label"":""CGST"",""tax2_label"":""SGST"",""tax3_label"":""IGST""}]",[],0,0,,,[],[],,,,,,,,,,,,,,,,,,,,,,,,,,,,,,,,,,,,,,,,,,,,,,,,,,,,,,,,,,,,,,,,,,,,,,,,,,,,,,,,6a4416b1-9a08-4aad-8d71-41b03c009e87,,1,,,,,,,,,,,,,,,,,,,,,,,,,,,,,,,,,,,,,,,,,,,,,,,,,,,,,,,,,,,,,,,,,,,,,,,,,,,,,,,,,,,,,,,,,,,,,,,,,,,,,,,,,,,,,,,,,,,,,,,,,,,,,,,,,,,,,,,,,,,,,,,,,,,,,,,,,,,,,,,,,,,,,,,,,,,,,,,,,,,,,,,,,,,,,,,,,,,,,,,,,,,,,,,,,,,,,,,,,,,,,,,,,,,,,,,,,,,,,,,,,,,,,,,,,,,,,,,,,,,,,,,,,,,,,,,,,,,,,,,,,,,,,,,,,,,,,,,,,,,,,,,,,,,,,,,,,,,,,,,,,,,,,,,,,,,,,,,,,,,,,,,,,,,,,,,,,,,,,,,,,,,,,,,,,,,,,,,,,,,,,,,,,,,,,,,,,,,,,,,,,,,,,,,,,,,,,,,,,,,,,,,,,,,,,,,,,,,,,,,,,,,,,,,,,,,,,,,,,,,,,,,,,,,,,,,,,,,,,,,,,,,,,,,,,,,,,,,,,,,,,,,,,,,,,,,,,,,,,,,,,,,,,,,,,,,,,,,,,,,,,,,,,,60.0.158.135,,,,,,,,,,,,,,,,,,,,,,,,,,,,,,,,,,,,,,,,,,,,,,,,,,,,,,,,,,,,,,,,,,,,,,,,,,,,,,,,,,,,,,,,,,,,,,,,,,,,,,,,,,,,,,,,,,,,,,,,,
Surat Store,117185,133604582,Manual Stock,0,0,,2026-07-01,0,0,Active,Unpaid,,0,0,0,0,0.00,0,0,0,0,2026-07-01 00:49:09,2026-07-01 00:49:09,117185,Kitchen,,,,Gujarat,,,,,,,,,,,Gujarat,,,,,,,,,,,,,,"[{""item_id"":""11937778"",""unit"":""2418157"",""qty"":2,""itemname"":""Dolce Vita Peeled Tomatoes 3kg"",""lbl_unit"":""TIN"",""description"":"""",""weighted_price"":0,""price"":0,""amount"":0,""hsn_code"":"""",""batchprefix"":"""",""existing_stock"":""428"",""current_stock"":""430"",""category"":""Food"",""sap_code"":"""",""tax_type"":0,""excise_duty"":0,""tax1_label"":""CGST"",""tax2_label"":""SGST"",""tax3_label"":""IGST""}]",[],0,0,,,[],[],,,,,,,,,,,,,,,,,,,,,,,,,,,,,,,,,,,,,,,,,,,,,,,,,,,,,,,,,,,,,,,,,,,,,,,,,,,,,,,,6a4416a8-9da8-475c-af8b-42b13c009e87,,1,,,,,,,,,,,,,,,,,,,,,,,,,,,,,,,,,,,,,,,,,,,,,,,,,,,,,,,,,,,,,,,,,,,,,,,,,,,,,,,,,,,,,,,,,,,,,,,,,,,,,,,,,,,,,,,,,,,,,,,,,,,,,,,,,,,,,,,,,,,,,,,,,,,,,,,,,,,,,,,,,,,,,,,,,,,,,,,,,,,,,,,,,,,,,,,,,,,,,,,,,,,,,,,,,,,,,,,,,,,,,,,,,,,,,,,,,,,,,,,,,,,,,,,,,,,,,,,,,,,,,,,,,,,,,,,,,,,,,,,,,,,,,,,,,,,,,,,,,,,,,,,,,,,,,,,,,,,,,,,,,,,,,,,,,,,,,,,,,,,,,,,,,,,,,,,,,,,,,,,,,,,,,,,,,,,,,,,,,,,,,,,,,,,,,,,,,,,,,,,,,,,,,,,,,,,,,,,,,,,,,,,,,,,,,,,,,,,,,,,,,,,,,,,,,,,,,,,,,,,,,,,,,,,,,,,,,,,,,,,,,,,,,,,,,,,,,,,,,,,,,,,,,,,,,,,,,,,,,,,,,,,,,,,,,,,,,,,,,,,,,,,,,,,60.0.158.135,,,,,,,,,,,,,,,,,,,,,,,,,,,,,,,,,,,,,,,,,,,,,,,,,,,,,,,,,,,,,,,,,,,,,,,,,,,,,,,,,,,,,,,,,,,,,,,,,,,,,,,,,,,,,,,,,,,,,,,,
Surat Store,117185,133604574,Manual Stock,0,0,,2026-07-01,0,0,Active,Unpaid,,0,0,0,0,0.00,0,0,0,0,2026-07-01 00:48:51,2026-07-01 00:48:51,117185,Kitchen,,,,Gujarat,,,,,,,,,,,Gujarat,,,,,,,,,,,,,,"[{""item_id"":""38416457"",""unit"":""2418165"",""qty"":2,""itemname"":""Artichoke Hearts 400gm"",""lbl_unit"":""Qty"",""description"":"""",""weighted_price"":0,""price"":0,""amount"":0,""hsn_code"":"""",""batchprefix"":"""",""existing_stock"":""22"",""current_stock"":""24"",""category"":""Food"",""sap_code"":"""",""tax_type"":0,""excise_duty"":0,""tax1_label"":""CGST"",""tax2_label"":""SGST"",""tax3_label"":""IGST""}]",[],0,0,,,[],[],,,,,,,,,,,,,,,,,,,,,,,,,,,,,,,,,,,,,,,,,,,,,,,,,,,,,,,,,,,,,,,,,,,,,,,,,,,,,,,,6a441694-e9cc-4e9b-b0f5-40413c009e87,,1,,,,,,,,,,,,,,,,,,,,,,,,,,,,,,,,,,,,,,,,,,,,,,,,,,,,,,,,,,,,,,,,,,,,,,,,,,,,,,,,,,,,,,,,,,,,,,,,,,,,,,,,,,,,,,,,,,,,,,,,,,,,,,,,,,,,,,,,,,,,,,,,,,,,,,,,,,,,,,,,,,,,,,,,,,,,,,,,,,,,,,,,,,,,,,,,,,,,,,,,,,,,,,,,,,,,,,,,,,,,,,,,,,,,,,,,,,,,,,,,,,,,,,,,,,,,,,,,,,,,,,,,,,,,,,,,,,,,,,,,,,,,,,,,,,,,,,,,,,,,,,,,,,,,,,,,,,,,,,,,,,,,,,,,,,,,,,,,,,,,,,,,,,,,,,,,,,,,,,,,,,,,,,,,,,,,,,,,,,,,,,,,,,,,,,,,,,,,,,,,,,,,,,,,,,,,,,,,,,,,,,,,,,,,,,,,,,,,,,,,,,,,,,,,,,,,,,,,,,,,,,,,,,,,,,,,,,,,,,,,,,,,,,,,,,,,,,,,,,,,,,,,,,,,,,,,,,,,,,,,,,,,,,,,,,,,,,,,,,,,,,,,,,,,60.0.158.135,,,,,,,,,,,,,,,,,,,,,,,,,,,,,,,,,,,,,,,,,,,,,,,,,,,,,,,,,,,,,,,,,,,,,,,,,,,,,,,,,,,,,,,,,,,,,,,,,,,,,,,,,,,,,,,,,,,,,,,
Surat Store,117185,133604547,Manual Stock,0,0,,2026-07-01,0,0,Active,Unpaid,,0,0,0,0,0.00,0,0,0,0,2026-07-01 00:48:21,2026-07-01 00:48:21,117185,Kitchen,,,,Gujarat,,,,,,,,,,,Gujarat,,,,,,,,,,,,,,"[{""item_id"":""11961117"",""unit"":""2418165"",""qty"":2,""itemname"":""Mascarpone 1kg"",""lbl_unit"":""Qty"",""description"":"""",""weighted_price"":0,""price"":0,""amount"":0,""hsn_code"":"""",""batchprefix"":"""",""existing_stock"":""9"",""current_stock"":""11"",""category"":""Food"",""sap_code"":"""",""tax_type"":0,""excise_duty"":0,""tax1_label"":""CGST"",""tax2_label"":""SGST"",""tax3_label"":""IGST""}]",[],0,0,,,[],[],,,,,,,,,,,,,,,,,,,,,,,,,,,,,,,,,,,,,,,,,,,,,,,,,,,,,,,,,,,,,,,,,,,,,,,,,,,,,,,,6a441678-76ec-43aa-89da-40413c009e87,,1,,,,,,,,,,,,,,,,,,,,,,,,,,,,,,,,,,,,,,,,,,,,,,,,,,,,,,,,,,,,,,,,,,,,,,,,,,,,,,,,,,,,,,,,,,,,,,,,,,,,,,,,,,,,,,,,,,,,,,,,,,,,,,,,,,,,,,,,,,,,,,,,,,,,,,,,,,,,,,,,,,,,,,,,,,,,,,,,,,,,,,,,,,,,,,,,,,,,,,,,,,,,,,,,,,,,,,,,,,,,,,,,,,,,,,,,,,,,,,,,,,,,,,,,,,,,,,,,,,,,,,,,,,,,,,,,,,,,,,,,,,,,,,,,,,,,,,,,,,,,,,,,,,,,,,,,,,,,,,,,,,,,,,,,,,,,,,,,,,,,,,,,,,,,,,,,,,,,,,,,,,,,,,,,,,,,,,,,,,,,,,,,,,,,,,,,,,,,,,,,,,,,,,,,,,,,,,,,,,,,,,,,,,,,,,,,,,,,,,,,,,,,,,,,,,,,,,,,,,,,,,,,,,,,,,,,,,,,,,,,,,,,,,,,,,,,,,,,,,,,,,,,,,,,,,,,,,,,,,,,,,,,,,,,,,,,,,,,,,,,,,,,,,,,,60.0.158.135,,,,,,,,,,,,,,,,,,,,,,,,,,,,,,,,,,,,,,,,,,,,,,,,,,,,,,,,,,,,,,,,,,,,,,,,,,,,,,,,,,,,,,,,,,,,,,,,,,,,,,,,,,,,,,,,,,,,,,
Surat Store,117185,133604499,Manual Stock,0,0,,2026-07-01,0,0,Active,Unpaid,,0,0,0,0,0.00,0,0,0,0,2026-07-01 00:47:16,2026-07-01 00:47:16,117185,Kitchen,,,,Gujarat,,,,,,,,,,,Gujarat,,,,,,,,,,,,,,"[{""item_id"":""19736258"",""unit"":""2418165"",""qty"":2,""itemname"":""Salt 1kg"",""lbl_unit"":""Qty"",""description"":"""",""weighted_price"":0,""price"":0,""amount"":0,""hsn_code"":"""",""batchprefix"":"""",""existing_stock"":""27"",""current_stock"":""29"",""category"":""Food"",""sap_code"":"""",""tax_type"":0,""excise_duty"":0,""tax1_label"":""CGST"",""tax2_label"":""SGST"",""tax3_label"":""IGST""}]",[],0,0,,,[],[],,,,,,,,,,,,,,,,,,,,,,,,,,,,,,,,,,,,,,,,,,,,,,,,,,,,,,,,,,,,,,,,,,,,,,,,,,,,,,,,6a441638-0cc4-4bcb-947e-420d3c009e87,,1,,,,,,,,,,,,,,,,,,,,,,,,,,,,,,,,,,,,,,,,,,,,,,,,,,,,,,,,,,,,,,,,,,,,,,,,,,,,,,,,,,,,,,,,,,,,,,,,,,,,,,,,,,,,,,,,,,,,,,,,,,,,,,,,,,,,,,,,,,,,,,,,,,,,,,,,,,,,,,,,,,,,,,,,,,,,,,,,,,,,,,,,,,,,,,,,,,,,,,,,,,,,,,,,,,,,,,,,,,,,,,,,,,,,,,,,,,,,,,,,,,,,,,,,,,,,,,,,,,,,,,,,,,,,,,,,,,,,,,,,,,,,,,,,,,,,,,,,,,,,,,,,,,,,,,,,,,,,,,,,,,,,,,,,,,,,,,,,,,,,,,,,,,,,,,,,,,,,,,,,,,,,,,,,,,,,,,,,,,,,,,,,,,,,,,,,,,,,,,,,,,,,,,,,,,,,,,,,,,,,,,,,,,,,,,,,,,,,,,,,,,,,,,,,,,,,,,,,,,,,,,,,,,,,,,,,,,,,,,,,,,,,,,,,,,,,,,,,,,,,,,,,,,,,,,,,,,,,,,,,,,,,,,,,,,,,,,,,,,,,,,,,,,,,,,60.0.158.135,,,,,,,,,,,,,,,,,,,,,,,,,,,,,,,,,,,,,,,,,,,,,,,,,,,,,,,,,,,,,,,,,,,,,,,,,,,,,,,,,,,,,,,,,,,,,,,,,,,,,,,,,,,,,,,,,,,,,
Surat Store,117185,133604483,Manual Stock,0,0,,2026-07-01,0,0,Active,Unpaid,,0,0,0,0,0.00,0,0,0,0,2026-07-01 00:46:41,2026-07-01 00:46:41,117185,Kitchen,,,,Gujarat,,,,,,,,,,,Gujarat,,,,,,,,,,,,,,"[{""item_id"":""37629371"",""unit"":""2418165"",""qty"":3,""itemname"":""Dark Miso Paste 500gm"",""lbl_unit"":""Qty"",""description"":"""",""weighted_price"":0,""price"":0,""amount"":0,""hsn_code"":"""",""batchprefix"":"""",""existing_stock"":""12"",""current_stock"":""15"",""category"":""Food"",""sap_code"":"""",""tax_type"":0,""excise_duty"":0,""tax1_label"":""CGST"",""tax2_label"":""SGST"",""tax3_label"":""IGST""}]",[],0,0,,,[],[],,,,,,,,,,,,,,,,,,,,,,,,,,,,,,,,,,,,,,,,,,,,,,,,,,,,,,,,,,,,,,,,,,,,,,,,,,,,,,,,6a441612-12d0-4dcd-9131-422d3c009e87,,1,,,,,,,,,,,,,,,,,,,,,,,,,,,,,,,,,,,,,,,,,,,,,,,,,,,,,,,,,,,,,,,,,,,,,,,,,,,,,,,,,,,,,,,,,,,,,,,,,,,,,,,,,,,,,,,,,,,,,,,,,,,,,,,,,,,,,,,,,,,,,,,,,,,,,,,,,,,,,,,,,,,,,,,,,,,,,,,,,,,,,,,,,,,,,,,,,,,,,,,,,,,,,,,,,,,,,,,,,,,,,,,,,,,,,,,,,,,,,,,,,,,,,,,,,,,,,,,,,,,,,,,,,,,,,,,,,,,,,,,,,,,,,,,,,,,,,,,,,,,,,,,,,,,,,,,,,,,,,,,,,,,,,,,,,,,,,,,,,,,,,,,,,,,,,,,,,,,,,,,,,,,,,,,,,,,,,,,,,,,,,,,,,,,,,,,,,,,,,,,,,,,,,,,,,,,,,,,,,,,,,,,,,,,,,,,,,,,,,,,,,,,,,,,,,,,,,,,,,,,,,,,,,,,,,,,,,,,,,,,,,,,,,,,,,,,,,,,,,,,,,,,,,,,,,,,,,,,,,,,,,,,,,,,,,,,,,,,,,,,,,,,,,,,,,,,60.0.158.135,,,,,,,,,,,,,,,,,,,,,,,,,,,,,,,,,,,,,,,,,,,,,,,,,,,,,,,,,,,,,,,,,,,,,,,,,,,,,,,,,,,,,,,,,,,,,,,,,,,,,,,,,,,,,,,,,,,,
Surat Store,117185,133604470,Manual Stock,0,0,,2026-07-01,0,0,Active,Unpaid,,0,0,0,0,0.00,0,0,0,0,2026-07-01 00:46:20,2026-07-01 00:46:20,117185,Kitchen,,,,Gujarat,,,,,,,,,,,Gujarat,,,,,,,,,,,,,,"[{""item_id"":""44179849"",""unit"":""2418165"",""qty"":3,""itemname"":""Madhur Sugar 5 Kg"",""lbl_unit"":""Qty"",""description"":"""",""weighted_price"":0,""price"":0,""amount"":0,""hsn_code"":"""",""batchprefix"":"""",""existing_stock"":""14"",""current_stock"":""17"",""category"":""Food"",""sap_code"":"""",""tax_type"":0,""excise_duty"":0,""tax1_label"":""CGST"",""tax2_label"":""SGST"",""tax3_label"":""IGST""}]",[],0,0,,,[],[],,,,,,,,,,,,,,,,,,,,,,,,,,,,,,,,,,,,,,,,,,,,,,,,,,,,,,,,,,,,,,,,,,,,,,,,,,,,,,,,6a4415fe-cf34-430a-8e30-41dc3c009e87,,1,,,,,,,,,,,,,,,,,,,,,,,,,,,,,,,,,,,,,,,,,,,,,,,,,,,,,,,,,,,,,,,,,,,,,,,,,,,,,,,,,,,,,,,,,,,,,,,,,,,,,,,,,,,,,,,,,,,,,,,,,,,,,,,,,,,,,,,,,,,,,,,,,,,,,,,,,,,,,,,,,,,,,,,,,,,,,,,,,,,,,,,,,,,,,,,,,,,,,,,,,,,,,,,,,,,,,,,,,,,,,,,,,,,,,,,,,,,,,,,,,,,,,,,,,,,,,,,,,,,,,,,,,,,,,,,,,,,,,,,,,,,,,,,,,,,,,,,,,,,,,,,,,,,,,,,,,,,,,,,,,,,,,,,,,,,,,,,,,,,,,,,,,,,,,,,,,,,,,,,,,,,,,,,,,,,,,,,,,,,,,,,,,,,,,,,,,,,,,,,,,,,,,,,,,,,,,,,,,,,,,,,,,,,,,,,,,,,,,,,,,,,,,,,,,,,,,,,,,,,,,,,,,,,,,,,,,,,,,,,,,,,,,,,,,,,,,,,,,,,,,,,,,,,,,,,,,,,,,,,,,,,,,,,,,,,,,,,,,,,,,,,,,,,,,,,,60.0.158.135,,,,,,,,,,,,,,,,,,,,,,,,,,,,,,,,,,,,,,,,,,,,,,,,,,,,,,,,,,,,,,,,,,,,,,,,,,,,,,,,,,,,,,,,,,,,,,,,,,,,,,,,,,,,,,,,,,,
Surat Store,117185,133604398,Manual Stock,0,0,,2026-07-01,0,0,Active,Unpaid,,0,0,0,0,0.00,0,0,0,0,2026-07-01 00:44:35,2026-07-01 00:44:35,117185,Kitchen,,,,Gujarat,,,,,,,,,,,Gujarat,,,,,,,,,,,,,,"[{""item_id"":""33895724"",""unit"":""2418165"",""qty"":4,""itemname"":""Cling Film"",""lbl_unit"":""Qty"",""description"":"""",""weighted_price"":0,""price"":0,""amount"":0,""hsn_code"":"""",""batchprefix"":"""",""existing_stock"":""74"",""current_stock"":""78"",""category"":""Packaging"",""sap_code"":"""",""tax_type"":0,""excise_duty"":0,""tax1_label"":""CGST"",""tax2_label"":""SGST"",""tax3_label"":""IGST""}]",[],0,0,,,[],[],,,,,,,,,,,,,,,,,,,,,,,,,,,,,,,,,,,,,,,,,,,,,,,,,,,,,,,,,,,,,,,,,,,,,,,,,,,,,,,,6a441594-2534-43c1-b195-43053c009e87,,1,,,,,,,,,,,,,,,,,,,,,,,,,,,,,,,,,,,,,,,,,,,,,,,,,,,,,,,,,,,,,,,,,,,,,,,,,,,,,,,,,,,,,,,,,,,,,,,,,,,,,,,,,,,,,,,,,,,,,,,,,,,,,,,,,,,,,,,,,,,,,,,,,,,,,,,,,,,,,,,,,,,,,,,,,,,,,,,,,,,,,,,,,,,,,,,,,,,,,,,,,,,,,,,,,,,,,,,,,,,,,,,,,,,,,,,,,,,,,,,,,,,,,,,,,,,,,,,,,,,,,,,,,,,,,,,,,,,,,,,,,,,,,,,,,,,,,,,,,,,,,,,,,,,,,,,,,,,,,,,,,,,,,,,,,,,,,,,,,,,,,,,,,,,,,,,,,,,,,,,,,,,,,,,,,,,,,,,,,,,,,,,,,,,,,,,,,,,,,,,,,,,,,,,,,,,,,,,,,,,,,,,,,,,,,,,,,,,,,,,,,,,,,,,,,,,,,,,,,,,,,,,,,,,,,,,,,,,,,,,,,,,,,,,,,,,,,,,,,,,,,,,,,,,,,,,,,,,,,,,,,,,,,,,,,,,,,,,,,,,,,,,,,,,,,,,,,60.0.158.135,,,,,,,,,,,,,,,,,,,,,,,,,,,,,,,,,,,,,,,,,,,,,,,,,,,,,,,,,,,,,,,,,,,,,,,,,,,,,,,,,,,,,,,,,,,,,,,,,,,,,,,,,,,,,,,,,,
Surat Store,117185,133604332,Manual Stock,0,0,,2026-07-01,0,0,Active,Unpaid,,0,0,0,0,0.00,0,0,0,0,2026-07-01 00:43:32,2026-07-01 00:43:32,117185,Kitchen,,,,Gujarat,,,,,,,,,,,Gujarat,,,,,,,,,,,,,,"[{""item_id"":""33748163"",""unit"":""2418155"",""qty"":4,""itemname"":""Piping Bag"",""lbl_unit"":""Pkts"",""description"":"""",""weighted_price"":0,""price"":0,""amount"":0,""hsn_code"":"""",""batchprefix"":"""",""existing_stock"":""65"",""current_stock"":""69"",""category"":""Packaging"",""sap_code"":"""",""tax_type"":0,""excise_duty"":0,""tax1_label"":""CGST"",""tax2_label"":""SGST"",""tax3_label"":""IGST""}]",[],0,0,,,[],[],,,,,,,,,,,,,,,,,,,,,,,,,,,,,,,,,,,,,,,,,,,,,,,,,,,,,,,,,,,,,,,,,,,,,,,,,,,,,,,,6a441552-f7fc-4dca-8441-42643c009e87,,1,,,,,,,,,,,,,,,,,,,,,,,,,,,,,,,,,,,,,,,,,,,,,,,,,,,,,,,,,,,,,,,,,,,,,,,,,,,,,,,,,,,,,,,,,,,,,,,,,,,,,,,,,,,,,,,,,,,,,,,,,,,,,,,,,,,,,,,,,,,,,,,,,,,,,,,,,,,,,,,,,,,,,,,,,,,,,,,,,,,,,,,,,,,,,,,,,,,,,,,,,,,,,,,,,,,,,,,,,,,,,,,,,,,,,,,,,,,,,,,,,,,,,,,,,,,,,,,,,,,,,,,,,,,,,,,,,,,,,,,,,,,,,,,,,,,,,,,,,,,,,,,,,,,,,,,,,,,,,,,,,,,,,,,,,,,,,,,,,,,,,,,,,,,,,,,,,,,,,,,,,,,,,,,,,,,,,,,,,,,,,,,,,,,,,,,,,,,,,,,,,,,,,,,,,,,,,,,,,,,,,,,,,,,,,,,,,,,,,,,,,,,,,,,,,,,,,,,,,,,,,,,,,,,,,,,,,,,,,,,,,,,,,,,,,,,,,,,,,,,,,,,,,,,,,,,,,,,,,,,,,,,,,,,,,,,,,,,,,,,,,,,,,,,,,,,,,,60.0.158.135,,,,,,,,,,,,,,,,,,,,,,,,,,,,,,,,,,,,,,,,,,,,,,,,,,,,,,,,,,,,,,,,,,,,,,,,,,,,,,,,,,,,,,,,,,,,,,,,,,,,,,,,,,,,,,,,,
Surat Store,117185,133604275,Manual Stock,0,0,,2026-07-01,0,0,Active,Unpaid,,0,0,0,0,0.00,0,0,0,0,2026-07-01 00:42:31,2026-07-01 00:42:31,117185,Kitchen,,,,Gujarat,,,,,,,,,,,Gujarat,,,,,,,,,,,,,,"[{""item_id"":""39785839"",""unit"":""2418165"",""qty"":5,""itemname"":""White Compound 500gm"",""lbl_unit"":""Qty"",""description"":"""",""weighted_price"":0,""price"":0,""amount"":0,""hsn_code"":"""",""batchprefix"":"""",""existing_stock"":""11"",""current_stock"":""16"",""category"":""Food"",""sap_code"":"""",""tax_type"":0,""excise_duty"":0,""tax1_label"":""CGST"",""tax2_label"":""SGST"",""tax3_label"":""IGST""}]",[],0,0,,,[],[],,,,,,,,,,,,,,,,,,,,,,,,,,,,,,,,,,,,,,,,,,,,,,,,,,,,,,,,,,,,,,,,,,,,,,,,,,,,,,,,6a441519-b88c-4d03-98b8-405b3c009e87,,1,,,,,,,,,,,,,,,,,,,,,,,,,,,,,,,,,,,,,,,,,,,,,,,,,,,,,,,,,,,,,,,,,,,,,,,,,,,,,,,,,,,,,,,,,,,,,,,,,,,,,,,,,,,,,,,,,,,,,,,,,,,,,,,,,,,,,,,,,,,,,,,,,,,,,,,,,,,,,,,,,,,,,,,,,,,,,,,,,,,,,,,,,,,,,,,,,,,,,,,,,,,,,,,,,,,,,,,,,,,,,,,,,,,,,,,,,,,,,,,,,,,,,,,,,,,,,,,,,,,,,,,,,,,,,,,,,,,,,,,,,,,,,,,,,,,,,,,,,,,,,,,,,,,,,,,,,,,,,,,,,,,,,,,,,,,,,,,,,,,,,,,,,,,,,,,,,,,,,,,,,,,,,,,,,,,,,,,,,,,,,,,,,,,,,,,,,,,,,,,,,,,,,,,,,,,,,,,,,,,,,,,,,,,,,,,,,,,,,,,,,,,,,,,,,,,,,,,,,,,,,,,,,,,,,,,,,,,,,,,,,,,,,,,,,,,,,,,,,,,,,,,,,,,,,,,,,,,,,,,,,,,,,,,,,,,,,,,,,,,,,,,,,,,,,,,,,,,60.0.158.135,,,,,,,,,,,,,,,,,,,,,,,,,,,,,,,,,,,,,,,,,,,,,,,,,,,,,,,,,,,,,,,,,,,,,,,,,,,,,,,,,,,,,,,,,,,,,,,,,,,,,,,,,,,,,,,,
Surat Store,117185,133604262,Manual Stock,0,0,,2026-07-01,0,0,Active,Unpaid,,0,0,0,0,0.00,0,0,0,0,2026-07-01 00:42:20,2026-07-01 00:42:20,117185,Kitchen,,,,Gujarat,,,,,,,,,,,Gujarat,,,,,,,,,,,,,,"[{""item_id"":""30459364"",""unit"":""2418165"",""qty"":5,""itemname"":""Passion Fruits Puree 1kg"",""lbl_unit"":""Qty"",""description"":"""",""weighted_price"":0,""price"":0,""amount"":0,""hsn_code"":"""",""batchprefix"":"""",""existing_stock"":""9"",""current_stock"":""14"",""category"":""Food"",""sap_code"":"""",""tax_type"":0,""excise_duty"":0,""tax1_label"":""CGST"",""tax2_label"":""SGST"",""tax3_label"":""IGST""}]",[],0,0,,,[],[],,,,,,,,,,,,,,,,,,,,,,,,,,,,,,,,,,,,,,,,,,,,,,,,,,,,,,,,,,,,,,,,,,,,,,,,,,,,,,,,6a44150e-d884-4554-8145-40413c009e87,,1,,,,,,,,,,,,,,,,,,,,,,,,,,,,,,,,,,,,,,,,,,,,,,,,,,,,,,,,,,,,,,,,,,,,,,,,,,,,,,,,,,,,,,,,,,,,,,,,,,,,,,,,,,,,,,,,,,,,,,,,,,,,,,,,,,,,,,,,,,,,,,,,,,,,,,,,,,,,,,,,,,,,,,,,,,,,,,,,,,,,,,,,,,,,,,,,,,,,,,,,,,,,,,,,,,,,,,,,,,,,,,,,,,,,,,,,,,,,,,,,,,,,,,,,,,,,,,,,,,,,,,,,,,,,,,,,,,,,,,,,,,,,,,,,,,,,,,,,,,,,,,,,,,,,,,,,,,,,,,,,,,,,,,,,,,,,,,,,,,,,,,,,,,,,,,,,,,,,,,,,,,,,,,,,,,,,,,,,,,,,,,,,,,,,,,,,,,,,,,,,,,,,,,,,,,,,,,,,,,,,,,,,,,,,,,,,,,,,,,,,,,,,,,,,,,,,,,,,,,,,,,,,,,,,,,,,,,,,,,,,,,,,,,,,,,,,,,,,,,,,,,,,,,,,,,,,,,,,,,,,,,,,,,,,,,,,,,,,,,,,,,,,,,,,,,,,,,,,60.0.158.135,,,,,,,,,,,,,,,,,,,,,,,,,,,,,,,,,,,,,,,,,,,,,,,,,,,,,,,,,,,,,,,,,,,,,,,,,,,,,,,,,,,,,,,,,,,,,,,,,,,,,,,,,,,,,,,
Surat Store,117185,133604216,Manual Stock,0,0,,2026-07-01,0,0,Active,Unpaid,,0,0,0,0,0.00,0,0,0,0,2026-07-01 00:41:40,2026-07-01 00:41:40,117185,Kitchen,,,,Gujarat,,,,,,,,,,,Gujarat,,,,,,,,,,,,,,"[{""item_id"":""37880764"",""unit"":""2418165"",""qty"":5,""itemname"":""Gd Ajinomoto 500gm"",""lbl_unit"":""Qty"",""description"":"""",""weighted_price"":0,""price"":0,""amount"":0,""hsn_code"":"""",""batchprefix"":"""",""existing_stock"":""24"",""current_stock"":""29"",""category"":""Food"",""sap_code"":"""",""tax_type"":0,""excise_duty"":0,""tax1_label"":""CGST"",""tax2_label"":""SGST"",""tax3_label"":""IGST""}]",[],0,0,,,[],[],,,,,,,,,,,,,,,,,,,,,,,,,,,,,,,,,,,,,,,,,,,,,,,,,,,,,,,,,,,,,,,,,,,,,,,,,,,,,,,,6a4414e6-a74c-405b-87df-42b13c009e87,,1,,,,,,,,,,,,,,,,,,,,,,,,,,,,,,,,,,,,,,,,,,,,,,,,,,,,,,,,,,,,,,,,,,,,,,,,,,,,,,,,,,,,,,,,,,,,,,,,,,,,,,,,,,,,,,,,,,,,,,,,,,,,,,,,,,,,,,,,,,,,,,,,,,,,,,,,,,,,,,,,,,,,,,,,,,,,,,,,,,,,,,,,,,,,,,,,,,,,,,,,,,,,,,,,,,,,,,,,,,,,,,,,,,,,,,,,,,,,,,,,,,,,,,,,,,,,,,,,,,,,,,,,,,,,,,,,,,,,,,,,,,,,,,,,,,,,,,,,,,,,,,,,,,,,,,,,,,,,,,,,,,,,,,,,,,,,,,,,,,,,,,,,,,,,,,,,,,,,,,,,,,,,,,,,,,,,,,,,,,,,,,,,,,,,,,,,,,,,,,,,,,,,,,,,,,,,,,,,,,,,,,,,,,,,,,,,,,,,,,,,,,,,,,,,,,,,,,,,,,,,,,,,,,,,,,,,,,,,,,,,,,,,,,,,,,,,,,,,,,,,,,,,,,,,,,,,,,,,,,,,,,,,,,,,,,,,,,,,,,,,,,,,,,,,,,,,,,,,,60.0.158.135,,,,,,,,,,,,,,,,,,,,,,,,,,,,,,,,,,,,,,,,,,,,,,,,,,,,,,,,,,,,,,,,,,,,,,,,,,,,,,,,,,,,,,,,,,,,,,,,,,,,,,,,,,,,,,
Surat Store,117185,133604195,Manual Stock,0,0,,2026-07-01,0,0,Active,Unpaid,,0,0,0,0,0.00,0,0,0,0,2026-07-01 00:41:21,2026-07-01 00:41:21,117185,Kitchen,,,,Gujarat,,,,,,,,,,,Gujarat,,,,,,,,,,,,,,"[{""item_id"":""11960953"",""unit"":""2418148"",""qty"":6,""itemname"":""White Pepper Mari"",""lbl_unit"":""Kg"",""description"":"""",""weighted_price"":0,""price"":0,""amount"":0,""hsn_code"":"""",""batchprefix"":"""",""existing_stock"":""8"",""current_stock"":""14"",""category"":""Food"",""sap_code"":"""",""tax_type"":0,""excise_duty"":0,""tax1_label"":""CGST"",""tax2_label"":""SGST"",""tax3_label"":""IGST""}]",[],0,0,,,[],[],,,,,,,,,,,,,,,,,,,,,,,,,,,,,,,,,,,,,,,,,,,,,,,,,,,,,,,,,,,,,,,,,,,,,,,,,,,,,,,,6a4414d1-9b10-45bb-850e-40d43c009e87,,1,,,,,,,,,,,,,,,,,,,,,,,,,,,,,,,,,,,,,,,,,,,,,,,,,,,,,,,,,,,,,,,,,,,,,,,,,,,,,,,,,,,,,,,,,,,,,,,,,,,,,,,,,,,,,,,,,,,,,,,,,,,,,,,,,,,,,,,,,,,,,,,,,,,,,,,,,,,,,,,,,,,,,,,,,,,,,,,,,,,,,,,,,,,,,,,,,,,,,,,,,,,,,,,,,,,,,,,,,,,,,,,,,,,,,,,,,,,,,,,,,,,,,,,,,,,,,,,,,,,,,,,,,,,,,,,,,,,,,,,,,,,,,,,,,,,,,,,,,,,,,,,,,,,,,,,,,,,,,,,,,,,,,,,,,,,,,,,,,,,,,,,,,,,,,,,,,,,,,,,,,,,,,,,,,,,,,,,,,,,,,,,,,,,,,,,,,,,,,,,,,,,,,,,,,,,,,,,,,,,,,,,,,,,,,,,,,,,,,,,,,,,,,,,,,,,,,,,,,,,,,,,,,,,,,,,,,,,,,,,,,,,,,,,,,,,,,,,,,,,,,,,,,,,,,,,,,,,,,,,,,,,,,,,,,,,,,,,,,,,,,,,,,,,,,,,,,,,,,,60.0.158.135,,,,,,,,,,,,,,,,,,,,,,,,,,,,,,,,,,,,,,,,,,,,,,,,,,,,,,,,,,,,,,,,,,,,,,,,,,,,,,,,,,,,,,,,,,,,,,,,,,,,,,,,,,,,,
Surat Store,117185,133604189,Manual Stock,0,0,,2026-07-01,0,0,Active,Unpaid,,0,0,0,0,0.00,0,0,0,0,2026-07-01 00:41:10,2026-07-01 00:41:10,117185,Kitchen,,,,Gujarat,,,,,,,,,,,Gujarat,,,,,,,,,,,,,,"[{""item_id"":""39174650"",""unit"":""2418165"",""qty"":6,""itemname"":""Chilli Broad Beans 120gm"",""lbl_unit"":""Qty"",""description"":"""",""weighted_price"":0,""price"":0,""amount"":0,""hsn_code"":"""",""batchprefix"":"""",""existing_stock"":""17"",""current_stock"":""23"",""category"":""Food"",""sap_code"":"""",""tax_type"":0,""excise_duty"":0,""tax1_label"":""CGST"",""tax2_label"":""SGST"",""tax3_label"":""IGST""}]",[],0,0,,,[],[],,,,,,,,,,,,,,,,,,,,,,,,,,,,,,,,,,,,,,,,,,,,,,,,,,,,,,,,,,,,,,,,,,,,,,,,,,,,,,,,6a4414c8-76d0-42d1-a94f-40463c009e87,,1,,,,,,,,,,,,,,,,,,,,,,,,,,,,,,,,,,,,,,,,,,,,,,,,,,,,,,,,,,,,,,,,,,,,,,,,,,,,,,,,,,,,,,,,,,,,,,,,,,,,,,,,,,,,,,,,,,,,,,,,,,,,,,,,,,,,,,,,,,,,,,,,,,,,,,,,,,,,,,,,,,,,,,,,,,,,,,,,,,,,,,,,,,,,,,,,,,,,,,,,,,,,,,,,,,,,,,,,,,,,,,,,,,,,,,,,,,,,,,,,,,,,,,,,,,,,,,,,,,,,,,,,,,,,,,,,,,,,,,,,,,,,,,,,,,,,,,,,,,,,,,,,,,,,,,,,,,,,,,,,,,,,,,,,,,,,,,,,,,,,,,,,,,,,,,,,,,,,,,,,,,,,,,,,,,,,,,,,,,,,,,,,,,,,,,,,,,,,,,,,,,,,,,,,,,,,,,,,,,,,,,,,,,,,,,,,,,,,,,,,,,,,,,,,,,,,,,,,,,,,,,,,,,,,,,,,,,,,,,,,,,,,,,,,,,,,,,,,,,,,,,,,,,,,,,,,,,,,,,,,,,,,,,,,,,,,,,,,,,,,,,,,,,,,,,,,,,,,,,,60.0.158.135,,,,,,,,,,,,,,,,,,,,,,,,,,,,,,,,,,,,,,,,,,,,,,,,,,,,,,,,,,,,,,,,,,,,,,,,,,,,,,,,,,,,,,,,,,,,,,,,,,,,,,,,,,,,
Surat Store,117185,133604107,Manual Stock,0,0,,2026-07-01,0,0,Active,Unpaid,,0,0,0,0,0.00,0,0,0,0,2026-07-01 00:39:35,2026-07-01 00:39:35,117185,Kitchen,,,,Gujarat,,,,,,,,,,,Gujarat,,,,,,,,,,,,,,"[{""item_id"":""33759489"",""unit"":""2418165"",""qty"":10,""itemname"":""Piping Bag (small)"",""lbl_unit"":""Qty"",""description"":"""",""weighted_price"":0,""price"":0,""amount"":0,""hsn_code"":"""",""batchprefix"":"""",""existing_stock"":""58"",""current_stock"":""68"",""category"":""Packaging"",""sap_code"":"""",""tax_type"":0,""excise_duty"":0,""tax1_label"":""CGST"",""tax2_label"":""SGST"",""tax3_label"":""IGST""}]",[],0,0,,,[],[],,,,,,,,,,,,,,,,,,,,,,,,,,,,,,,,,,,,,,,,,,,,,,,,,,,,,,,,,,,,,,,,,,,,,,,,,,,,,,,,6a441468-1958-40d4-bb59-43133c009e87,,1,,,,,,,,,,,,,,,,,,,,,,,,,,,,,,,,,,,,,,,,,,,,,,,,,,,,,,,,,,,,,,,,,,,,,,,,,,,,,,,,,,,,,,,,,,,,,,,,,,,,,,,,,,,,,,,,,,,,,,,,,,,,,,,,,,,,,,,,,,,,,,,,,,,,,,,,,,,,,,,,,,,,,,,,,,,,,,,,,,,,,,,,,,,,,,,,,,,,,,,,,,,,,,,,,,,,,,,,,,,,,,,,,,,,,,,,,,,,,,,,,,,,,,,,,,,,,,,,,,,,,,,,,,,,,,,,,,,,,,,,,,,,,,,,,,,,,,,,,,,,,,,,,,,,,,,,,,,,,,,,,,,,,,,,,,,,,,,,,,,,,,,,,,,,,,,,,,,,,,,,,,,,,,,,,,,,,,,,,,,,,,,,,,,,,,,,,,,,,,,,,,,,,,,,,,,,,,,,,,,,,,,,,,,,,,,,,,,,,,,,,,,,,,,,,,,,,,,,,,,,,,,,,,,,,,,,,,,,,,,,,,,,,,,,,,,,,,,,,,,,,,,,,,,,,,,,,,,,,,,,,,,,,,,,,,,,,,,,,,,,,,,,,,,,,,,,,,,,,,,,60.0.158.135,,,,,,,,,,,,,,,,,,,,,,,,,,,,,,,,,,,,,,,,,,,,,,,,,,,,,,,,,,,,,,,,,,,,,,,,,,,,,,,,,,,,,,,,,,,,,,,,,,,,,,,,,,,
Surat Store,117185,133604083,Manual Stock,0,0,,2026-07-01,0,0,Active,Unpaid,,0,0,0,0,0.00,0,0,0,0,2026-07-01 00:39:08,2026-07-01 00:39:08,117185,Kitchen,,,,Gujarat,,,,,,,,,,,Gujarat,,,,,,,,,,,,,,"[{""item_id"":""45797367"",""unit"":""2418165"",""qty"":12,""itemname"":""Dairy Whipping Cream 1ltr"",""lbl_unit"":""Qty"",""description"":"""",""weighted_price"":0,""price"":0,""amount"":0,""hsn_code"":"""",""batchprefix"":"""",""existing_stock"":""0"",""current_stock"":""12"",""category"":""Food"",""sap_code"":"""",""tax_type"":0,""excise_duty"":0,""tax1_label"":""CGST"",""tax2_label"":""SGST"",""tax3_label"":""IGST""}]",[],0,0,,,[],[],,,,,,,,,,,,,,,,,,,,,,,,,,,,,,,,,,,,,,,,,,,,,,,,,,,,,,,,,,,,,,,,,,,,,,,,,,,,,,,,6a44144e-179c-48b4-bc82-420e3c009e87,,1,,,,,,,,,,,,,,,,,,,,,,,,,,,,,,,,,,,,,,,,,,,,,,,,,,,,,,,,,,,,,,,,,,,,,,,,,,,,,,,,,,,,,,,,,,,,,,,,,,,,,,,,,,,,,,,,,,,,,,,,,,,,,,,,,,,,,,,,,,,,,,,,,,,,,,,,,,,,,,,,,,,,,,,,,,,,,,,,,,,,,,,,,,,,,,,,,,,,,,,,,,,,,,,,,,,,,,,,,,,,,,,,,,,,,,,,,,,,,,,,,,,,,,,,,,,,,,,,,,,,,,,,,,,,,,,,,,,,,,,,,,,,,,,,,,,,,,,,,,,,,,,,,,,,,,,,,,,,,,,,,,,,,,,,,,,,,,,,,,,,,,,,,,,,,,,,,,,,,,,,,,,,,,,,,,,,,,,,,,,,,,,,,,,,,,,,,,,,,,,,,,,,,,,,,,,,,,,,,,,,,,,,,,,,,,,,,,,,,,,,,,,,,,,,,,,,,,,,,,,,,,,,,,,,,,,,,,,,,,,,,,,,,,,,,,,,,,,,,,,,,,,,,,,,,,,,,,,,,,,,,,,,,,,,,,,,,,,,,,,,,,,,,,,,,,,,,,,,,,,,,60.0.158.135,,,,,,,,,,,,,,,,,,,,,,,,,,,,,,,,,,,,,,,,,,,,,,,,,,,,,,,,,,,,,,,,,,,,,,,,,,,,,,,,,,,,,,,,,,,,,,,,,,,,,,,,,,
Surat Store,117185,133604035,Manual Stock,0,0,,2026-07-01,0,0,Active,Unpaid,,0,0,0,0,0.00,0,0,0,0,2026-07-01 00:37:55,2026-07-01 00:37:55,117185,Kitchen,,,,Gujarat,,,,,,,,,,,Gujarat,,,,,,,,,,,,,,"[{""item_id"":""11960975"",""unit"":""2418148"",""qty"":13,""itemname"":""Corn Flour ."",""lbl_unit"":""Kg"",""description"":"""",""weighted_price"":0,""price"":0,""amount"":0,""hsn_code"":"""",""batchprefix"":"""",""existing_stock"":""30"",""current_stock"":""43"",""category"":""Food"",""sap_code"":"""",""tax_type"":0,""excise_duty"":0,""tax1_label"":""CGST"",""tax2_label"":""SGST"",""tax3_label"":""IGST""}]",[],0,0,,,[],[],,,,,,,,,,,,,,,,,,,,,,,,,,,,,,,,,,,,,,,,,,,,,,,,,,,,,,,,,,,,,,,,,,,,,,,,,,,,,,,,6a441405-3f68-4038-88cc-42b13c009e87,,1,,,,,,,,,,,,,,,,,,,,,,,,,,,,,,,,,,,,,,,,,,,,,,,,,,,,,,,,,,,,,,,,,,,,,,,,,,,,,,,,,,,,,,,,,,,,,,,,,,,,,,,,,,,,,,,,,,,,,,,,,,,,,,,,,,,,,,,,,,,,,,,,,,,,,,,,,,,,,,,,,,,,,,,,,,,,,,,,,,,,,,,,,,,,,,,,,,,,,,,,,,,,,,,,,,,,,,,,,,,,,,,,,,,,,,,,,,,,,,,,,,,,,,,,,,,,,,,,,,,,,,,,,,,,,,,,,,,,,,,,,,,,,,,,,,,,,,,,,,,,,,,,,,,,,,,,,,,,,,,,,,,,,,,,,,,,,,,,,,,,,,,,,,,,,,,,,,,,,,,,,,,,,,,,,,,,,,,,,,,,,,,,,,,,,,,,,,,,,,,,,,,,,,,,,,,,,,,,,,,,,,,,,,,,,,,,,,,,,,,,,,,,,,,,,,,,,,,,,,,,,,,,,,,,,,,,,,,,,,,,,,,,,,,,,,,,,,,,,,,,,,,,,,,,,,,,,,,,,,,,,,,,,,,,,,,,,,,,,,,,,,,,,,,,,,,,,,,,,,,,,,60.0.158.135,,,,,,,,,,,,,,,,,,,,,,,,,,,,,,,,,,,,,,,,,,,,,,,,,,,,,,,,,,,,,,,,,,,,,,,,,,,,,,,,,,,,,,,,,,,,,,,,,,,,,,,,,
Surat Store,117185,133603939,Manual Stock,0,0,,2026-07-01,0,0,Active,Unpaid,,0,0,0,0,0.00,0,0,0,0,2026-07-01 00:36:42,2026-07-01 00:36:42,117185,Kitchen,,,,Gujarat,,,,,,,,,,,Gujarat,,,,,,,,,,,,,,"[{""item_id"":""32711432"",""unit"":""2418165"",""qty"":16,""itemname"":""Kot Roll White"",""lbl_unit"":""Qty"",""description"":"""",""weighted_price"":0,""price"":0,""amount"":0,""hsn_code"":"""",""batchprefix"":"""",""existing_stock"":""944"",""current_stock"":""960"",""category"":""Stationery"",""sap_code"":"""",""tax_type"":0,""excise_duty"":0,""tax1_label"":""CGST"",""tax2_label"":""SGST"",""tax3_label"":""IGST""}]",[],0,0,,,[],[],,,,,,,,,,,,,,,,,,,,,,,,,,,,,,,,,,,,,,,,,,,,,,,,,,,,,,,,,,,,,,,,,,,,,,,,,,,,,,,,6a4413ba-6b60-4484-8b67-424a3c009e87,,1,,,,,,,,,,,,,,,,,,,,,,,,,,,,,,,,,,,,,,,,,,,,,,,,,,,,,,,,,,,,,,,,,,,,,,,,,,,,,,,,,,,,,,,,,,,,,,,,,,,,,,,,,,,,,,,,,,,,,,,,,,,,,,,,,,,,,,,,,,,,,,,,,,,,,,,,,,,,,,,,,,,,,,,,,,,,,,,,,,,,,,,,,,,,,,,,,,,,,,,,,,,,,,,,,,,,,,,,,,,,,,,,,,,,,,,,,,,,,,,,,,,,,,,,,,,,,,,,,,,,,,,,,,,,,,,,,,,,,,,,,,,,,,,,,,,,,,,,,,,,,,,,,,,,,,,,,,,,,,,,,,,,,,,,,,,,,,,,,,,,,,,,,,,,,,,,,,,,,,,,,,,,,,,,,,,,,,,,,,,,,,,,,,,,,,,,,,,,,,,,,,,,,,,,,,,,,,,,,,,,,,,,,,,,,,,,,,,,,,,,,,,,,,,,,,,,,,,,,,,,,,,,,,,,,,,,,,,,,,,,,,,,,,,,,,,,,,,,,,,,,,,,,,,,,,,,,,,,,,,,,,,,,,,,,,,,,,,,,,,,,,,,,,,,,,,,,,,,,,,,,,,60.0.158.135,,,,,,,,,,,,,,,,,,,,,,,,,,,,,,,,,,,,,,,,,,,,,,,,,,,,,,,,,,,,,,,,,,,,,,,,,,,,,,,,,,,,,,,,,,,,,,,,,,,,,,,,
Surat Store,117185,133603927,Manual Stock,0,0,,2026-07-01,0,0,Active,Unpaid,,0,0,0,0,0.00,0,0,0,0,2026-07-01 00:36:31,2026-07-01 00:36:31,117185,Kitchen,,,,Gujarat,,,,,,,,,,,Gujarat,,,,,,,,,,,,,,"[{""item_id"":""38431459"",""unit"":""2418165"",""qty"":20,""itemname"":""Edamame Kernal 500gm"",""lbl_unit"":""Qty"",""description"":"""",""weighted_price"":0,""price"":0,""amount"":0,""hsn_code"":"""",""batchprefix"":"""",""existing_stock"":""66"",""current_stock"":""86"",""category"":""Food"",""sap_code"":"""",""tax_type"":0,""excise_duty"":0,""tax1_label"":""CGST"",""tax2_label"":""SGST"",""tax3_label"":""IGST""}]",[],0,0,,,[],[],,,,,,,,,,,,,,,,,,,,,,,,,,,,,,,,,,,,,,,,,,,,,,,,,,,,,,,,,,,,,,,,,,,,,,,,,,,,,,,,6a4413b0-96c8-4ae1-8017-41323c009e87,,1,,,,,,,,,,,,,,,,,,,,,,,,,,,,,,,,,,,,,,,,,,,,,,,,,,,,,,,,,,,,,,,,,,,,,,,,,,,,,,,,,,,,,,,,,,,,,,,,,,,,,,,,,,,,,,,,,,,,,,,,,,,,,,,,,,,,,,,,,,,,,,,,,,,,,,,,,,,,,,,,,,,,,,,,,,,,,,,,,,,,,,,,,,,,,,,,,,,,,,,,,,,,,,,,,,,,,,,,,,,,,,,,,,,,,,,,,,,,,,,,,,,,,,,,,,,,,,,,,,,,,,,,,,,,,,,,,,,,,,,,,,,,,,,,,,,,,,,,,,,,,,,,,,,,,,,,,,,,,,,,,,,,,,,,,,,,,,,,,,,,,,,,,,,,,,,,,,,,,,,,,,,,,,,,,,,,,,,,,,,,,,,,,,,,,,,,,,,,,,,,,,,,,,,,,,,,,,,,,,,,,,,,,,,,,,,,,,,,,,,,,,,,,,,,,,,,,,,,,,,,,,,,,,,,,,,,,,,,,,,,,,,,,,,,,,,,,,,,,,,,,,,,,,,,,,,,,,,,,,,,,,,,,,,,,,,,,,,,,,,,,,,,,,,,,,,,,,,,,,,,,,,,60.0.158.135,,,,,,,,,,,,,,,,,,,,,,,,,,,,,,,,,,,,,,,,,,,,,,,,,,,,,,,,,,,,,,,,,,,,,,,,,,,,,,,,,,,,,,,,,,,,,,,,,,,,,,,
Surat Store,117185,133603891,Manual Stock,0,0,,2026-07-01,0,0,Active,Unpaid,,0,0,0,0,0.00,0,0,0,0,2026-07-01 00:36:00,2026-07-01 00:36:00,117185,Kitchen,,,,Gujarat,,,,,,,,,,,Gujarat,,,,,,,,,,,,,,"[{""item_id"":""32493182"",""unit"":""4741262"",""qty"":21,""itemname"":""Green Garbage Bag 5kg"",""lbl_unit"":""Kgs"",""description"":"""",""weighted_price"":0,""price"":0,""amount"":0,""hsn_code"":"""",""batchprefix"":"""",""existing_stock"":""109"",""current_stock"":""130"",""category"":""Housekeeping Hygiene"",""sap_code"":"""",""tax_type"":0,""excise_duty"":0,""tax1_label"":""CGST"",""tax2_label"":""SGST"",""tax3_label"":""IGST""}]",[],0,0,,,[],[],,,,,,,,,,,,,,,,,,,,,,,,,,,,,,,,,,,,,,,,,,,,,,,,,,,,,,,,,,,,,,,,,,,,,,,,,,,,,,,,6a44138f-34f4-45c6-a810-41dd3c009e87,,1,,,,,,,,,,,,,,,,,,,,,,,,,,,,,,,,,,,,,,,,,,,,,,,,,,,,,,,,,,,,,,,,,,,,,,,,,,,,,,,,,,,,,,,,,,,,,,,,,,,,,,,,,,,,,,,,,,,,,,,,,,,,,,,,,,,,,,,,,,,,,,,,,,,,,,,,,,,,,,,,,,,,,,,,,,,,,,,,,,,,,,,,,,,,,,,,,,,,,,,,,,,,,,,,,,,,,,,,,,,,,,,,,,,,,,,,,,,,,,,,,,,,,,,,,,,,,,,,,,,,,,,,,,,,,,,,,,,,,,,,,,,,,,,,,,,,,,,,,,,,,,,,,,,,,,,,,,,,,,,,,,,,,,,,,,,,,,,,,,,,,,,,,,,,,,,,,,,,,,,,,,,,,,,,,,,,,,,,,,,,,,,,,,,,,,,,,,,,,,,,,,,,,,,,,,,,,,,,,,,,,,,,,,,,,,,,,,,,,,,,,,,,,,,,,,,,,,,,,,,,,,,,,,,,,,,,,,,,,,,,,,,,,,,,,,,,,,,,,,,,,,,,,,,,,,,,,,,,,,,,,,,,,,,,,,,,,,,,,,,,,,,,,,,,,,,,,,,,,,,,,,,,,60.0.158.135,,,,,,,,,,,,,,,,,,,,,,,,,,,,,,,,,,,,,,,,,,,,,,,,,,,,,,,,,,,,,,,,,,,,,,,,,,,,,,,,,,,,,,,,,,,,,,,,,,,,,,
Surat Store,117185,133603879,Manual Stock,0,0,,2026-07-01,0,0,Active,Unpaid,,0,0,0,0,0.00,0,0,0,0,2026-07-01 00:35:48,2026-07-01 00:35:48,117185,Kitchen,,,,Gujarat,,,,,,,,,,,Gujarat,,,,,,,,,,,,,,"[{""item_id"":""11961068"",""unit"":""2418165"",""qty"":22,""itemname"":""Sprite 300ml"",""lbl_unit"":""Qty"",""description"":"""",""weighted_price"":0,""price"":0,""amount"":0,""hsn_code"":"""",""batchprefix"":"""",""existing_stock"":""194"",""current_stock"":""216"",""category"":""Food"",""sap_code"":"""",""tax_type"":0,""excise_duty"":0,""tax1_label"":""CGST"",""tax2_label"":""SGST"",""tax3_label"":""IGST""}]",[],0,0,,,[],[],,,,,,,,,,,,,,,,,,,,,,,,,,,,,,,,,,,,,,,,,,,,,,,,,,,,,,,,,,,,,,,,,,,,,,,,,,,,,,,,6a441384-d290-458d-9849-40c83c009e87,,1,,,,,,,,,,,,,,,,,,,,,,,,,,,,,,,,,,,,,,,,,,,,,,,,,,,,,,,,,,,,,,,,,,,,,,,,,,,,,,,,,,,,,,,,,,,,,,,,,,,,,,,,,,,,,,,,,,,,,,,,,,,,,,,,,,,,,,,,,,,,,,,,,,,,,,,,,,,,,,,,,,,,,,,,,,,,,,,,,,,,,,,,,,,,,,,,,,,,,,,,,,,,,,,,,,,,,,,,,,,,,,,,,,,,,,,,,,,,,,,,,,,,,,,,,,,,,,,,,,,,,,,,,,,,,,,,,,,,,,,,,,,,,,,,,,,,,,,,,,,,,,,,,,,,,,,,,,,,,,,,,,,,,,,,,,,,,,,,,,,,,,,,,,,,,,,,,,,,,,,,,,,,,,,,,,,,,,,,,,,,,,,,,,,,,,,,,,,,,,,,,,,,,,,,,,,,,,,,,,,,,,,,,,,,,,,,,,,,,,,,,,,,,,,,,,,,,,,,,,,,,,,,,,,,,,,,,,,,,,,,,,,,,,,,,,,,,,,,,,,,,,,,,,,,,,,,,,,,,,,,,,,,,,,,,,,,,,,,,,,,,,,,,,,,,,,,,,,,,,,,,,,,,,60.0.158.135,,,,,,,,,,,,,,,,,,,,,,,,,,,,,,,,,,,,,,,,,,,,,,,,,,,,,,,,,,,,,,,,,,,,,,,,,,,,,,,,,,,,,,,,,,,,,,,,,,,,,
Surat Store,117185,133603842,Manual Stock,0,0,,2026-07-01,0,0,Active,Unpaid,,0,0,0,0,0.00,0,0,0,0,2026-07-01 00:34:57,2026-07-01 00:34:57,117185,Kitchen,,,,Gujarat,,,,,,,,,,,Gujarat,,,,,,,,,,,,,,"[{""item_id"":""38726004"",""unit"":""2418165"",""qty"":31,""itemname"":""Small Garbage Bag"",""lbl_unit"":""Qty"",""description"":"""",""weighted_price"":0,""price"":0,""amount"":0,""hsn_code"":"""",""batchprefix"":"""",""existing_stock"":""136"",""current_stock"":""167"",""category"":""Housekeeping Hygiene"",""sap_code"":"""",""tax_type"":0,""excise_duty"":0,""tax1_label"":""CGST"",""tax2_label"":""SGST"",""tax3_label"":""IGST""}]",[],0,0,,,[],[],,,,,,,,,,,,,,,,,,,,,,,,,,,,,,,,,,,,,,,,,,,,,,,,,,,,,,,,,,,,,,,,,,,,,,,,,,,,,,,,6a441352-d07c-4fe1-a03f-42b13c009e87,,1,,,,,,,,,,,,,,,,,,,,,,,,,,,,,,,,,,,,,,,,,,,,,,,,,,,,,,,,,,,,,,,,,,,,,,,,,,,,,,,,,,,,,,,,,,,,,,,,,,,,,,,,,,,,,,,,,,,,,,,,,,,,,,,,,,,,,,,,,,,,,,,,,,,,,,,,,,,,,,,,,,,,,,,,,,,,,,,,,,,,,,,,,,,,,,,,,,,,,,,,,,,,,,,,,,,,,,,,,,,,,,,,,,,,,,,,,,,,,,,,,,,,,,,,,,,,,,,,,,,,,,,,,,,,,,,,,,,,,,,,,,,,,,,,,,,,,,,,,,,,,,,,,,,,,,,,,,,,,,,,,,,,,,,,,,,,,,,,,,,,,,,,,,,,,,,,,,,,,,,,,,,,,,,,,,,,,,,,,,,,,,,,,,,,,,,,,,,,,,,,,,,,,,,,,,,,,,,,,,,,,,,,,,,,,,,,,,,,,,,,,,,,,,,,,,,,,,,,,,,,,,,,,,,,,,,,,,,,,,,,,,,,,,,,,,,,,,,,,,,,,,,,,,,,,,,,,,,,,,,,,,,,,,,,,,,,,,,,,,,,,,,,,,,,,,,,,,,,,,,,,,,,,,,60.0.158.135,,,,,,,,,,,,,,,,,,,,,,,,,,,,,,,,,,,,,,,,,,,,,,,,,,,,,,,,,,,,,,,,,,,,,,,,,,,,,,,,,,,,,,,,,,,,,,,,,,,,
Surat Store,117185,133603835,Manual Stock,0,0,,2026-07-01,0,0,Active,Unpaid,,0,0,0,0,0.00,0,0,0,0,2026-07-01 00:34:46,2026-07-01 00:34:46,117185,Kitchen,,,,Gujarat,,,,,,,,,,,Gujarat,,,,,,,,,,,,,,"[{""item_id"":""43295419"",""unit"":""2418167"",""qty"":50,""itemname"":""500 Ml Paper White Container"",""lbl_unit"":""pcs"",""description"":"""",""weighted_price"":0,""price"":0,""amount"":0,""hsn_code"":"""",""batchprefix"":"""",""existing_stock"":""100"",""current_stock"":""150"",""category"":""Packaging"",""sap_code"":"""",""tax_type"":0,""excise_duty"":0,""tax1_label"":""CGST"",""tax2_label"":""SGST"",""tax3_label"":""IGST""}]",[],0,0,,,[],[],,,,,,,,,,,,,,,,,,,,,,,,,,,,,,,,,,,,,,,,,,,,,,,,,,,,,,,,,,,,,,,,,,,,,,,,,,,,,,,,6a441348-8bd8-4892-a688-41243c009e87,,1,,,,,,,,,,,,,,,,,,,,,,,,,,,,,,,,,,,,,,,,,,,,,,,,,,,,,,,,,,,,,,,,,,,,,,,,,,,,,,,,,,,,,,,,,,,,,,,,,,,,,,,,,,,,,,,,,,,,,,,,,,,,,,,,,,,,,,,,,,,,,,,,,,,,,,,,,,,,,,,,,,,,,,,,,,,,,,,,,,,,,,,,,,,,,,,,,,,,,,,,,,,,,,,,,,,,,,,,,,,,,,,,,,,,,,,,,,,,,,,,,,,,,,,,,,,,,,,,,,,,,,,,,,,,,,,,,,,,,,,,,,,,,,,,,,,,,,,,,,,,,,,,,,,,,,,,,,,,,,,,,,,,,,,,,,,,,,,,,,,,,,,,,,,,,,,,,,,,,,,,,,,,,,,,,,,,,,,,,,,,,,,,,,,,,,,,,,,,,,,,,,,,,,,,,,,,,,,,,,,,,,,,,,,,,,,,,,,,,,,,,,,,,,,,,,,,,,,,,,,,,,,,,,,,,,,,,,,,,,,,,,,,,,,,,,,,,,,,,,,,,,,,,,,,,,,,,,,,,,,,,,,,,,,,,,,,,,,,,,,,,,,,,,,,,,,,,,,,,,,,,,,,,,,,60.0.158.135,,,,,,,,,,,,,,,,,,,,,,,,,,,,,,,,,,,,,,,,,,,,,,,,,,,,,,,,,,,,,,,,,,,,,,,,,,,,,,,,,,,,,,,,,,,,,,,,,,,
Surat Store,117185,133603775,Manual Stock,0,0,,2026-07-01,0,0,Active,Unpaid,,0,0,0,0,0.00,0,0,0,0,2026-07-01 00:32:55,2026-07-01 00:32:55,117185,Kitchen,,,,Gujarat,,,,,,,,,,,Gujarat,,,,,,,,,,,,,,"[{""item_id"":""42479649"",""unit"":""2418165"",""qty"":100,""itemname"":""Dip Bowl 50 Ml"",""lbl_unit"":""Qty"",""description"":"""",""weighted_price"":0,""price"":0,""amount"":0,""hsn_code"":"""",""batchprefix"":"""",""existing_stock"":""1100"",""current_stock"":""1200"",""category"":""Packaging"",""sap_code"":"""",""tax_type"":0,""excise_duty"":0,""tax1_label"":""CGST"",""tax2_label"":""SGST"",""tax3_label"":""IGST""}]",[],0,0,,,[],[],,,,,,,,,,,,,,,,,,,,,,,,,,,,,,,,,,,,,,,,,,,,,,,,,,,,,,,,,,,,,,,,,,,,,,,,,,,,,,,,6a4412d3-7ebc-49b7-9312-41bc3c009e87,,1,,,,,,,,,,,,,,,,,,,,,,,,,,,,,,,,,,,,,,,,,,,,,,,,,,,,,,,,,,,,,,,,,,,,,,,,,,,,,,,,,,,,,,,,,,,,,,,,,,,,,,,,,,,,,,,,,,,,,,,,,,,,,,,,,,,,,,,,,,,,,,,,,,,,,,,,,,,,,,,,,,,,,,,,,,,,,,,,,,,,,,,,,,,,,,,,,,,,,,,,,,,,,,,,,,,,,,,,,,,,,,,,,,,,,,,,,,,,,,,,,,,,,,,,,,,,,,,,,,,,,,,,,,,,,,,,,,,,,,,,,,,,,,,,,,,,,,,,,,,,,,,,,,,,,,,,,,,,,,,,,,,,,,,,,,,,,,,,,,,,,,,,,,,,,,,,,,,,,,,,,,,,,,,,,,,,,,,,,,,,,,,,,,,,,,,,,,,,,,,,,,,,,,,,,,,,,,,,,,,,,,,,,,,,,,,,,,,,,,,,,,,,,,,,,,,,,,,,,,,,,,,,,,,,,,,,,,,,,,,,,,,,,,,,,,,,,,,,,,,,,,,,,,,,,,,,,,,,,,,,,,,,,,,,,,,,,,,,,,,,,,,,,,,,,,,,,,,,,,,,,,,,,,,,,60.0.158.135,,,,,,,,,,,,,,,,,,,,,,,,,,,,,,,,,,,,,,,,,,,,,,,,,,,,,,,,,,,,,,,,,,,,,,,,,,,,,,,,,,,,,,,,,,,,,,,,,,
Surat Store,117185,133603762,Manual Stock,0,0,,2026-07-01,0,0,Active,Unpaid,,0,0,0,0,0.00,0,0,0,0,2026-07-01 00:32:28,2026-07-01 00:32:28,117185,Kitchen,,,,Gujarat,,,,,,,,,,,Gujarat,,,,,,,,,,,,,,"[{""item_id"":""40656113"",""unit"":""2418165"",""qty"":100,""itemname"":""350 Ml Container"",""lbl_unit"":""Qty"",""description"":"""",""weighted_price"":0,""price"":0,""amount"":0,""hsn_code"":"""",""batchprefix"":"""",""existing_stock"":""250"",""current_stock"":""350"",""category"":""Packaging"",""sap_code"":"""",""tax_type"":0,""excise_duty"":0,""tax1_label"":""CGST"",""tax2_label"":""SGST"",""tax3_label"":""IGST""}]",[],0,0,,,[],[],,,,,,,,,,,,,,,,,,,,,,,,,,,,,,,,,,,,,,,,,,,,,,,,,,,,,,,,,,,,,,,,,,,,,,,,,,,,,,,,6a4412bd-f714-4f8b-910f-420d3c009e87,,1,,,,,,,,,,,,,,,,,,,,,,,,,,,,,,,,,,,,,,,,,,,,,,,,,,,,,,,,,,,,,,,,,,,,,,,,,,,,,,,,,,,,,,,,,,,,,,,,,,,,,,,,,,,,,,,,,,,,,,,,,,,,,,,,,,,,,,,,,,,,,,,,,,,,,,,,,,,,,,,,,,,,,,,,,,,,,,,,,,,,,,,,,,,,,,,,,,,,,,,,,,,,,,,,,,,,,,,,,,,,,,,,,,,,,,,,,,,,,,,,,,,,,,,,,,,,,,,,,,,,,,,,,,,,,,,,,,,,,,,,,,,,,,,,,,,,,,,,,,,,,,,,,,,,,,,,,,,,,,,,,,,,,,,,,,,,,,,,,,,,,,,,,,,,,,,,,,,,,,,,,,,,,,,,,,,,,,,,,,,,,,,,,,,,,,,,,,,,,,,,,,,,,,,,,,,,,,,,,,,,,,,,,,,,,,,,,,,,,,,,,,,,,,,,,,,,,,,,,,,,,,,,,,,,,,,,,,,,,,,,,,,,,,,,,,,,,,,,,,,,,,,,,,,,,,,,,,,,,,,,,,,,,,,,,,,,,,,,,,,,,,,,,,,,,,,,,,,,,,,,,,,,,,,,,,60.0.158.135,,,,,,,,,,,,,,,,,,,,,,,,,,,,,,,,,,,,,,,,,,,,,,,,,,,,,,,,,,,,,,,,,,,,,,,,,,,,,,,,,,,,,,,,,,,,,,,,,
Surat Store,117185,133603760,Manual Stock,0,0,,2026-07-01,0,0,Active,Unpaid,,0,0,0,0,0.00,0,0,0,0,2026-07-01 00:32:18,2026-07-01 00:32:18,117185,Kitchen,,,,Gujarat,,,,,,,,,,,Gujarat,,,,,,,,,,,,,,"[{""item_id"":""36831217"",""unit"":""2418165"",""qty"":100,""itemname"":""300 Ml Container"",""lbl_unit"":""Qty"",""description"":"""",""weighted_price"":0,""price"":0,""amount"":0,""hsn_code"":"""",""batchprefix"":"""",""existing_stock"":""3650"",""current_stock"":""3750"",""category"":""Packaging"",""sap_code"":"""",""tax_type"":0,""excise_duty"":0,""tax1_label"":""CGST"",""tax2_label"":""SGST"",""tax3_label"":""IGST""}]",[],0,0,,,[],[],,,,,,,,,,,,,,,,,,,,,,,,,,,,,,,,,,,,,,,,,,,,,,,,,,,,,,,,,,,,,,,,,,,,,,,,,,,,,,,,6a4412b3-2814-435f-9274-40c83c009e87,,1,,,,,,,,,,,,,,,,,,,,,,,,,,,,,,,,,,,,,,,,,,,,,,,,,,,,,,,,,,,,,,,,,,,,,,,,,,,,,,,,,,,,,,,,,,,,,,,,,,,,,,,,,,,,,,,,,,,,,,,,,,,,,,,,,,,,,,,,,,,,,,,,,,,,,,,,,,,,,,,,,,,,,,,,,,,,,,,,,,,,,,,,,,,,,,,,,,,,,,,,,,,,,,,,,,,,,,,,,,,,,,,,,,,,,,,,,,,,,,,,,,,,,,,,,,,,,,,,,,,,,,,,,,,,,,,,,,,,,,,,,,,,,,,,,,,,,,,,,,,,,,,,,,,,,,,,,,,,,,,,,,,,,,,,,,,,,,,,,,,,,,,,,,,,,,,,,,,,,,,,,,,,,,,,,,,,,,,,,,,,,,,,,,,,,,,,,,,,,,,,,,,,,,,,,,,,,,,,,,,,,,,,,,,,,,,,,,,,,,,,,,,,,,,,,,,,,,,,,,,,,,,,,,,,,,,,,,,,,,,,,,,,,,,,,,,,,,,,,,,,,,,,,,,,,,,,,,,,,,,,,,,,,,,,,,,,,,,,,,,,,,,,,,,,,,,,,,,,,,,,,,,,,,,,,,,60.0.158.135,,,,,,,,,,,,,,,,,,,,,,,,,,,,,,,,,,,,,,,,,,,,,,,,,,,,,,,,,,,,,,,,,,,,,,,,,,,,,,,,,,,,,,,,,,,,,,,,
Surat Store,117185,133603752,Manual Stock,0,0,,2026-07-01,0,0,Active,Unpaid,,0,0,0,0,0.00,0,0,0,0,2026-07-01 00:32:07,2026-07-01 00:32:07,117185,Kitchen,,,,Gujarat,,,,,,,,,,,Gujarat,,,,,,,,,,,,,,"[{""item_id"":""41982499"",""unit"":""2418165"",""qty"":116,""itemname"":""Green Yellow Scruber"",""lbl_unit"":""Qty"",""description"":"""",""weighted_price"":0,""price"":0,""amount"":0,""hsn_code"":"""",""batchprefix"":"""",""existing_stock"":""5"",""current_stock"":""121"",""category"":""Housekeeping Liquids"",""sap_code"":"""",""tax_type"":0,""excise_duty"":0,""tax1_label"":""CGST"",""tax2_label"":""SGST"",""tax3_label"":""IGST""}]",[],0,0,,,[],[],,,,,,,,,,,,,,,,,,,,,,,,,,,,,,,,,,,,,,,,,,,,,,,,,,,,,,,,,,,,,,,,,,,,,,,,,,,,,,,,6a4412a2-7bfc-43a4-9fc6-234d3c009e87,,1,,,,,,,,,,,,,,,,,,,,,,,,,,,,,,,,,,,,,,,,,,,,,,,,,,,,,,,,,,,,,,,,,,,,,,,,,,,,,,,,,,,,,,,,,,,,,,,,,,,,,,,,,,,,,,,,,,,,,,,,,,,,,,,,,,,,,,,,,,,,,,,,,,,,,,,,,,,,,,,,,,,,,,,,,,,,,,,,,,,,,,,,,,,,,,,,,,,,,,,,,,,,,,,,,,,,,,,,,,,,,,,,,,,,,,,,,,,,,,,,,,,,,,,,,,,,,,,,,,,,,,,,,,,,,,,,,,,,,,,,,,,,,,,,,,,,,,,,,,,,,,,,,,,,,,,,,,,,,,,,,,,,,,,,,,,,,,,,,,,,,,,,,,,,,,,,,,,,,,,,,,,,,,,,,,,,,,,,,,,,,,,,,,,,,,,,,,,,,,,,,,,,,,,,,,,,,,,,,,,,,,,,,,,,,,,,,,,,,,,,,,,,,,,,,,,,,,,,,,,,,,,,,,,,,,,,,,,,,,,,,,,,,,,,,,,,,,,,,,,,,,,,,,,,,,,,,,,,,,,,,,,,,,,,,,,,,,,,,,,,,,,,,,,,,,,,,,,,,,,,,,,,,,,,,,,,60.0.158.135,,,,,,,,,,,,,,,,,,,,,,,,,,,,,,,,,,,,,,,,,,,,,,,,,,,,,,,,,,,,,,,,,,,,,,,,,,,,,,,,,,,,,,,,,,,,,,,
Surat Store,117185,133603741,Manual Stock,0,0,,2026-07-01,0,0,Active,Unpaid,,0,0,0,0,0.00,0,0,0,0,2026-07-01 00:31:50,2026-07-01 00:31:50,117185,Kitchen,,,,Gujarat,,,,,,,,,,,Gujarat,,,,,,,,,,,,,,"[{""item_id"":""43294627"",""unit"":""2418167"",""qty"":123,""itemname"":""Aiko Takeaway Bag Bunch"",""lbl_unit"":""pcs"",""description"":"""",""weighted_price"":0,""price"":0,""amount"":0,""hsn_code"":"""",""batchprefix"":"""",""existing_stock"":""5627"",""current_stock"":""5750"",""category"":""Packaging"",""sap_code"":"""",""tax_type"":0,""excise_duty"":0,""tax1_label"":""CGST"",""tax2_label"":""SGST"",""tax3_label"":""IGST""}]",[],0,0,,,[],[],,,,,,,,,,,,,,,,,,,,,,,,,,,,,,,,,,,,,,,,,,,,,,,,,,,,,,,,,,,,,,,,,,,,,,,,,,,,,,,,6a441296-035c-4e0c-9315-40413c009e87,,1,,,,,,,,,,,,,,,,,,,,,,,,,,,,,,,,,,,,,,,,,,,,,,,,,,,,,,,,,,,,,,,,,,,,,,,,,,,,,,,,,,,,,,,,,,,,,,,,,,,,,,,,,,,,,,,,,,,,,,,,,,,,,,,,,,,,,,,,,,,,,,,,,,,,,,,,,,,,,,,,,,,,,,,,,,,,,,,,,,,,,,,,,,,,,,,,,,,,,,,,,,,,,,,,,,,,,,,,,,,,,,,,,,,,,,,,,,,,,,,,,,,,,,,,,,,,,,,,,,,,,,,,,,,,,,,,,,,,,,,,,,,,,,,,,,,,,,,,,,,,,,,,,,,,,,,,,,,,,,,,,,,,,,,,,,,,,,,,,,,,,,,,,,,,,,,,,,,,,,,,,,,,,,,,,,,,,,,,,,,,,,,,,,,,,,,,,,,,,,,,,,,,,,,,,,,,,,,,,,,,,,,,,,,,,,,,,,,,,,,,,,,,,,,,,,,,,,,,,,,,,,,,,,,,,,,,,,,,,,,,,,,,,,,,,,,,,,,,,,,,,,,,,,,,,,,,,,,,,,,,,,,,,,,,,,,,,,,,,,,,,,,,,,,,,,,,,,,,,,,,,,,,,,,,,,,,,60.0.158.135,,,,,,,,,,,,,,,,,,,,,,,,,,,,,,,,,,,,,,,,,,,,,,,,,,,,,,,,,,,,,,,,,,,,,,,,,,,,,,,,,,,,,,,,,,,,,,
Surat Store,117185,133603705,Manual Stock,0,0,,2026-07-01,0,0,Active,Unpaid,,0,0,0,0,0.00,0,0,0,0,2026-07-01 00:30:35,2026-07-01 00:30:35,117185,Kitchen,,,,Gujarat,,,,,,,,,,,Gujarat,,,,,,,,,,,,,,"[{""item_id"":""43368779"",""unit"":""2418165"",""qty"":150,""itemname"":""700 Ml Paper White Container"",""lbl_unit"":""Qty"",""description"":"""",""weighted_price"":0,""price"":0,""amount"":0,""hsn_code"":"""",""batchprefix"":"""",""existing_stock"":""300"",""current_stock"":""450"",""category"":""Packaging"",""sap_code"":"""",""tax_type"":0,""excise_duty"":0,""tax1_label"":""CGST"",""tax2_label"":""SGST"",""tax3_label"":""IGST""}]",[],0,0,,,[],[],,,,,,,,,,,,,,,,,,,,,,,,,,,,,,,,,,,,,,,,,,,,,,,,,,,,,,,,,,,,,,,,,,,,,,,,,,,,,,,,6a44124d-4044-4696-a6a4-23f33c009e87,,1,,,,,,,,,,,,,,,,,,,,,,,,,,,,,,,,,,,,,,,,,,,,,,,,,,,,,,,,,,,,,,,,,,,,,,,,,,,,,,,,,,,,,,,,,,,,,,,,,,,,,,,,,,,,,,,,,,,,,,,,,,,,,,,,,,,,,,,,,,,,,,,,,,,,,,,,,,,,,,,,,,,,,,,,,,,,,,,,,,,,,,,,,,,,,,,,,,,,,,,,,,,,,,,,,,,,,,,,,,,,,,,,,,,,,,,,,,,,,,,,,,,,,,,,,,,,,,,,,,,,,,,,,,,,,,,,,,,,,,,,,,,,,,,,,,,,,,,,,,,,,,,,,,,,,,,,,,,,,,,,,,,,,,,,,,,,,,,,,,,,,,,,,,,,,,,,,,,,,,,,,,,,,,,,,,,,,,,,,,,,,,,,,,,,,,,,,,,,,,,,,,,,,,,,,,,,,,,,,,,,,,,,,,,,,,,,,,,,,,,,,,,,,,,,,,,,,,,,,,,,,,,,,,,,,,,,,,,,,,,,,,,,,,,,,,,,,,,,,,,,,,,,,,,,,,,,,,,,,,,,,,,,,,,,,,,,,,,,,,,,,,,,,,,,,,,,,,,,,,,,,,,,,,,,,,,,,,60.0.158.135,,,,,,,,,,,,,,,,,,,,,,,,,,,,,,,,,,,,,,,,,,,,,,,,,,,,,,,,,,,,,,,,,,,,,,,,,,,,,,,,,,,,,,,,,,,,,
Surat Store,117185,133603694,Manual Stock,0,0,,2026-07-01,0,0,Active,Unpaid,,0,0,0,0,0.00,0,0,0,0,2026-07-01 00:29:57,2026-07-01 00:29:57,117185,Kitchen,,,,Gujarat,,,,,,,,,,,Gujarat,,,,,,,,,,,,,,"[{""item_id"":""33748194"",""unit"":""2418165"",""qty"":200,""itemname"":""Pizza Liner 12 Inch"",""lbl_unit"":""Qty"",""description"":"""",""weighted_price"":0,""price"":0,""amount"":0,""hsn_code"":"""",""batchprefix"":"""",""existing_stock"":""2900"",""current_stock"":""3100"",""category"":""Packaging"",""sap_code"":"""",""tax_type"":0,""excise_duty"":0,""tax1_label"":""CGST"",""tax2_label"":""SGST"",""tax3_label"":""IGST""}]",[],0,0,,,[],[],,,,,,,,,,,,,,,,,,,,,,,,,,,,,,,,,,,,,,,,,,,,,,,,,,,,,,,,,,,,,,,,,,,,,,,,,,,,,,,,6a441226-3098-4324-9a3f-20aa3c009e87,,1,,,,,,,,,,,,,,,,,,,,,,,,,,,,,,,,,,,,,,,,,,,,,,,,,,,,,,,,,,,,,,,,,,,,,,,,,,,,,,,,,,,,,,,,,,,,,,,,,,,,,,,,,,,,,,,,,,,,,,,,,,,,,,,,,,,,,,,,,,,,,,,,,,,,,,,,,,,,,,,,,,,,,,,,,,,,,,,,,,,,,,,,,,,,,,,,,,,,,,,,,,,,,,,,,,,,,,,,,,,,,,,,,,,,,,,,,,,,,,,,,,,,,,,,,,,,,,,,,,,,,,,,,,,,,,,,,,,,,,,,,,,,,,,,,,,,,,,,,,,,,,,,,,,,,,,,,,,,,,,,,,,,,,,,,,,,,,,,,,,,,,,,,,,,,,,,,,,,,,,,,,,,,,,,,,,,,,,,,,,,,,,,,,,,,,,,,,,,,,,,,,,,,,,,,,,,,,,,,,,,,,,,,,,,,,,,,,,,,,,,,,,,,,,,,,,,,,,,,,,,,,,,,,,,,,,,,,,,,,,,,,,,,,,,,,,,,,,,,,,,,,,,,,,,,,,,,,,,,,,,,,,,,,,,,,,,,,,,,,,,,,,,,,,,,,,,,,,,,,,,,,,,,,,,,,,,,,,60.0.158.135,,,,,,,,,,,,,,,,,,,,,,,,,,,,,,,,,,,,,,,,,,,,,,,,,,,,,,,,,,,,,,,,,,,,,,,,,,,,,,,,,,,,,,,,,,,,
Surat Store,117185,133603690,Manual Stock,0,0,,2026-07-01,0,0,Active,Unpaid,,0,0,0,0,0.00,0,0,0,0,2026-07-01 00:29:47,2026-07-01 00:29:47,117185,Kitchen,,,,Gujarat,,,,,,,,,,,Gujarat,,,,,,,,,,,,,,"[{""item_id"":""36227223"",""unit"":""2418165"",""qty"":200,""itemname"":""Pizza Box '12"",""lbl_unit"":""Qty"",""description"":"""",""weighted_price"":0,""price"":0,""amount"":0,""hsn_code"":"""",""batchprefix"":"""",""existing_stock"":""4300"",""current_stock"":""4500"",""category"":""Packaging"",""sap_code"":"""",""tax_type"":0,""excise_duty"":0,""tax1_label"":""CGST"",""tax2_label"":""SGST"",""tax3_label"":""IGST""}]",[],0,0,,,[],[],,,,,,,,,,,,,,,,,,,,,,,,,,,,,,,,,,,,,,,,,,,,,,,,,,,,,,,,,,,,,,,,,,,,,,,,,,,,,,,,6a44121b-dab4-4809-8a69-22e93c009e87,,1,,,,,,,,,,,,,,,,,,,,,,,,,,,,,,,,,,,,,,,,,,,,,,,,,,,,,,,,,,,,,,,,,,,,,,,,,,,,,,,,,,,,,,,,,,,,,,,,,,,,,,,,,,,,,,,,,,,,,,,,,,,,,,,,,,,,,,,,,,,,,,,,,,,,,,,,,,,,,,,,,,,,,,,,,,,,,,,,,,,,,,,,,,,,,,,,,,,,,,,,,,,,,,,,,,,,,,,,,,,,,,,,,,,,,,,,,,,,,,,,,,,,,,,,,,,,,,,,,,,,,,,,,,,,,,,,,,,,,,,,,,,,,,,,,,,,,,,,,,,,,,,,,,,,,,,,,,,,,,,,,,,,,,,,,,,,,,,,,,,,,,,,,,,,,,,,,,,,,,,,,,,,,,,,,,,,,,,,,,,,,,,,,,,,,,,,,,,,,,,,,,,,,,,,,,,,,,,,,,,,,,,,,,,,,,,,,,,,,,,,,,,,,,,,,,,,,,,,,,,,,,,,,,,,,,,,,,,,,,,,,,,,,,,,,,,,,,,,,,,,,,,,,,,,,,,,,,,,,,,,,,,,,,,,,,,,,,,,,,,,,,,,,,,,,,,,,,,,,,,,,,,,,,,,,,,,,,,,60.0.158.135,,,,,,,,,,,,,,,,,,,,,,,,,,,,,,,,,,,,,,,,,,,,,,,,,,,,,,,,,,,,,,,,,,,,,,,,,,,,,,,,,,,,,,,,,,,
Surat Store,117185,133603680,Manual Stock,0,0,,2026-07-01,0,0,Active,Unpaid,,0,0,0,0,0.00,0,0,0,0,2026-07-01 00:29:36,2026-07-01 00:29:36,117185,Kitchen,,,,Gujarat,,,,,,,,,,,Gujarat,,,,,,,,,,,,,,"[{""item_id"":""27861818"",""unit"":""2418165"",""qty"":200,""itemname"":""Tanifuji Rice 1kg"",""lbl_unit"":""Qty"",""description"":"""",""weighted_price"":0,""price"":0,""amount"":0,""hsn_code"":"""",""batchprefix"":"""",""existing_stock"":""254"",""current_stock"":""454"",""category"":""Food"",""sap_code"":"""",""tax_type"":0,""excise_duty"":0,""tax1_label"":""CGST"",""tax2_label"":""SGST"",""tax3_label"":""IGST""}]",[],0,0,,,[],[],,,,,,,,,,,,,,,,,,,,,,,,,,,,,,,,,,,,,,,,,,,,,,,,,,,,,,,,,,,,,,,,,,,,,,,,,,,,,,,,6a441210-dc28-4db5-85bb-23cb3c009e87,,1,,,,,,,,,,,,,,,,,,,,,,,,,,,,,,,,,,,,,,,,,,,,,,,,,,,,,,,,,,,,,,,,,,,,,,,,,,,,,,,,,,,,,,,,,,,,,,,,,,,,,,,,,,,,,,,,,,,,,,,,,,,,,,,,,,,,,,,,,,,,,,,,,,,,,,,,,,,,,,,,,,,,,,,,,,,,,,,,,,,,,,,,,,,,,,,,,,,,,,,,,,,,,,,,,,,,,,,,,,,,,,,,,,,,,,,,,,,,,,,,,,,,,,,,,,,,,,,,,,,,,,,,,,,,,,,,,,,,,,,,,,,,,,,,,,,,,,,,,,,,,,,,,,,,,,,,,,,,,,,,,,,,,,,,,,,,,,,,,,,,,,,,,,,,,,,,,,,,,,,,,,,,,,,,,,,,,,,,,,,,,,,,,,,,,,,,,,,,,,,,,,,,,,,,,,,,,,,,,,,,,,,,,,,,,,,,,,,,,,,,,,,,,,,,,,,,,,,,,,,,,,,,,,,,,,,,,,,,,,,,,,,,,,,,,,,,,,,,,,,,,,,,,,,,,,,,,,,,,,,,,,,,,,,,,,,,,,,,,,,,,,,,,,,,,,,,,,,,,,,,,,,,,,,,,,,,,,,,,60.0.158.135,,,,,,,,,,,,,,,,,,,,,,,,,,,,,,,,,,,,,,,,,,,,,,,,,,,,,,,,,,,,,,,,,,,,,,,,,,,,,,,,,,,,,,,,,,
Surat Store,117185,133603641,Manual Stock,0,0,,2026-07-01,0,0,Active,Unpaid,,0,0,0,0,0.00,0,0,0,0,2026-07-01 00:29:15,2026-07-01 00:29:15,117185,Kitchen,,,,Gujarat,,,,,,,,,,,Gujarat,,,,,,,,,,,,,,"[{""item_id"":""43368573"",""unit"":""2418165"",""qty"":300,""itemname"":""Aiko 380 Ml Takeaway Glass"",""lbl_unit"":""Qty"",""description"":"""",""weighted_price"":0,""price"":0,""amount"":0,""hsn_code"":"""",""batchprefix"":"""",""existing_stock"":""1525"",""current_stock"":""1825"",""category"":""Packaging"",""sap_code"":"""",""tax_type"":0,""excise_duty"":0,""tax1_label"":""CGST"",""tax2_label"":""SGST"",""tax3_label"":""IGST""}]",[],0,0,,,[],[],,,,,,,,,,,,,,,,,,,,,,,,,,,,,,,,,,,,,,,,,,,,,,,,,,,,,,,,,,,,,,,,,,,,,,,,,,,,,,,,6a4411fb-a710-400b-9ce4-22273c009e87,,1,,,,,,,,,,,,,,,,,,,,,,,,,,,,,,,,,,,,,,,,,,,,,,,,,,,,,,,,,,,,,,,,,,,,,,,,,,,,,,,,,,,,,,,,,,,,,,,,,,,,,,,,,,,,,,,,,,,,,,,,,,,,,,,,,,,,,,,,,,,,,,,,,,,,,,,,,,,,,,,,,,,,,,,,,,,,,,,,,,,,,,,,,,,,,,,,,,,,,,,,,,,,,,,,,,,,,,,,,,,,,,,,,,,,,,,,,,,,,,,,,,,,,,,,,,,,,,,,,,,,,,,,,,,,,,,,,,,,,,,,,,,,,,,,,,,,,,,,,,,,,,,,,,,,,,,,,,,,,,,,,,,,,,,,,,,,,,,,,,,,,,,,,,,,,,,,,,,,,,,,,,,,,,,,,,,,,,,,,,,,,,,,,,,,,,,,,,,,,,,,,,,,,,,,,,,,,,,,,,,,,,,,,,,,,,,,,,,,,,,,,,,,,,,,,,,,,,,,,,,,,,,,,,,,,,,,,,,,,,,,,,,,,,,,,,,,,,,,,,,,,,,,,,,,,,,,,,,,,,,,,,,,,,,,,,,,,,,,,,,,,,,,,,,,,,,,,,,,,,,,,,,,,,,,,,,,,,,,,,60.0.158.135,,,,,,,,,,,,,,,,,,,,,,,,,,,,,,,,,,,,,,,,,,,,,,,,,,,,,,,,,,,,,,,,,,,,,,,,,,,,,,,,,,,,,,,,,
Surat Store,117185,133603607,Manual Stock,0,0,,2026-07-01,0,0,Active,Unpaid,,0,0,0,0,0.00,0,0,0,0,2026-07-01 00:28:51,2026-07-01 00:28:51,117185,Kitchen,,,,Gujarat,,,,,,,,,,,Gujarat,,,,,,,,,,,,,,"[{""item_id"":""45530362"",""unit"":""2418165"",""qty"":500,""itemname"":""Pizza Stool Round White"",""lbl_unit"":""Qty"",""description"":"""",""weighted_price"":0,""price"":0,""amount"":0,""hsn_code"":"""",""batchprefix"":"""",""existing_stock"":""2000"",""current_stock"":""2500"",""category"":""Packaging"",""sap_code"":"""",""tax_type"":0,""excise_duty"":0,""tax1_label"":""CGST"",""tax2_label"":""SGST"",""tax3_label"":""IGST""}]",[],0,0,,,[],[],,,,,,,,,,,,,,,,,,,,,,,,,,,,,,,,,,,,,,,,,,,,,,,,,,,,,,,,,,,,,,,,,,,,,,,,,,,,,,,,6a4411e5-53dc-4524-85b3-22e73c009e87,,1,,,,,,,,,,,,,,,,,,,,,,,,,,,,,,,,,,,,,,,,,,,,,,,,,,,,,,,,,,,,,,,,,,,,,,,,,,,,,,,,,,,,,,,,,,,,,,,,,,,,,,,,,,,,,,,,,,,,,,,,,,,,,,,,,,,,,,,,,,,,,,,,,,,,,,,,,,,,,,,,,,,,,,,,,,,,,,,,,,,,,,,,,,,,,,,,,,,,,,,,,,,,,,,,,,,,,,,,,,,,,,,,,,,,,,,,,,,,,,,,,,,,,,,,,,,,,,,,,,,,,,,,,,,,,,,,,,,,,,,,,,,,,,,,,,,,,,,,,,,,,,,,,,,,,,,,,,,,,,,,,,,,,,,,,,,,,,,,,,,,,,,,,,,,,,,,,,,,,,,,,,,,,,,,,,,,,,,,,,,,,,,,,,,,,,,,,,,,,,,,,,,,,,,,,,,,,,,,,,,,,,,,,,,,,,,,,,,,,,,,,,,,,,,,,,,,,,,,,,,,,,,,,,,,,,,,,,,,,,,,,,,,,,,,,,,,,,,,,,,,,,,,,,,,,,,,,,,,,,,,,,,,,,,,,,,,,,,,,,,,,,,,,,,,,,,,,,,,,,,,,,,,,,,,,,,,,,,,,,,60.0.158.135,,,,,,,,,,,,,,,,,,,,,,,,,,,,,,,,,,,,,,,,,,,,,,,,,,,,,,,,,,,,,,,,,,,,,,,,,,,,,,,,,,,,,,,,
Surat Store,117185,133603526,Manual Stock,0,0,,2026-07-01,0,0,Active,Unpaid,,0,0,0,0,0.00,0,0,0,0,2026-07-01 00:27:50,2026-07-01 00:27:50,117185,Kitchen,,,,Gujarat,,,,,,,,,,,Gujarat,,,,,,,,,,,,,,"[{""item_id"":""46189659"",""unit"":""2418165"",""qty"":545,""itemname"":""Cake Base 8' Non Print"",""lbl_unit"":""Qty"",""description"":"""",""weighted_price"":0,""price"":0,""amount"":0,""hsn_code"":"""",""batchprefix"":"""",""existing_stock"":""5"",""current_stock"":""550"",""category"":""Packaging"",""sap_code"":"""",""tax_type"":0,""excise_duty"":0,""tax1_label"":""CGST"",""tax2_label"":""SGST"",""tax3_label"":""IGST""}]",[],0,0,,,[],[],,,,,,,,,,,,,,,,,,,,,,,,,,,,,,,,,,,,,,,,,,,,,,,,,,,,,,,,,,,,,,,,,,,,,,,,,,,,,,,,6a441197-7e40-45f7-aab7-214f3c009e87,,1,,,,,,,,,,,,,,,,,,,,,,,,,,,,,,,,,,,,,,,,,,,,,,,,,,,,,,,,,,,,,,,,,,,,,,,,,,,,,,,,,,,,,,,,,,,,,,,,,,,,,,,,,,,,,,,,,,,,,,,,,,,,,,,,,,,,,,,,,,,,,,,,,,,,,,,,,,,,,,,,,,,,,,,,,,,,,,,,,,,,,,,,,,,,,,,,,,,,,,,,,,,,,,,,,,,,,,,,,,,,,,,,,,,,,,,,,,,,,,,,,,,,,,,,,,,,,,,,,,,,,,,,,,,,,,,,,,,,,,,,,,,,,,,,,,,,,,,,,,,,,,,,,,,,,,,,,,,,,,,,,,,,,,,,,,,,,,,,,,,,,,,,,,,,,,,,,,,,,,,,,,,,,,,,,,,,,,,,,,,,,,,,,,,,,,,,,,,,,,,,,,,,,,,,,,,,,,,,,,,,,,,,,,,,,,,,,,,,,,,,,,,,,,,,,,,,,,,,,,,,,,,,,,,,,,,,,,,,,,,,,,,,,,,,,,,,,,,,,,,,,,,,,,,,,,,,,,,,,,,,,,,,,,,,,,,,,,,,,,,,,,,,,,,,,,,,,,,,,,,,,,,,,,,,,,,,,,,,,,,,60.0.158.135,,,,,,,,,,,,,,,,,,,,,,,,,,,,,,,,,,,,,,,,,,,,,,,,,,,,,,,,,,,,,,,,,,,,,,,,,,,,,,,,,,,,,,,
Surat Store,117185,133603513,Manual Stock,0,0,,2026-07-01,0,0,Active,Unpaid,,0,0,0,0,0.00,0,0,0,0,2026-07-01 00:27:24,2026-07-01 00:27:24,117185,Kitchen,,,,Gujarat,,,,,,,,,,,Gujarat,,,,,,,,,,,,,,"[{""item_id"":""32493144"",""unit"":""2418165"",""qty"":550,""itemname"":""1000 Ml Container"",""lbl_unit"":""Qty"",""description"":"""",""weighted_price"":0,""price"":0,""amount"":0,""hsn_code"":"""",""batchprefix"":"""",""existing_stock"":""400"",""current_stock"":""950"",""category"":""Packaging"",""sap_code"":"""",""tax_type"":0,""excise_duty"":0,""tax1_label"":""CGST"",""tax2_label"":""SGST"",""tax3_label"":""IGST""}]",[],0,0,,,[],[],,,,,,,,,,,,,,,,,,,,,,,,,,,,,,,,,,,,,,,,,,,,,,,,,,,,,,,,,,,,,,,,,,,,,,,,,,,,,,,,6a44118d-6420-4ad2-ad93-25143c009e87,,1,,,,,,,,,,,,,,,,,,,,,,,,,,,,,,,,,,,,,,,,,,,,,,,,,,,,,,,,,,,,,,,,,,,,,,,,,,,,,,,,,,,,,,,,,,,,,,,,,,,,,,,,,,,,,,,,,,,,,,,,,,,,,,,,,,,,,,,,,,,,,,,,,,,,,,,,,,,,,,,,,,,,,,,,,,,,,,,,,,,,,,,,,,,,,,,,,,,,,,,,,,,,,,,,,,,,,,,,,,,,,,,,,,,,,,,,,,,,,,,,,,,,,,,,,,,,,,,,,,,,,,,,,,,,,,,,,,,,,,,,,,,,,,,,,,,,,,,,,,,,,,,,,,,,,,,,,,,,,,,,,,,,,,,,,,,,,,,,,,,,,,,,,,,,,,,,,,,,,,,,,,,,,,,,,,,,,,,,,,,,,,,,,,,,,,,,,,,,,,,,,,,,,,,,,,,,,,,,,,,,,,,,,,,,,,,,,,,,,,,,,,,,,,,,,,,,,,,,,,,,,,,,,,,,,,,,,,,,,,,,,,,,,,,,,,,,,,,,,,,,,,,,,,,,,,,,,,,,,,,,,,,,,,,,,,,,,,,,,,,,,,,,,,,,,,,,,,,,,,,,,,,,,,,,,,,,,,,,,,,,,60.0.158.135,,,,,,,,,,,,,,,,,,,,,,,,,,,,,,,,,,,,,,,,,,,,,,,,,,,,,,,,,,,,,,,,,,,,,,,,,,,,,,,,,,,,,,
Surat Store,117185,133603486,Manual Stock,0,0,,2026-07-01,0,0,Active,Unpaid,,0,0,0,0,0.00,0,0,0,0,2026-07-01 00:27:13,2026-07-01 00:27:13,117185,Kitchen,,,,Gujarat,,,,,,,,,,,Gujarat,,,,,,,,,,,,,,"[{""item_id"":""43294602"",""unit"":""2418167"",""qty"":600,""itemname"":""Capiche Takeaway Bag"",""lbl_unit"":""pcs"",""description"":"""",""weighted_price"":0,""price"":0,""amount"":0,""hsn_code"":"""",""batchprefix"":"""",""existing_stock"":""350"",""current_stock"":""950"",""category"":""Packaging"",""sap_code"":"""",""tax_type"":0,""excise_duty"":0,""tax1_label"":""CGST"",""tax2_label"":""SGST"",""tax3_label"":""IGST""}]",[],0,0,,,[],[],,,,,,,,,,,,,,,,,,,,,,,,,,,,,,,,,,,,,,,,,,,,,,,,,,,,,,,,,,,,,,,,,,,,,,,,,,,,,,,,6a441180-8ac8-4223-9849-24223c009e87,,1,,,,,,,,,,,,,,,,,,,,,,,,,,,,,,,,,,,,,,,,,,,,,,,,,,,,,,,,,,,,,,,,,,,,,,,,,,,,,,,,,,,,,,,,,,,,,,,,,,,,,,,,,,,,,,,,,,,,,,,,,,,,,,,,,,,,,,,,,,,,,,,,,,,,,,,,,,,,,,,,,,,,,,,,,,,,,,,,,,,,,,,,,,,,,,,,,,,,,,,,,,,,,,,,,,,,,,,,,,,,,,,,,,,,,,,,,,,,,,,,,,,,,,,,,,,,,,,,,,,,,,,,,,,,,,,,,,,,,,,,,,,,,,,,,,,,,,,,,,,,,,,,,,,,,,,,,,,,,,,,,,,,,,,,,,,,,,,,,,,,,,,,,,,,,,,,,,,,,,,,,,,,,,,,,,,,,,,,,,,,,,,,,,,,,,,,,,,,,,,,,,,,,,,,,,,,,,,,,,,,,,,,,,,,,,,,,,,,,,,,,,,,,,,,,,,,,,,,,,,,,,,,,,,,,,,,,,,,,,,,,,,,,,,,,,,,,,,,,,,,,,,,,,,,,,,,,,,,,,,,,,,,,,,,,,,,,,,,,,,,,,,,,,,,,,,,,,,,,,,,,,,,,,,,,,,,,,,,,,,,,,60.0.158.135,,,,,,,,,,,,,,,,,,,,,,,,,,,,,,,,,,,,,,,,,,,,,,,,,,,,,,,,,,,,,,,,,,,,,,,,,,,,,,,,,,,,,
Surat Store,117185,133603441,Manual Stock,0,0,,2026-07-01,0,0,Active,Unpaid,,0,0,0,0,0.00,0,0,0,0,2026-07-01 00:26:50,2026-07-01 00:26:50,117185,Kitchen,,,,Gujarat,,,,,,,,,,,Gujarat,,,,,,,,,,,,,,"[{""item_id"":""43662327"",""unit"":""2418165"",""qty"":710,""itemname"":""Takeaway Fork"",""lbl_unit"":""Qty"",""description"":"""",""weighted_price"":0,""price"":0,""amount"":0,""hsn_code"":"""",""batchprefix"":"""",""existing_stock"":""40"",""current_stock"":""750"",""category"":""Packaging"",""sap_code"":"""",""tax_type"":0,""excise_duty"":0,""tax1_label"":""CGST"",""tax2_label"":""SGST"",""tax3_label"":""IGST""}]",[],0,0,,,[],[],,,,,,,,,,,,,,,,,,,,,,,,,,,,,,,,,,,,,,,,,,,,,,,,,,,,,,,,,,,,,,,,,,,,,,,,,,,,,,,,6a441167-7b68-4d23-a05b-258c3c009e87,,1,,,,,,,,,,,,,,,,,,,,,,,,,,,,,,,,,,,,,,,,,,,,,,,,,,,,,,,,,,,,,,,,,,,,,,,,,,,,,,,,,,,,,,,,,,,,,,,,,,,,,,,,,,,,,,,,,,,,,,,,,,,,,,,,,,,,,,,,,,,,,,,,,,,,,,,,,,,,,,,,,,,,,,,,,,,,,,,,,,,,,,,,,,,,,,,,,,,,,,,,,,,,,,,,,,,,,,,,,,,,,,,,,,,,,,,,,,,,,,,,,,,,,,,,,,,,,,,,,,,,,,,,,,,,,,,,,,,,,,,,,,,,,,,,,,,,,,,,,,,,,,,,,,,,,,,,,,,,,,,,,,,,,,,,,,,,,,,,,,,,,,,,,,,,,,,,,,,,,,,,,,,,,,,,,,,,,,,,,,,,,,,,,,,,,,,,,,,,,,,,,,,,,,,,,,,,,,,,,,,,,,,,,,,,,,,,,,,,,,,,,,,,,,,,,,,,,,,,,,,,,,,,,,,,,,,,,,,,,,,,,,,,,,,,,,,,,,,,,,,,,,,,,,,,,,,,,,,,,,,,,,,,,,,,,,,,,,,,,,,,,,,,,,,,,,,,,,,,,,,,,,,,,,,,,,,,,,,,,,,,,,,60.0.158.135,,,,,,,,,,,,,,,,,,,,,,,,,,,,,,,,,,,,,,,,,,,,,,,,,,,,,,,,,,,,,,,,,,,,,,,,,,,,,,,,,,,,
Surat Store,117185,133603429,Manual Stock,0,0,,2026-07-01,0,0,Active,Unpaid,,0,0,0,0,0.00,0,0,0,0,2026-07-01 00:26:29,2026-07-01 00:26:29,117185,Kitchen,,,,Gujarat,,,,,,,,,,,Gujarat,,,,,,,,,,,,,,"[{""item_id"":""43304306"",""unit"":""2418167"",""qty"":1000,""itemname"":""Takeaway Glass Stand"",""lbl_unit"":""pcs"",""description"":"""",""weighted_price"":0,""price"":0,""amount"":0,""hsn_code"":"""",""batchprefix"":"""",""existing_stock"":""1500"",""current_stock"":""2500"",""category"":""Packaging"",""sap_code"":"""",""tax_type"":0,""excise_duty"":0,""tax1_label"":""CGST"",""tax2_label"":""SGST"",""tax3_label"":""IGST""}]",[],0,0,,,[],[],,,,,,,,,,,,,,,,,,,,,,,,,,,,,,,,,,,,,,,,,,,,,,,,,,,,,,,,,,,,,,,,,,,,,,,,,,,,,,,,6a441154-e2fc-4ab3-98da-20e33c009e87,,1,,,,,,,,,,,,,,,,,,,,,,,,,,,,,,,,,,,,,,,,,,,,,,,,,,,,,,,,,,,,,,,,,,,,,,,,,,,,,,,,,,,,,,,,,,,,,,,,,,,,,,,,,,,,,,,,,,,,,,,,,,,,,,,,,,,,,,,,,,,,,,,,,,,,,,,,,,,,,,,,,,,,,,,,,,,,,,,,,,,,,,,,,,,,,,,,,,,,,,,,,,,,,,,,,,,,,,,,,,,,,,,,,,,,,,,,,,,,,,,,,,,,,,,,,,,,,,,,,,,,,,,,,,,,,,,,,,,,,,,,,,,,,,,,,,,,,,,,,,,,,,,,,,,,,,,,,,,,,,,,,,,,,,,,,,,,,,,,,,,,,,,,,,,,,,,,,,,,,,,,,,,,,,,,,,,,,,,,,,,,,,,,,,,,,,,,,,,,,,,,,,,,,,,,,,,,,,,,,,,,,,,,,,,,,,,,,,,,,,,,,,,,,,,,,,,,,,,,,,,,,,,,,,,,,,,,,,,,,,,,,,,,,,,,,,,,,,,,,,,,,,,,,,,,,,,,,,,,,,,,,,,,,,,,,,,,,,,,,,,,,,,,,,,,,,,,,,,,,,,,,,,,,,,,,,,,,,,,,,,,,,,,60.0.158.135,,,,,,,,,,,,,,,,,,,,,,,,,,,,,,,,,,,,,,,,,,,,,,,,,,,,,,,,,,,,,,,,,,,,,,,,,,,,,,,,,,,
Surat Store,117185,133603402,Manual Stock,0,0,,2026-07-01,0,0,Active,Unpaid,,0,0,0,0,0.00,0,0,0,0,2026-07-01 00:26:13,2026-07-01 00:26:13,117185,Kitchen,,,,Gujarat,,,,,,,,,,,Gujarat,,,,,,,,,,,,,,"[{""item_id"":""37791631"",""unit"":""2418165"",""qty"":1600,""itemname"":""Pizza Box 15\"""",""lbl_unit"":""Qty"",""description"":"""",""weighted_price"":0,""price"":0,""amount"":0,""hsn_code"":"""",""batchprefix"":"""",""existing_stock"":""2200"",""current_stock"":""3800"",""category"":""Packaging"",""sap_code"":"""",""tax_type"":0,""excise_duty"":0,""tax1_label"":""CGST"",""tax2_label"":""SGST"",""tax3_label"":""IGST""}]",[],0,0,,,[],[],,,,,,,,,,,,,,,,,,,,,,,,,,,,,,,,,,,,,,,,,,,,,,,,,,,,,,,,,,,,,,,,,,,,,,,,,,,,,,,,6a441143-3588-4e80-baf1-22673c009e87,,1,,,,,,,,,,,,,,,,,,,,,,,,,,,,,,,,,,,,,,,,,,,,,,,,,,,,,,,,,,,,,,,,,,,,,,,,,,,,,,,,,,,,,,,,,,,,,,,,,,,,,,,,,,,,,,,,,,,,,,,,,,,,,,,,,,,,,,,,,,,,,,,,,,,,,,,,,,,,,,,,,,,,,,,,,,,,,,,,,,,,,,,,,,,,,,,,,,,,,,,,,,,,,,,,,,,,,,,,,,,,,,,,,,,,,,,,,,,,,,,,,,,,,,,,,,,,,,,,,,,,,,,,,,,,,,,,,,,,,,,,,,,,,,,,,,,,,,,,,,,,,,,,,,,,,,,,,,,,,,,,,,,,,,,,,,,,,,,,,,,,,,,,,,,,,,,,,,,,,,,,,,,,,,,,,,,,,,,,,,,,,,,,,,,,,,,,,,,,,,,,,,,,,,,,,,,,,,,,,,,,,,,,,,,,,,,,,,,,,,,,,,,,,,,,,,,,,,,,,,,,,,,,,,,,,,,,,,,,,,,,,,,,,,,,,,,,,,,,,,,,,,,,,,,,,,,,,,,,,,,,,,,,,,,,,,,,,,,,,,,,,,,,,,,,,,,,,,,,,,,,,,,,,,,,,,,,,,,,,,,,,,,,,60.0.158.135,,,,,,,,,,,,,,,,,,,,,,,,,,,,,,,,,,,,,,,,,,,,,,,,,,,,,,,,,,,,,,,,,,,,,,,,,,,,,,,,,,
Surat Store,117185,133603364,Manual Stock,0,0,,2026-07-01,0,0,Active,Unpaid,,0,0,0,0,0.00,0,0,0,0,2026-07-01 00:25:47,2026-07-01 00:25:47,117185,Kitchen,,,,Gujarat,,,,,,,,,,,Gujarat,,,,,,,,,,,,,,"[{""item_id"":""43034100"",""unit"":""2418165"",""qty"":2750,""itemname"":""Paper Bags (big)"",""lbl_unit"":""Qty"",""description"":"""",""weighted_price"":0,""price"":0,""amount"":0,""hsn_code"":"""",""batchprefix"":"""",""existing_stock"":""2350"",""current_stock"":""5100"",""category"":""Packaging"",""sap_code"":"""",""tax_type"":0,""excise_duty"":0,""tax1_label"":""CGST"",""tax2_label"":""SGST"",""tax3_label"":""IGST""}]",[],0,0,,,[],[],,,,,,,,,,,,,,,,,,,,,,,,,,,,,,,,,,,,,,,,,,,,,,,,,,,,,,,,,,,,,,,,,,,,,,,,,,,,,,,,6a44112a-93b8-47ec-8658-24843c009e87,,1,,,,,,,,,,,,,,,,,,,,,,,,,,,,,,,,,,,,,,,,,,,,,,,,,,,,,,,,,,,,,,,,,,,,,,,,,,,,,,,,,,,,,,,,,,,,,,,,,,,,,,,,,,,,,,,,,,,,,,,,,,,,,,,,,,,,,,,,,,,,,,,,,,,,,,,,,,,,,,,,,,,,,,,,,,,,,,,,,,,,,,,,,,,,,,,,,,,,,,,,,,,,,,,,,,,,,,,,,,,,,,,,,,,,,,,,,,,,,,,,,,,,,,,,,,,,,,,,,,,,,,,,,,,,,,,,,,,,,,,,,,,,,,,,,,,,,,,,,,,,,,,,,,,,,,,,,,,,,,,,,,,,,,,,,,,,,,,,,,,,,,,,,,,,,,,,,,,,,,,,,,,,,,,,,,,,,,,,,,,,,,,,,,,,,,,,,,,,,,,,,,,,,,,,,,,,,,,,,,,,,,,,,,,,,,,,,,,,,,,,,,,,,,,,,,,,,,,,,,,,,,,,,,,,,,,,,,,,,,,,,,,,,,,,,,,,,,,,,,,,,,,,,,,,,,,,,,,,,,,,,,,,,,,,,,,,,,,,,,,,,,,,,,,,,,,,,,,,,,,,,,,,,,,,,,,,,,,,,,,,,,,,,,60.0.158.135,,,,,,,,,,,,,,,,,,,,,,,,,,,,,,,,,,,,,,,,,,,,,,,,,,,,,,,,,,,,,,,,,,,,,,,,,,,,,,,,,
Aiko (Ahmedabad),134691,134545152,From Sales,117888068,419,,2026-07-05,282,0,Active,Unpaid,,282,0,0,0,0.00,0,0,0,0,2026-07-09 18:35:22,2026-07-09 18:35:22,410150,Kitchen,24AAMCB4304M1ZN,Surat,Aiko (Ahmedabad,Gujarat,U55101GJ2024PTC149642,"102, SANGINI ASPIRE, PAL-HAZIRA ROAD, BESIDE SANSKRUTI TOWNSHIP, PAL, SURAT, Gujarat
",9638077877,,,,Surat,Ahmedabad Prep Kitchen,Kitchen,,Gujarat,,"Ason vista, Sanidhya, Ahmedabad, Gujarat 380058",9510355182,0,,1,PO0081061141,PO0081061141,1,,0,0,0,"[{""prev_price"":""40.000000"",""item_id"":""46295207"",""itemname"":""Onion"",""qty"":5,""price"":40,""amount"":200,""discount"":""0.000"",""lbl_unit"":""Kg"",""unit"":""2796367"",""description"":"""",""hsn_code"":"""",""weighted_price"":40,""invoice_date"":""2026-07-05"",""sap_code"":"""",""purchase_doc_number"":"""",""purchase_invoice_number"":"""",""tax1"":0,""tax2"":0,""tax3"":0,""tax1_amount"":0,""tax2_amount"":0,""tax3_amount"":0,""expiry_date"":"""",""manufacturing_date"":"""",""actual_qty"":""5.000"",""actual_unit_id"":""5790692"",""actual_unit_name"":""Kg"",""sap_group_master_id"":0,""category"":""Food"",""rmconv_qty"":""1000"",""rmconv_qty_total"":5000,""rmconv_unit_id"":""2796373"",""rmconv_unit"":""GM"",""yield_qty"":""0"",""discount_application"":""B"",""container_weight"":0,""net_weight"":""5"",""gross_weight"":0,""tax_type"":0,""excise_duty"":0,""tax1_label"":""CGST"",""tax2_label"":""SGST"",""tax3_label"":""IGST""},{""prev_price"":""49.000000"",""item_id"":""46294713"",""itemname"":""Tomato"",""qty"":1,""price"":49,""amount"":49,""discount"":""0.000"",""lbl_unit"":""Kg"",""unit"":""2796367"",""description"":"""",""hsn_code"":"""",""weighted_price"":49,""invoice_date"":""2026-07-05"",""sap_code"":"""",""purchase_doc_number"":"""",""purchase_invoice_number"":"""",""tax1"":0,""tax2"":0,""tax3"":0,""tax1_amount"":0,""tax2_amount"":0,""tax3_amount"":0,""expiry_date"":"""",""manufacturing_date"":"""",""actual_qty"":""1.000"",""actual_unit_id"":""5790692"",""actual_unit_name"":""Kg"",""sap_group_master_id"":0,""category"":""Food"",""rmconv_qty"":""1000"",""rmconv_qty_total"":1000,""rmconv_unit_id"":""2796373"",""rmconv_unit"":""GM"",""yield_qty"":""0"",""discount_application"":""B"",""container_weight"":0,""net_weight"":""1"",""gross_weight"":0,""tax_type"":0,""excise_duty"":0,""tax1_label"":""CGST"",""tax2_label"":""SGST"",""tax3_label"":""IGST""},{""prev_price"":""165.000000"",""item_id"":""46292695"",""itemname"":""Ginger."",""qty"":0.2,""price"":165,""amount"":33,""discount"":""0.000"",""lbl_unit"":""Kg"",""unit"":""2796367"",""description"":"""",""hsn_code"":"""",""weighted_price"":165,""invoice_date"":""2026-07-05"",""sap_code"":"""",""purchase_doc_number"":"""",""purchase_invoice_number"":"""",""tax1"":0,""tax2"":0,""tax3"":0,""tax1_amount"":0,""tax2_amount"":0,""tax3_amount"":0,""expiry_date"":"""",""manufacturing_date"":"""",""actual_qty"":""0.200"",""actual_unit_id"":""5790692"",""actual_unit_name"":""Kg"",""sap_group_master_id"":0,""category"":""Food"",""rmconv_qty"":""1000"",""rmconv_qty_total"":200,""rmconv_unit_id"":""2796373"",""rmconv_unit"":""GM"",""yield_qty"":""0"",""discount_application"":""B"",""container_weight"":0,""net_weight"":""0.2"",""gross_weight"":0,""tax_type"":0,""excise_duty"":0,""tax1_label"":""CGST"",""tax2_label"":""SGST"",""tax3_label"":""IGST""}]",[],0,0,,,[],[],,,,,,,,,,,,,,,,,,,,,,,,,,,,,,,,,,,,,,,,,,,,,,,,,,,,,,,,,,,,,,,,,,,,,,,,,,,,,,,,,,,,,,,,,,,,,,,,,,,,,,,,,,,,,,,,,,,,,,,,,,,,,,,,,,,,,,,,,,,,,,,,,,,,,,,,,,,,,,,,,,,,,,,,,,,,,,,,,,,,,,,,,,,,,,,,,,,,,,,,,,,,,,,,,,,,,,,,,,,,,,,,,,,,,,,,,,,,,,,,,,,,,,,,,,,,,,,,,,,,,,,,,,,,,,,,,,,,,,,,,,,,,,,,,,,,,,,,,,,,,,,,,,,,,,,,,,,,,,,,,,,,,,,,,,,,,,,,,,,,,,,,,,,,,,,,,,,,,,,,,,,,,,,,,,,,,,,,,,,,,,,,,,,,,,,,,,,,,,,,,,,,,,,,,,,,,,,,,,,,,,,,,,,,,,,,,,,,,,,,,,,,,,,,,,,,,,,,,,,,,,,,,,,,,,,,,,,,,,,,,,,,,,,,,,,,,,,,,,,,,,,,,,,,,,,,,,,,,,,,,,,,,,,,,,,,,,,,,,,,,,,,,,,,,,,,,,,,,,,,,,,,,,,,,,,,,,,,,,,,,,,,,,,,,,,,,,,,,,,,,,,,,,,,,,,,,,,,,,,,,,,,,,,,,,,,,,,,,,,,,,,,,,,,,,,,,,,,,,,,,,,,,,,,,6a4f9c74-5638-49aa-9b18-0ab13c008ae0,60.0.138.224,,,,,,,,,,,,,,,,,,,,,,,,,,,,,,,,,,,,,,,,,,,,,,,,,,,,,,,,,,,,,,,,,,,,,,,,,,,,,,,
Aiko (Ahmedabad),134691,134545054,From Sales,117798407,418,,2026-07-04,4105.327,0,Active,Unpaid,,4105.327,0,0,0,0.00,0,0,0,0,2026-07-09 18:34:42,2026-07-09 18:34:42,410150,Kitchen,24AAMCB4304M1ZN,Surat,Aiko (Ahmedabad,Gujarat,U55101GJ2024PTC149642,"102, SANGINI ASPIRE, PAL-HAZIRA ROAD, BESIDE SANSKRUTI TOWNSHIP, PAL, SURAT, Gujarat
",9638077877,,,,Surat,Ahmedabad Prep Kitchen,Kitchen,,Gujarat,,"Ason vista, Sanidhya, Ahmedabad, Gujarat 380058",9510355182,0,,1,PO0081054478,PO0081054478,1,,0,0,0,"[{""prev_price"":""250.000000"",""item_id"":""46295217"",""itemname"":""Red Bellpepper"",""qty"":0.5,""price"":250,""amount"":125,""discount"":""0.000"",""lbl_unit"":""Kg"",""unit"":""2796367"",""description"":"""",""hsn_code"":"""",""weighted_price"":250,""invoice_date"":""2026-07-04"",""sap_code"":"""",""purchase_doc_number"":"""",""purchase_invoice_number"":"""",""tax1"":0,""tax2"":0,""tax3"":0,""tax1_amount"":0,""tax2_amount"":0,""tax3_amount"":0,""expiry_date"":"""",""manufacturing_date"":"""",""actual_qty"":""0.500"",""actual_unit_id"":""5790692"",""actual_unit_name"":""Kg"",""sap_group_master_id"":0,""category"":""Food"",""rmconv_qty"":""1000"",""rmconv_qty_total"":500,""rmconv_unit_id"":""2796373"",""rmconv_unit"":""GM"",""yield_qty"":""0"",""discount_application"":""B"",""container_weight"":0,""net_weight"":""0.5"",""gross_weight"":0,""tax_type"":0,""excise_duty"":0,""tax1_label"":""CGST"",""tax2_label"":""SGST"",""tax3_label"":""IGST""},{""prev_price"":""45.454500"",""item_id"":""46294727"",""itemname"":""English Cucumber"",""qty"":0.5,""price"":45.4545,""amount"":22.727,""discount"":""0.000"",""lbl_unit"":""Kg"",""unit"":""2796367"",""description"":"""",""hsn_code"":"""",""weighted_price"":45.4545,""invoice_date"":""2026-07-04"",""sap_code"":"""",""purchase_doc_number"":"""",""purchase_invoice_number"":"""",""tax1"":0,""tax2"":0,""tax3"":0,""tax1_amount"":0,""tax2_amount"":0,""tax3_amount"":0,""expiry_date"":"""",""manufacturing_date"":"""",""actual_qty"":""0.500"",""actual_unit_id"":""5790692"",""actual_unit_name"":""Kg"",""sap_group_master_id"":0,""category"":""Food"",""rmconv_qty"":""1000"",""rmconv_qty_total"":500,""rmconv_unit_id"":""2796373"",""rmconv_unit"":""GM"",""yield_qty"":""0"",""discount_application"":""B"",""container_weight"":0,""net_weight"":""0.5"",""gross_weight"":0,""tax_type"":0,""excise_duty"":0,""tax1_label"":""CGST"",""tax2_label"":""SGST"",""tax3_label"":""IGST""},{""prev_price"":""52.000000"",""item_id"":""46294731"",""itemname"":""Carrot"",""qty"":0.2,""price"":52,""amount"":10.4,""discount"":""0.000"",""lbl_unit"":""Kg"",""unit"":""2796367"",""description"":"""",""hsn_code"":"""",""weighted_price"":52,""invoice_date"":""2026-07-04"",""sap_code"":"""",""purchase_doc_number"":"""",""purchase_invoice_number"":"""",""tax1"":0,""tax2"":0,""tax3"":0,""tax1_amount"":0,""tax2_amount"":0,""tax3_amount"":0,""expiry_date"":"""",""manufacturing_date"":"""",""actual_qty"":""0.200"",""actual_unit_id"":""5790692"",""actual_unit_name"":""Kg"",""sap_group_master_id"":0,""category"":""Food"",""rmconv_qty"":""1000"",""rmconv_qty_total"":200,""rmconv_unit_id"":""2796373"",""rmconv_unit"":""GM"",""yield_qty"":""0"",""discount_application"":""B"",""container_weight"":0,""net_weight"":""0.2"",""gross_weight"":0,""tax_type"":0,""excise_duty"":0,""tax1_label"":""CGST"",""tax2_label"":""SGST"",""tax3_label"":""IGST""},{""prev_price"":""0.000000"",""item_id"":""46293736"",""itemname"":""Spring Onion 1/2"",""qty"":0.25,""price"":0,""amount"":0,""discount"":""0.000"",""lbl_unit"":""Kg"",""unit"":""2796367"",""description"":"""",""hsn_code"":"""",""weighted_price"":0,""invoice_date"":""2026-07-04"",""sap_code"":"""",""purchase_doc_number"":"""",""purchase_invoice_number"":"""",""tax1"":0,""tax2"":0,""tax3"":0,""tax1_amount"":0,""tax2_amount"":0,""tax3_amount"":0,""expiry_date"":"""",""manufacturing_date"":"""",""actual_qty"":""0.250"",""actual_unit_id"":""5790692"",""actual_unit_name"":""Kg"",""sap_group_master_id"":0,""category"":""Food"",""rmconv_qty"":""1000"",""rmconv_qty_total"":250,""rmconv_unit_id"":""2796373"",""rmconv_unit"":""GM"",""yield_qty"":""0"",""discount_application"":""B"",""container_weight"":0,""net_weight"":""0.25"",""gross_weight"":0,""tax_type"":0,""excise_duty"":0,""tax1_label"":""CGST"",""tax2_label"":""SGST"",""tax3_label"":""IGST""},{""prev_price"":""760.000000"",""item_id"":""46293273"",""itemname"":""Hass Avocado"",""qty"":3,""price"":760,""amount"":2280,""discount"":""0.000"",""lbl_unit"":""Kg"",""unit"":""2796367"",""description"":"""",""hsn_code"":"""",""weighted_price"":760,""invoice_date"":""2026-07-04"",""sap_code"":"""",""purchase_doc_number"":"""",""purchase_invoice_number"":"""",""tax1"":0,""tax2"":0,""tax3"":0,""tax1_amount"":0,""tax2_amount"":0,""tax3_amount"":0,""expiry_date"":"""",""manufacturing_date"":"""",""actual_qty"":""3.000"",""actual_unit_id"":""5790692"",""actual_unit_name"":""Kg"",""sap_group_master_id"":0,""category"":""Food"",""rmconv_qty"":""1000"",""rmconv_qty_total"":3000,""rmconv_unit_id"":""2796373"",""rmconv_unit"":""GM"",""yield_qty"":""0"",""discount_application"":""B"",""container_weight"":0,""net_weight"":""3"",""gross_weight"":0,""tax_type"":0,""excise_duty"":0,""tax1_label"":""CGST"",""tax2_label"":""SGST"",""tax3_label"":""IGST""},{""prev_price"":""960.000000"",""item_id"":""46295722"",""itemname"":""Alphonso Mango"",""qty"":1,""price"":960,""amount"":960,""discount"":""0.000"",""lbl_unit"":""dozen"",""unit"":""5523062"",""description"":"""",""hsn_code"":"""",""weighted_price"":960,""invoice_date"":""2026-07-04"",""sap_code"":"""",""purchase_doc_number"":"""",""purchase_invoice_number"":"""",""tax1"":0,""tax2"":0,""tax3"":0,""tax1_amount"":0,""tax2_amount"":0,""tax3_amount"":0,""expiry_date"":"""",""manufacturing_date"":"""",""actual_qty"":""1.000"",""actual_unit_id"":""6058571"",""actual_unit_name"":""dozen"",""sap_group_master_id"":0,""category"":""Food"",""yield_qty"":""0"",""discount_application"":""B"",""container_weight"":0,""net_weight"":""1"",""gross_weight"":0,""tax_type"":0,""excise_duty"":0,""tax1_label"":""CGST"",""tax2_label"":""SGST"",""tax3_label"":""IGST""},{""prev_price"":""49.000000"",""item_id"":""46294713"",""itemname"":""Tomato"",""qty"":0.8,""price"":49,""amount"":39.2,""discount"":""0.000"",""lbl_unit"":""Kg"",""unit"":""2796367"",""description"":"""",""hsn_code"":"""",""weighted_price"":49,""invoice_date"":""2026-07-04"",""sap_code"":"""",""purchase_doc_number"":"""",""purchase_invoice_number"":"""",""tax1"":0,""tax2"":0,""tax3"":0,""tax1_amount"":0,""tax2_amount"":0,""tax3_amount"":0,""expiry_date"":"""",""manufacturing_date"":"""",""actual_qty"":""0.800"",""actual_unit_id"":""5790692"",""actual_unit_name"":""Kg"",""sap_group_master_id"":0,""category"":""Food"",""rmconv_qty"":""1000"",""rmconv_qty_total"":800,""rmconv_unit_id"":""2796373"",""rmconv_unit"":""GM"",""yield_qty"":""0"",""discount_application"":""B"",""container_weight"":0,""net_weight"":""0.8"",""gross_weight"":0,""tax_type"":0,""excise_duty"":0,""tax1_label"":""CGST"",""tax2_label"":""SGST"",""tax3_label"":""IGST""},{""prev_price"":""0.000000"",""item_id"":""46294207"",""itemname"":""Purple Cabbage"",""qty"":0.15,""price"":0,""amount"":0,""discount"":""0.000"",""lbl_unit"":""Qty"",""unit"":""2796384"",""description"":"""",""hsn_code"":"""",""weighted_price"":0,""invoice_date"":""2026-07-04"",""sap_code"":"""",""purchase_doc_number"":"""",""purchase_invoice_number"":"""",""tax1"":0,""tax2"":0,""tax3"":0,""tax1_amount"":0,""tax2_amount"":0,""tax3_amount"":0,""expiry_date"":"""",""manufacturing_date"":"""",""actual_qty"":""0.150"",""actual_unit_id"":""5790709"",""actual_unit_name"":""Qty"",""sap_group_master_id"":0,""category"":""Food"",""yield_qty"":""0"",""discount_application"":""B"",""container_weight"":0,""net_weight"":""0.15"",""gross_weight"":0,""tax_type"":0,""excise_duty"":0,""tax1_label"":""CGST"",""tax2_label"":""SGST"",""tax3_label"":""IGST""},{""prev_price"":""0.000000"",""item_id"":""46292749"",""itemname"":""Raw Mango"",""qty"":0.3,""price"":60,""amount"":18,""discount"":""0.000"",""lbl_unit"":""Kg"",""unit"":""2796367"",""description"":"""",""hsn_code"":"""",""weighted_price"":60,""invoice_date"":""2026-07-04"",""sap_code"":"""",""purchase_doc_number"":"""",""purchase_invoice_number"":"""",""tax1"":0,""tax2"":0,""tax3"":0,""tax1_amount"":0,""tax2_amount"":0,""tax3_amount"":0,""expiry_date"":"""",""manufacturing_date"":"""",""actual_qty"":""0.300"",""actual_unit_id"":""5790692"",""actual_unit_name"":""Kg"",""sap_group_master_id"":0,""category"":""Food"",""rmconv_qty"":""1000"",""rmconv_qty_total"":300,""rmconv_unit_id"":""2796373"",""rmconv_unit"":""GM"",""yield_qty"":""0"",""discount_application"":""B"",""container_weight"":0,""net_weight"":""0.3"",""gross_weight"":0,""tax_type"":0,""excise_duty"":0,""tax1_label"":""CGST"",""tax2_label"":""SGST"",""tax3_label"":""IGST""},{""prev_price"":""650.000000"",""item_id"":""46293245"",""itemname"":""Fresh Jalepenos Green"",""qty"":1,""price"":650,""amount"":650,""discount"":""0.000"",""lbl_unit"":""Kg"",""unit"":""2796367"",""description"":"""",""hsn_code"":"""",""weighted_price"":650,""invoice_date"":""2026-07-04"",""sap_code"":"""",""purchase_doc_number"":"""",""purchase_invoice_number"":"""",""tax1"":0,""tax2"":0,""tax3"":0,""tax1_amount"":0,""tax2_amount"":0,""tax3_amount"":0,""expiry_date"":"""",""manufacturing_date"":"""",""actual_qty"":""1.000"",""actual_unit_id"":""5790692"",""actual_unit_name"":""Kg"",""sap_group_master_id"":0,""category"":""Food"",""rmconv_qty"":""1000"",""rmconv_qty_total"":1000,""rmconv_unit_id"":""2796373"",""rmconv_unit"":""GM"",""yield_qty"":""0"",""discount_application"":""B"",""container_weight"":0,""net_weight"":""1"",""gross_weight"":0,""tax_type"":0,""excise_duty"":0,""tax1_label"":""CGST"",""tax2_label"":""SGST"",""tax3_label"":""IGST""}]",[],0,0,,,[],[],,,,,,,,,,,,,,,,,,,,,,,,,,,,,,,,,,,,,,,,,,,,,,,,,,,,,,,,,,,,,,,,,,,,,,,,,,,,,,,,,,,,,,,,,,,,,,,,,,,,,,,,,,,,,,,,,,,,,,,,,,,,,,,,,,,,,,,,,,,,,,,,,,,,,,,,,,,,,,,,,,,,,,,,,,,,,,,,,,,,,,,,,,,,,,,,,,,,,,,,,,,,,,,,,,,,,,,,,,,,,,,,,,,,,,,,,,,,,,,,,,,,,,,,,,,,,,,,,,,,,,,,,,,,,,,,,,,,,,,,,,,,,,,,,,,,,,,,,,,,,,,,,,,,,,,,,,,,,,,,,,,,,,,,,,,,,,,,,,,,,,,,,,,,,,,,,,,,,,,,,,,,,,,,,,,,,,,,,,,,,,,,,,,,,,,,,,,,,,,,,,,,,,,,,,,,,,,,,,,,,,,,,,,,,,,,,,,,,,,,,,,,,,,,,,,,,,,,,,,,,,,,,,,,,,,,,,,,,,,,,,,,,,,,,,,,,,,,,,,,,,,,,,,,,,,,,,,,,,,,,,,,,,,,,,,,,,,,,,,,,,,,,,,,,,,,,,,,,,,,,,,,,,,,,,,,,,,,,,,,,,,,,,,,,,,,,,,,,,,,,,,,,,,,,,,,,,,,,,,,,,,,,,,,,,,,,,,,,,,,,,,,,,,,,,,,,,,,,,,,,,,,,,,,,,,6a4f9c4b-5124-4850-b665-26053c009e87,60.0.138.224,,,,,,,,,,,,,,,,,,,,,,,,,,,,,,,,,,,,,,,,,,,,,,,,,,,,,,,,,,,,,,,,,,,,,,,,,,,,,
Aiko (Ahmedabad),134691,134545007,From Sales,117707987,417,,2026-07-03,3983.455,0,Active,Unpaid,,3983.455,0,0,0,0.00,0,0,0,0,2026-07-09 18:34:05,2026-07-09 18:34:05,410150,Kitchen,24AAMCB4304M1ZN,Surat,Aiko (Ahmedabad,Gujarat,U55101GJ2024PTC149642,"102, SANGINI ASPIRE, PAL-HAZIRA ROAD, BESIDE SANSKRUTI TOWNSHIP, PAL, SURAT, Gujarat
",9638077877,,,,Surat,Ahmedabad Prep Kitchen,Kitchen,,Gujarat,,"Ason vista, Sanidhya, Ahmedabad, Gujarat 380058",9510355182,0,,1,PO0081037892,PO0081037892,1,,0,0,0,"[{""prev_price"":""45.454500"",""item_id"":""46294727"",""itemname"":""English Cucumber"",""qty"":1,""price"":45.4545,""amount"":45.455,""discount"":""0.000"",""lbl_unit"":""Kg"",""unit"":""2796367"",""description"":"""",""hsn_code"":"""",""weighted_price"":45.4545,""invoice_date"":""2026-07-03"",""sap_code"":"""",""purchase_doc_number"":"""",""purchase_invoice_number"":"""",""tax1"":0,""tax2"":0,""tax3"":0,""tax1_amount"":0,""tax2_amount"":0,""tax3_amount"":0,""expiry_date"":"""",""manufacturing_date"":"""",""actual_qty"":""1.000"",""actual_unit_id"":""5790692"",""actual_unit_name"":""Kg"",""sap_group_master_id"":0,""category"":""Food"",""rmconv_qty"":""1000"",""rmconv_qty_total"":1000,""rmconv_unit_id"":""2796373"",""rmconv_unit"":""GM"",""yield_qty"":""0"",""discount_application"":""B"",""container_weight"":0,""net_weight"":""1"",""gross_weight"":0,""tax_type"":0,""excise_duty"":0,""tax1_label"":""CGST"",""tax2_label"":""SGST"",""tax3_label"":""IGST""},{""prev_price"":""330.000000"",""item_id"":""46295217"",""itemname"":""Red Bellpepper"",""qty"":0.5,""price"":330,""amount"":165,""discount"":""0.000"",""lbl_unit"":""Kg"",""unit"":""2796367"",""description"":"""",""hsn_code"":"""",""weighted_price"":330,""invoice_date"":""2026-07-03"",""sap_code"":"""",""purchase_doc_number"":"""",""purchase_invoice_number"":"""",""tax1"":0,""tax2"":0,""tax3"":0,""tax1_amount"":0,""tax2_amount"":0,""tax3_amount"":0,""expiry_date"":"""",""manufacturing_date"":"""",""actual_qty"":""0.500"",""actual_unit_id"":""5790692"",""actual_unit_name"":""Kg"",""sap_group_master_id"":0,""category"":""Food"",""rmconv_qty"":""1000"",""rmconv_qty_total"":500,""rmconv_unit_id"":""2796373"",""rmconv_unit"":""GM"",""yield_qty"":""0"",""discount_application"":""B"",""container_weight"":0,""net_weight"":""0.5"",""gross_weight"":0,""tax_type"":0,""excise_duty"":0,""tax1_label"":""CGST"",""tax2_label"":""SGST"",""tax3_label"":""IGST""},{""prev_price"":""760.000000"",""item_id"":""46293273"",""itemname"":""Hass Avocado"",""qty"":3,""price"":760,""amount"":2280,""discount"":""0.000"",""lbl_unit"":""Kg"",""unit"":""2796367"",""description"":"""",""hsn_code"":"""",""weighted_price"":760,""invoice_date"":""2026-07-03"",""sap_code"":"""",""purchase_doc_number"":"""",""purchase_invoice_number"":"""",""tax1"":0,""tax2"":0,""tax3"":0,""tax1_amount"":0,""tax2_amount"":0,""tax3_amount"":0,""expiry_date"":"""",""manufacturing_date"":"""",""actual_qty"":""3.000"",""actual_unit_id"":""5790692"",""actual_unit_name"":""Kg"",""sap_group_master_id"":0,""category"":""Food"",""rmconv_qty"":""1000"",""rmconv_qty_total"":3000,""rmconv_unit_id"":""2796373"",""rmconv_unit"":""GM"",""yield_qty"":""0"",""discount_application"":""B"",""container_weight"":0,""net_weight"":""3"",""gross_weight"":0,""tax_type"":0,""excise_duty"":0,""tax1_label"":""CGST"",""tax2_label"":""SGST"",""tax3_label"":""IGST""},{""prev_price"":""0.000000"",""item_id"":""46292687"",""itemname"":""Cream Cheese In-house"",""qty"":3,""price"":0,""amount"":0,""discount"":""0.000"",""lbl_unit"":""Kg"",""unit"":""2796367"",""description"":"""",""hsn_code"":"""",""weighted_price"":0,""invoice_date"":""2026-07-03"",""sap_code"":"""",""purchase_doc_number"":"""",""purchase_invoice_number"":"""",""tax1"":0,""tax2"":0,""tax3"":0,""tax1_amount"":0,""tax2_amount"":0,""tax3_amount"":0,""expiry_date"":"""",""manufacturing_date"":"""",""actual_qty"":""3.000"",""actual_unit_id"":""5790692"",""actual_unit_name"":""Kg"",""sap_group_master_id"":0,""category"":""Food"",""rmconv_qty"":""1000"",""rmconv_qty_total"":3000,""rmconv_unit_id"":""2796373"",""rmconv_unit"":""GM"",""yield_qty"":""0"",""discount_application"":""B"",""container_weight"":0,""net_weight"":""3"",""gross_weight"":0,""tax_type"":0,""excise_duty"":0,""tax1_label"":""CGST"",""tax2_label"":""SGST"",""tax3_label"":""IGST""},{""prev_price"":""52.000000"",""item_id"":""46294731"",""itemname"":""Carrot"",""qty"":0.25,""price"":52,""amount"":13,""discount"":""0.000"",""lbl_unit"":""Kg"",""unit"":""2796367"",""description"":"""",""hsn_code"":"""",""weighted_price"":52,""invoice_date"":""2026-07-03"",""sap_code"":"""",""purchase_doc_number"":"""",""purchase_invoice_number"":"""",""tax1"":0,""tax2"":0,""tax3"":0,""tax1_amount"":0,""tax2_amount"":0,""tax3_amount"":0,""expiry_date"":"""",""manufacturing_date"":"""",""actual_qty"":""0.250"",""actual_unit_id"":""5790692"",""actual_unit_name"":""Kg"",""sap_group_master_id"":0,""category"":""Food"",""rmconv_qty"":""1000"",""rmconv_qty_total"":250,""rmconv_unit_id"":""2796373"",""rmconv_unit"":""GM"",""yield_qty"":""0"",""discount_application"":""B"",""container_weight"":0,""net_weight"":""0.25"",""gross_weight"":0,""tax_type"":0,""excise_duty"":0,""tax1_label"":""CGST"",""tax2_label"":""SGST"",""tax3_label"":""IGST""},{""prev_price"":""960.000000"",""item_id"":""46295722"",""itemname"":""Alphonso Mango"",""qty"":1,""price"":960,""amount"":960,""discount"":""0.000"",""lbl_unit"":""dozen"",""unit"":""5523062"",""description"":"""",""hsn_code"":"""",""weighted_price"":960,""invoice_date"":""2026-07-03"",""sap_code"":"""",""purchase_doc_number"":"""",""purchase_invoice_number"":"""",""tax1"":0,""tax2"":0,""tax3"":0,""tax1_amount"":0,""tax2_amount"":0,""tax3_amount"":0,""expiry_date"":"""",""manufacturing_date"":"""",""actual_qty"":""1.000"",""actual_unit_id"":""6058571"",""actual_unit_name"":""dozen"",""sap_group_master_id"":0,""category"":""Food"",""yield_qty"":""0"",""discount_application"":""B"",""container_weight"":0,""net_weight"":""1"",""gross_weight"":0,""tax_type"":0,""excise_duty"":0,""tax1_label"":""CGST"",""tax2_label"":""SGST"",""tax3_label"":""IGST""},{""prev_price"":""100.000000"",""item_id"":""46292699"",""itemname"":""Coriander"",""qty"":0.1,""price"":100,""amount"":10,""discount"":""0.000"",""lbl_unit"":""Kg"",""unit"":""2796367"",""description"":"""",""hsn_code"":"""",""weighted_price"":100,""invoice_date"":""2026-07-03"",""sap_code"":"""",""purchase_doc_number"":"""",""purchase_invoice_number"":"""",""tax1"":0,""tax2"":0,""tax3"":0,""tax1_amount"":0,""tax2_amount"":0,""tax3_amount"":0,""expiry_date"":"""",""manufacturing_date"":"""",""actual_qty"":""0.100"",""actual_unit_id"":""5790692"",""actual_unit_name"":""Kg"",""sap_group_master_id"":0,""category"":""Food"",""rmconv_qty"":""1000"",""rmconv_qty_total"":100,""rmconv_unit_id"":""2796373"",""rmconv_unit"":""GM"",""yield_qty"":""0"",""discount_application"":""B"",""container_weight"":0,""net_weight"":""0.1"",""gross_weight"":0,""tax_type"":0,""excise_duty"":0,""tax1_label"":""CGST"",""tax2_label"":""SGST"",""tax3_label"":""IGST""},{""prev_price"":""0.000000"",""item_id"":""46293736"",""itemname"":""Spring Onion 1/2"",""qty"":0.2,""price"":0,""amount"":0,""discount"":""0.000"",""lbl_unit"":""Kg"",""unit"":""2796367"",""description"":"""",""hsn_code"":"""",""weighted_price"":0,""invoice_date"":""2026-07-03"",""sap_code"":"""",""purchase_doc_number"":"""",""purchase_invoice_number"":"""",""tax1"":0,""tax2"":0,""tax3"":0,""tax1_amount"":0,""tax2_amount"":0,""tax3_amount"":0,""expiry_date"":"""",""manufacturing_date"":"""",""actual_qty"":""0.200"",""actual_unit_id"":""5790692"",""actual_unit_name"":""Kg"",""sap_group_master_id"":0,""category"":""Food"",""rmconv_qty"":""1000"",""rmconv_qty_total"":200,""rmconv_unit_id"":""2796373"",""rmconv_unit"":""GM"",""yield_qty"":""0"",""discount_application"":""B"",""container_weight"":0,""net_weight"":""0.2"",""gross_weight"":0,""tax_type"":0,""excise_duty"":0,""tax1_label"":""CGST"",""tax2_label"":""SGST"",""tax3_label"":""IGST""},{""prev_price"":""170.000000"",""item_id"":""46293265"",""itemname"":""Lotus Roots"",""qty"":3,""price"":170,""amount"":510,""discount"":""0.000"",""lbl_unit"":""Kg"",""unit"":""2796367"",""description"":"""",""hsn_code"":"""",""weighted_price"":170,""invoice_date"":""2026-07-03"",""sap_code"":"""",""purchase_doc_number"":"""",""purchase_invoice_number"":"""",""tax1"":0,""tax2"":0,""tax3"":0,""tax1_amount"":0,""tax2_amount"":0,""tax3_amount"":0,""expiry_date"":"""",""manufacturing_date"":"""",""actual_qty"":""3.000"",""actual_unit_id"":""5790692"",""actual_unit_name"":""Kg"",""sap_group_master_id"":0,""category"":""Food"",""rmconv_qty"":""1000"",""rmconv_qty_total"":3000,""rmconv_unit_id"":""2796373"",""rmconv_unit"":""GM"",""yield_qty"":""0"",""discount_application"":""B"",""container_weight"":0,""net_weight"":""3"",""gross_weight"":0,""tax_type"":0,""excise_duty"":0,""tax1_label"":""CGST"",""tax2_label"":""SGST"",""tax3_label"":""IGST""}]",[],0,0,,,[],[],,,,,,,,,,,,,,,,,,,,,,,,,,,,,,,,,,,,,,,,,,,,,,,,,,,,,,,,,,,,,,,,,,,,,,,,,,,,,,,,,,,,,,,,,,,,,,,,,,,,,,,,,,,,,,,,,,,,,,,,,,,,,,,,,,,,,,,,,,,,,,,,,,,,,,,,,,,,,,,,,,,,,,,,,,,,,,,,,,,,,,,,,,,,,,,,,,,,,,,,,,,,,,,,,,,,,,,,,,,,,,,,,,,,,,,,,,,,,,,,,,,,,,,,,,,,,,,,,,,,,,,,,,,,,,,,,,,,,,,,,,,,,,,,,,,,,,,,,,,,,,,,,,,,,,,,,,,,,,,,,,,,,,,,,,,,,,,,,,,,,,,,,,,,,,,,,,,,,,,,,,,,,,,,,,,,,,,,,,,,,,,,,,,,,,,,,,,,,,,,,,,,,,,,,,,,,,,,,,,,,,,,,,,,,,,,,,,,,,,,,,,,,,,,,,,,,,,,,,,,,,,,,,,,,,,,,,,,,,,,,,,,,,,,,,,,,,,,,,,,,,,,,,,,,,,,,,,,,,,,,,,,,,,,,,,,,,,,,,,,,,,,,,,,,,,,,,,,,,,,,,,,,,,,,,,,,,,,,,,,,,,,,,,,,,,,,,,,,,,,,,,,,,,,,,,,,,,,,,,,,,,,,,,,,,,,,,,,,,,,,,,,,,,,,,,,,,,,,,,,,,,,,,,,,,,,,6a4f9c2d-0914-4ac0-b55e-50e73c009503,60.0.158.135,,,,,,,,,,,,,,,,,,,,,,,,,,,,,,,,,,,,,,,,,,,,,,,,,,,,,,,,,,,,,,,,,,,,,,,,,,,
Aiko (Ahmedabad),134691,134544889,From Sales,117991999,416,,2026-07-06,520.5,0,Active,Unpaid,,520.5,0,0,0,0.00,0,0,0,0,2026-07-09 18:33:17,2026-07-09 18:33:17,410150,Kitchen,24AAMCB4304M1ZN,Surat,Aiko (Ahmedabad,Gujarat,U55101GJ2024PTC149642,"102, SANGINI ASPIRE, PAL-HAZIRA ROAD, BESIDE SANSKRUTI TOWNSHIP, PAL, SURAT, Gujarat
",9638077877,,,,Surat,Ahmedabad Prep Kitchen,Kitchen,,Gujarat,,"Ason vista, Sanidhya, Ahmedabad, Gujarat 380058",9510355182,0,,1,PO0081086672,PO0081086672,1,,0,0,0,"[{""prev_price"":""0.000000"",""item_id"":""46293729"",""itemname"":""Coriander Process"",""qty"":100,""price"":0,""amount"":0,""discount"":""0.000"",""lbl_unit"":""GM"",""unit"":""2796373"",""description"":"""",""hsn_code"":"""",""weighted_price"":0,""invoice_date"":""2026-07-06"",""sap_code"":"""",""purchase_doc_number"":"""",""purchase_invoice_number"":"""",""tax1"":0,""tax2"":0,""tax3"":0,""tax1_amount"":0,""tax2_amount"":0,""tax3_amount"":0,""expiry_date"":"""",""manufacturing_date"":"""",""actual_qty"":""100.000"",""actual_unit_id"":""5790698"",""actual_unit_name"":""GM"",""sap_group_master_id"":0,""category"":""Food"",""yield_qty"":""0"",""discount_application"":""B"",""container_weight"":0,""net_weight"":""100"",""gross_weight"":0,""tax_type"":0,""excise_duty"":0,""tax1_label"":""CGST"",""tax2_label"":""SGST"",""tax3_label"":""IGST""},{""prev_price"":""0.000000"",""item_id"":""46293728"",""itemname"":""Basil Process"",""qty"":100,""price"":0,""amount"":0,""discount"":""0.000"",""lbl_unit"":""GM"",""unit"":""2796373"",""description"":"""",""hsn_code"":"""",""weighted_price"":0,""invoice_date"":""2026-07-06"",""sap_code"":"""",""purchase_doc_number"":"""",""purchase_invoice_number"":"""",""tax1"":0,""tax2"":0,""tax3"":0,""tax1_amount"":0,""tax2_amount"":0,""tax3_amount"":0,""expiry_date"":"""",""manufacturing_date"":"""",""actual_qty"":""100.000"",""actual_unit_id"":""5790698"",""actual_unit_name"":""GM"",""sap_group_master_id"":0,""category"":""Food"",""yield_qty"":""0"",""discount_application"":""B"",""container_weight"":0,""net_weight"":""100"",""gross_weight"":0,""tax_type"":0,""excise_duty"":0,""tax1_label"":""CGST"",""tax2_label"":""SGST"",""tax3_label"":""IGST""},{""prev_price"":""0.080000"",""item_id"":""46293735"",""itemname"":""Mint Process"",""qty"":100,""price"":0.08,""amount"":8,""discount"":""0.000"",""lbl_unit"":""GM"",""unit"":""2796373"",""description"":"""",""hsn_code"":"""",""weighted_price"":0.08,""invoice_date"":""2026-07-06"",""sap_code"":"""",""purchase_doc_number"":"""",""purchase_invoice_number"":"""",""tax1"":0,""tax2"":0,""tax3"":0,""tax1_amount"":0,""tax2_amount"":0,""tax3_amount"":0,""expiry_date"":"""",""manufacturing_date"":"""",""actual_qty"":""100.000"",""actual_unit_id"":""5790698"",""actual_unit_name"":""GM"",""sap_group_master_id"":0,""category"":""Food"",""yield_qty"":""0"",""discount_application"":""B"",""container_weight"":0,""net_weight"":""100"",""gross_weight"":0,""tax_type"":0,""excise_duty"":0,""tax1_label"":""CGST"",""tax2_label"":""SGST"",""tax3_label"":""IGST""},{""prev_price"":""0.110000"",""item_id"":""46294714"",""itemname"":""Spring Onion ."",""qty"":500,""price"":0.11,""amount"":55,""discount"":""0.000"",""lbl_unit"":""GM"",""unit"":""2796373"",""description"":""250 gm chop\r\n250 gm spring onion white round"",""hsn_code"":"""",""weighted_price"":0.11,""invoice_date"":""2026-07-06"",""sap_code"":"""",""purchase_doc_number"":"""",""purchase_invoice_number"":"""",""tax1"":0,""tax2"":0,""tax3"":0,""tax1_amount"":0,""tax2_amount"":0,""tax3_amount"":0,""expiry_date"":"""",""manufacturing_date"":"""",""actual_qty"":""500.000"",""actual_unit_id"":""5790698"",""actual_unit_name"":""GM"",""sap_group_master_id"":0,""category"":""Food"",""yield_qty"":""0"",""discount_application"":""B"",""container_weight"":0,""net_weight"":""500"",""gross_weight"":0,""tax_type"":0,""excise_duty"":0,""tax1_label"":""CGST"",""tax2_label"":""SGST"",""tax3_label"":""IGST""},{""prev_price"":""0.220000"",""item_id"":""46293756"",""itemname"":""Shimeji Mushroom"",""qty"":400,""price"":0.22,""amount"":88,""discount"":""0.000"",""lbl_unit"":""GM"",""unit"":""2796373"",""description"":"""",""hsn_code"":"""",""weighted_price"":0.22,""invoice_date"":""2026-07-06"",""sap_code"":"""",""purchase_doc_number"":"""",""purchase_invoice_number"":"""",""tax1"":0,""tax2"":0,""tax3"":0,""tax1_amount"":0,""tax2_amount"":0,""tax3_amount"":0,""expiry_date"":"""",""manufacturing_date"":"""",""actual_qty"":""400.000"",""actual_unit_id"":""5790698"",""actual_unit_name"":""GM"",""sap_group_master_id"":0,""category"":""Food"",""yield_qty"":""0"",""discount_application"":""B"",""container_weight"":0,""net_weight"":""400"",""gross_weight"":0,""tax_type"":0,""excise_duty"":0,""tax1_label"":""CGST"",""tax2_label"":""SGST"",""tax3_label"":""IGST""},{""prev_price"":""40.000000"",""item_id"":""46295207"",""itemname"":""Onion"",""qty"":2,""price"":40,""amount"":80,""discount"":""0.000"",""lbl_unit"":""Kg"",""unit"":""2796367"",""description"":"""",""hsn_code"":"""",""weighted_price"":40,""invoice_date"":""2026-07-06"",""sap_code"":"""",""purchase_doc_number"":"""",""purchase_invoice_number"":"""",""tax1"":0,""tax2"":0,""tax3"":0,""tax1_amount"":0,""tax2_amount"":0,""tax3_amount"":0,""expiry_date"":"""",""manufacturing_date"":"""",""actual_qty"":""2.000"",""actual_unit_id"":""5790692"",""actual_unit_name"":""Kg"",""sap_group_master_id"":0,""category"":""Food"",""rmconv_qty"":""1000"",""rmconv_qty_total"":2000,""rmconv_unit_id"":""2796373"",""rmconv_unit"":""GM"",""yield_qty"":""0"",""discount_application"":""B"",""container_weight"":0,""net_weight"":""2"",""gross_weight"":0,""tax_type"":0,""excise_duty"":0,""tax1_label"":""CGST"",""tax2_label"":""SGST"",""tax3_label"":""IGST""},{""item_id"":""47108146"",""itemname"":""Big Clove Garlic"",""qty"":1,""price"":240,""prev_price"":""240.000000"",""amount"":240,""discount"":""0.000"",""lbl_unit"":""Kg"",""unit"":""2796367"",""description"":"""",""hsn_code"":"""",""weighted_price"":240,""invoice_date"":""2026-07-06"",""sap_code"":"""",""purchase_doc_number"":"""",""purchase_invoice_number"":"""",""tax1"":0,""tax2"":0,""tax3"":0,""tax1_amount"":0,""tax2_amount"":0,""tax3_amount"":0,""expiry_date"":"""",""manufacturing_date"":"""",""actual_qty"":""1.000"",""actual_unit_id"":""5790692"",""actual_unit_name"":""Kg"",""sap_group_master_id"":0,""discount_application"":""B"",""container_weight"":0,""net_weight"":""1"",""gross_weight"":0,""category"":""Food"",""tax_type"":0,""excise_duty"":0,""tax1_label"":""CGST"",""tax2_label"":""SGST"",""tax3_label"":""IGST""},{""prev_price"":""0.000000"",""item_id"":""46293696"",""itemname"":""Bell Pepper Square"",""qty"":500,""price"":0,""amount"":0,""discount"":""0.000"",""lbl_unit"":""GM"",""unit"":""2796373"",""description"":""mix bell paper 500 gm whole"",""hsn_code"":"""",""weighted_price"":0,""invoice_date"":""2026-07-06"",""sap_code"":"""",""purchase_doc_number"":"""",""purchase_invoice_number"":"""",""tax1"":0,""tax2"":0,""tax3"":0,""tax1_amount"":0,""tax2_amount"":0,""tax3_amount"":0,""expiry_date"":"""",""manufacturing_date"":"""",""actual_qty"":""500.000"",""actual_unit_id"":""5790698"",""actual_unit_name"":""GM"",""sap_group_master_id"":0,""category"":""Food"",""yield_qty"":""0"",""discount_application"":""B"",""container_weight"":0,""net_weight"":""500"",""gross_weight"":0,""tax_type"":0,""excise_duty"":0,""tax1_label"":""CGST"",""tax2_label"":""SGST"",""tax3_label"":""IGST""},{""prev_price"":""0.000000"",""item_id"":""46293702"",""itemname"":""Button Mushroom Whole"",""qty"":250,""price"":0,""amount"":0,""discount"":""0.000"",""lbl_unit"":""GM"",""unit"":""2796373"",""description"":"""",""hsn_code"":"""",""weighted_price"":0,""invoice_date"":""2026-07-06"",""sap_code"":"""",""purchase_doc_number"":"""",""purchase_invoice_number"":"""",""tax1"":0,""tax2"":0,""tax3"":0,""tax1_amount"":0,""tax2_amount"":0,""tax3_amount"":0,""expiry_date"":"""",""manufacturing_date"":"""",""actual_qty"":""250.000"",""actual_unit_id"":""5790698"",""actual_unit_name"":""GM"",""sap_group_master_id"":0,""category"":""Food"",""yield_qty"":""0"",""discount_application"":""B"",""container_weight"":0,""net_weight"":""250"",""gross_weight"":0,""tax_type"":0,""excise_duty"":0,""tax1_label"":""CGST"",""tax2_label"":""SGST"",""tax3_label"":""IGST""},{""prev_price"":""0.165000"",""item_id"":""46292695"",""itemname"":""Ginger."",""qty"":300,""price"":0.165,""amount"":49.5,""discount"":""0.000"",""lbl_unit"":""GM"",""unit"":""2796373"",""description"":"""",""hsn_code"":"""",""weighted_price"":0.165,""invoice_date"":""2026-07-06"",""sap_code"":"""",""purchase_doc_number"":"""",""purchase_invoice_number"":"""",""tax1"":0,""tax2"":0,""tax3"":0,""tax1_amount"":0,""tax2_amount"":0,""tax3_amount"":0,""expiry_date"":"""",""manufacturing_date"":"""",""actual_qty"":""300.000"",""actual_unit_id"":""5790698"",""actual_unit_name"":""GM"",""sap_group_master_id"":0,""category"":""Food"",""yield_qty"":""0"",""discount_application"":""B"",""container_weight"":0,""net_weight"":""300"",""gross_weight"":0,""tax_type"":0,""excise_duty"":0,""tax1_label"":""CGST"",""tax2_label"":""SGST"",""tax3_label"":""IGST""}]",[],0,0,,,[],[],,,,,,,,,,,,,,,,,,,,,,,,,,,,,,,,,,,,,,,,,,,,,,,,,,,,,,,,,,,,,,,,,,,,,,,,,,,,,,,,,,,,,,,,,,,,,,,,,,,,,,,,,,,,,,,,,,,,,,,,,,,,,,,,,,,,,,,,,,,,,,,,,,,,,,,,,,,,,,,,,,,,,,,,,,,,,,,,,,,,,,,,,,,,,,,,,,,,,,,,,,,,,,,,,,,,,,,,,,,,,,,,,,,,,,,,,,,,,,,,,,,,,,,,,,,,,,,,,,,,,,,,,,,,,,,,,,,,,,,,,,,,,,,,,,,,,,,,,,,,,,,,,,,,,,,,,,,,,,,,,,,,,,,,,,,,,,,,,,,,,,,,,,,,,,,,,,,,,,,,,,,,,,,,,,,,,,,,,,,,,,,,,,,,,,,,,,,,,,,,,,,,,,,,,,,,,,,,,,,,,,,,,,,,,,,,,,,,,,,,,,,,,,,,,,,,,,,,,,,,,,,,,,,,,,,,,,,,,,,,,,,,,,,,,,,,,,,,,,,,,,,,,,,,,,,,,,,,,,,,,,,,,,,,,,,,,,,,,,,,,,,,,,,,,,,,,,,,,,,,,,,,,,,,,,,,,,,,,,,,,,,,,,,,,,,,,,,,,,,,,,,,,,,,,,,,,,,,,,,,,,,,,,,,,,,,,,,,,,,,,,,,,,,,,,,,,,,,,,,,,,,,,,,,,,,,,,,6a4f9bfd-44a4-41f4-9f0e-0e993c008f71,60.0.158.135,,,,,,,,,,,,,,,,,,,,,,,,,,,,,,,,,,,,,,,,,,,,,,,,,,,,,,,,,,,,,,,,,,,,,,,,,
Aiko (Ahmedabad),134691,134544788,From Sales,117992069,415,,2026-07-06,3989.4,0,Active,Unpaid,,3989.4,0,0,0,0.00,0,0,0,0,2026-07-09 18:32:46,2026-07-09 18:32:46,410150,Kitchen,24AAMCB4304M1ZN,Surat,Aiko (Ahmedabad,Gujarat,U55101GJ2024PTC149642,"102, SANGINI ASPIRE, PAL-HAZIRA ROAD, BESIDE SANSKRUTI TOWNSHIP, PAL, SURAT, Gujarat
",9638077877,,,,Surat,Ahmedabad Prep Kitchen,Kitchen,,Gujarat,,"Ason vista, Sanidhya, Ahmedabad, Gujarat 380058",9510355182,0,,1,PO0081085648,PO0081085648,1,,0,0,0,"[{""prev_price"":""960.000000"",""item_id"":""46295722"",""itemname"":""Alphonso Mango"",""qty"":2,""price"":960,""amount"":1920,""discount"":""0.000"",""lbl_unit"":""dozen"",""unit"":""5523062"",""description"":"""",""hsn_code"":"""",""weighted_price"":960,""invoice_date"":""2026-07-06"",""sap_code"":"""",""purchase_doc_number"":"""",""purchase_invoice_number"":"""",""tax1"":0,""tax2"":0,""tax3"":0,""tax1_amount"":0,""tax2_amount"":0,""tax3_amount"":0,""expiry_date"":"""",""manufacturing_date"":"""",""actual_qty"":""2.000"",""actual_unit_id"":""6058571"",""actual_unit_name"":""dozen"",""sap_group_master_id"":0,""category"":""Food"",""yield_qty"":""0"",""discount_application"":""B"",""container_weight"":0,""net_weight"":""2"",""gross_weight"":0,""tax_type"":0,""excise_duty"":0,""tax1_label"":""CGST"",""tax2_label"":""SGST"",""tax3_label"":""IGST""},{""prev_price"":""900.000000"",""item_id"":""46293273"",""itemname"":""Hass Avocado"",""qty"":2,""price"":900,""amount"":1800,""discount"":""0.000"",""lbl_unit"":""Kg"",""unit"":""2796367"",""description"":"""",""hsn_code"":"""",""weighted_price"":900,""invoice_date"":""2026-07-06"",""sap_code"":"""",""purchase_doc_number"":"""",""purchase_invoice_number"":"""",""tax1"":0,""tax2"":0,""tax3"":0,""tax1_amount"":0,""tax2_amount"":0,""tax3_amount"":0,""expiry_date"":"""",""manufacturing_date"":"""",""actual_qty"":""2.000"",""actual_unit_id"":""5790692"",""actual_unit_name"":""Kg"",""sap_group_master_id"":0,""category"":""Food"",""rmconv_qty"":""1000"",""rmconv_qty_total"":2000,""rmconv_unit_id"":""2796373"",""rmconv_unit"":""GM"",""yield_qty"":""0"",""discount_application"":""B"",""container_weight"":0,""net_weight"":""2"",""gross_weight"":0,""tax_type"":0,""excise_duty"":0,""tax1_label"":""CGST"",""tax2_label"":""SGST"",""tax3_label"":""IGST""},{""prev_price"":""0.000000"",""item_id"":""46293704"",""itemname"":""Carrot Slice"",""qty"":100,""price"":0,""amount"":0,""discount"":""0.000"",""lbl_unit"":""GM"",""unit"":""2796373"",""description"":"""",""hsn_code"":"""",""weighted_price"":0,""invoice_date"":""2026-07-06"",""sap_code"":"""",""purchase_doc_number"":"""",""purchase_invoice_number"":"""",""tax1"":0,""tax2"":0,""tax3"":0,""tax1_amount"":0,""tax2_amount"":0,""tax3_amount"":0,""expiry_date"":"""",""manufacturing_date"":"""",""actual_qty"":""100.000"",""actual_unit_id"":""5790698"",""actual_unit_name"":""GM"",""sap_group_master_id"":0,""category"":""Food"",""yield_qty"":""0"",""discount_application"":""B"",""container_weight"":0,""net_weight"":""100"",""gross_weight"":0,""tax_type"":0,""excise_duty"":0,""tax1_label"":""CGST"",""tax2_label"":""SGST"",""tax3_label"":""IGST""},{""prev_price"":""0.000000"",""item_id"":""46293729"",""itemname"":""Coriander Process"",""qty"":100,""price"":0,""amount"":0,""discount"":""0.000"",""lbl_unit"":""GM"",""unit"":""2796373"",""description"":"""",""hsn_code"":"""",""weighted_price"":0,""invoice_date"":""2026-07-06"",""sap_code"":"""",""purchase_doc_number"":"""",""purchase_invoice_number"":"""",""tax1"":0,""tax2"":0,""tax3"":0,""tax1_amount"":0,""tax2_amount"":0,""tax3_amount"":0,""expiry_date"":"""",""manufacturing_date"":"""",""actual_qty"":""100.000"",""actual_unit_id"":""5790698"",""actual_unit_name"":""GM"",""sap_group_master_id"":0,""category"":""Food"",""yield_qty"":""0"",""discount_application"":""B"",""container_weight"":0,""net_weight"":""100"",""gross_weight"":0,""tax_type"":0,""excise_duty"":0,""tax1_label"":""CGST"",""tax2_label"":""SGST"",""tax3_label"":""IGST""},{""prev_price"":""0.000000"",""item_id"":""46292745"",""itemname"":""Chopped Spring Onion"",""qty"":80,""price"":0,""amount"":0,""discount"":""0.000"",""lbl_unit"":""GM"",""unit"":""2796373"",""description"":"""",""hsn_code"":"""",""weighted_price"":0,""invoice_date"":""2026-07-06"",""sap_code"":"""",""purchase_doc_number"":"""",""purchase_invoice_number"":"""",""tax1"":0,""tax2"":0,""tax3"":0,""tax1_amount"":0,""tax2_amount"":0,""tax3_amount"":0,""expiry_date"":"""",""manufacturing_date"":"""",""actual_qty"":""80.000"",""actual_unit_id"":""5790698"",""actual_unit_name"":""GM"",""sap_group_master_id"":0,""category"":""Food"",""yield_qty"":""0"",""discount_application"":""B"",""container_weight"":0,""net_weight"":""80"",""gross_weight"":0,""tax_type"":0,""excise_duty"":0,""tax1_label"":""CGST"",""tax2_label"":""SGST"",""tax3_label"":""IGST""},{""prev_price"":""0.000000"",""item_id"":""46293736"",""itemname"":""Spring Onion 1/2"",""qty"":100,""price"":0,""amount"":0,""discount"":""0.000"",""lbl_unit"":""GM"",""unit"":""2796373"",""description"":"""",""hsn_code"":"""",""weighted_price"":0,""invoice_date"":""2026-07-06"",""sap_code"":"""",""purchase_doc_number"":"""",""purchase_invoice_number"":"""",""tax1"":0,""tax2"":0,""tax3"":0,""tax1_amount"":0,""tax2_amount"":0,""tax3_amount"":0,""expiry_date"":"""",""manufacturing_date"":"""",""actual_qty"":""100.000"",""actual_unit_id"":""5790698"",""actual_unit_name"":""GM"",""sap_group_master_id"":0,""category"":""Food"",""yield_qty"":""0"",""discount_application"":""B"",""container_weight"":0,""net_weight"":""100"",""gross_weight"":0,""tax_type"":0,""excise_duty"":0,""tax1_label"":""CGST"",""tax2_label"":""SGST"",""tax3_label"":""IGST""},{""prev_price"":""250.000000"",""item_id"":""46295217"",""itemname"":""Red Bellpepper"",""qty"":1,""price"":250,""amount"":250,""discount"":""0.000"",""lbl_unit"":""Kg"",""unit"":""2796367"",""description"":"""",""hsn_code"":"""",""weighted_price"":250,""invoice_date"":""2026-07-06"",""sap_code"":"""",""purchase_doc_number"":"""",""purchase_invoice_number"":"""",""tax1"":0,""tax2"":0,""tax3"":0,""tax1_amount"":0,""tax2_amount"":0,""tax3_amount"":0,""expiry_date"":"""",""manufacturing_date"":"""",""actual_qty"":""1.000"",""actual_unit_id"":""5790692"",""actual_unit_name"":""Kg"",""sap_group_master_id"":0,""category"":""Food"",""rmconv_qty"":""1000"",""rmconv_qty_total"":1000,""rmconv_unit_id"":""2796373"",""rmconv_unit"":""GM"",""yield_qty"":""0"",""discount_application"":""B"",""container_weight"":0,""net_weight"":""1"",""gross_weight"":0,""tax_type"":0,""excise_duty"":0,""tax1_label"":""CGST"",""tax2_label"":""SGST"",""tax3_label"":""IGST""},{""prev_price"":""0.194000"",""item_id"":""46295701"",""itemname"":""Red Cabbage"",""qty"":100,""price"":0.194,""amount"":19.4,""discount"":""0.000"",""lbl_unit"":""GM"",""unit"":""2796373"",""description"":"""",""hsn_code"":"""",""weighted_price"":0.194,""invoice_date"":""2026-07-06"",""sap_code"":"""",""purchase_doc_number"":"""",""purchase_invoice_number"":"""",""tax1"":0,""tax2"":0,""tax3"":0,""tax1_amount"":0,""tax2_amount"":0,""tax3_amount"":0,""expiry_date"":"""",""manufacturing_date"":"""",""actual_qty"":""100.000"",""actual_unit_id"":""5790698"",""actual_unit_name"":""GM"",""sap_group_master_id"":0,""category"":""Food"",""yield_qty"":""0"",""discount_application"":""B"",""container_weight"":0,""net_weight"":""100"",""gross_weight"":0,""tax_type"":0,""excise_duty"":0,""tax1_label"":""CGST"",""tax2_label"":""SGST"",""tax3_label"":""IGST""},{""prev_price"":""0.000000"",""item_id"":""46293725"",""itemname"":""Tomato Whole"",""qty"":500,""price"":0,""amount"":0,""discount"":""0.000"",""lbl_unit"":""GM"",""unit"":""2796373"",""description"":"""",""hsn_code"":"""",""weighted_price"":0,""invoice_date"":""2026-07-06"",""sap_code"":"""",""purchase_doc_number"":"""",""purchase_invoice_number"":"""",""tax1"":0,""tax2"":0,""tax3"":0,""tax1_amount"":0,""tax2_amount"":0,""tax3_amount"":0,""expiry_date"":"""",""manufacturing_date"":"""",""actual_qty"":""500.000"",""actual_unit_id"":""5790698"",""actual_unit_name"":""GM"",""sap_group_master_id"":0,""category"":""Food"",""yield_qty"":""0"",""discount_application"":""B"",""container_weight"":0,""net_weight"":""500"",""gross_weight"":0,""tax_type"":0,""excise_duty"":0,""tax1_label"":""CGST"",""tax2_label"":""SGST"",""tax3_label"":""IGST""},{""prev_price"":""0.000000"",""item_id"":""46293740"",""itemname"":""White Spring Onion Julienne"",""qty"":100,""price"":0,""amount"":0,""discount"":""0.000"",""lbl_unit"":""GM"",""unit"":""2796373"",""description"":"""",""hsn_code"":"""",""weighted_price"":0,""invoice_date"":""2026-07-06"",""sap_code"":"""",""purchase_doc_number"":"""",""purchase_invoice_number"":"""",""tax1"":0,""tax2"":0,""tax3"":0,""tax1_amount"":0,""tax2_amount"":0,""tax3_amount"":0,""expiry_date"":"""",""manufacturing_date"":"""",""actual_qty"":""100.000"",""actual_unit_id"":""5790698"",""actual_unit_name"":""GM"",""sap_group_master_id"":0,""category"":""Food"",""yield_qty"":""0"",""discount_application"":""B"",""container_weight"":0,""net_weight"":""100"",""gross_weight"":0,""tax_type"":0,""excise_duty"":0,""tax1_label"":""CGST"",""tax2_label"":""SGST"",""tax3_label"":""IGST""}]",[],0,0,,,[],[],,,,,,,,,,,,,,,,,,,,,,,,,,,,,,,,,,,,,,,,,,,,,,,,,,,,,,,,,,,,,,,,,,,,,,,,,,,,,,,,,,,,,,,,,,,,,,,,,,,,,,,,,,,,,,,,,,,,,,,,,,,,,,,,,,,,,,,,,,,,,,,,,,,,,,,,,,,,,,,,,,,,,,,,,,,,,,,,,,,,,,,,,,,,,,,,,,,,,,,,,,,,,,,,,,,,,,,,,,,,,,,,,,,,,,,,,,,,,,,,,,,,,,,,,,,,,,,,,,,,,,,,,,,,,,,,,,,,,,,,,,,,,,,,,,,,,,,,,,,,,,,,,,,,,,,,,,,,,,,,,,,,,,,,,,,,,,,,,,,,,,,,,,,,,,,,,,,,,,,,,,,,,,,,,,,,,,,,,,,,,,,,,,,,,,,,,,,,,,,,,,,,,,,,,,,,,,,,,,,,,,,,,,,,,,,,,,,,,,,,,,,,,,,,,,,,,,,,,,,,,,,,,,,,,,,,,,,,,,,,,,,,,,,,,,,,,,,,,,,,,,,,,,,,,,,,,,,,,,,,,,,,,,,,,,,,,,,,,,,,,,,,,,,,,,,,,,,,,,,,,,,,,,,,,,,,,,,,,,,,,,,,,,,,,,,,,,,,,,,,,,,,,,,,,,,,,,,,,,,,,,,,,,,,,,,,,,,,,,,,,,,,,,,,,,,,,,,,,,,,,,,,,,,,,,,,,,,,,6a4f9bdc-17e4-49f3-b65f-4da03c009503,60.0.143.113,,,,,,,,,,,,,,,,,,,,,,,,,,,,,,,,,,,,,,,,,,,,,,,,,,,,,,,,,,,,,,,,,,,,,,,
Aiko (Ahmedabad),134691,134344583,From Sales,118116683,403,,2026-07-07,17816.902,0,Active,Unpaid,,15099.07,2717.83,0,0,0.00,0,0,0,0,2026-07-07 18:19:31,2026-07-07 18:19:31,443195,Kitchen,24AAMCB4304M1ZN,Surat,Aiko (Ahmedabad,Gujarat,U55101GJ2024PTC149642,"102, SANGINI ASPIRE, PAL-HAZIRA ROAD, BESIDE SANSKRUTI TOWNSHIP, PAL, SURAT, Gujarat
",9638077877,,,,Ahmedabad,Ahmedabad store 2.0 ,Kitchen,,Gujarat,,Ahmedabad ,8849373682,0,,1,PO0081114640,PO0081114640,1,,0,0,0,"[{""item_id"":""47011777"",""itemname"":""Cling Wrap"",""qty"":10,""price"":425,""prev_price"":""425.000000"",""amount"":4250,""discount"":""0.000"",""lbl_unit"":""pcs"",""unit"":""3939123"",""description"":"""",""hsn_code"":"""",""weighted_price"":501.5,""invoice_date"":""2026-07-07"",""sap_code"":"""",""purchase_doc_number"":"""",""purchase_invoice_number"":"""",""tax1"":9,""tax2"":9,""tax3"":0,""tax1_amount"":382.5,""tax2_amount"":382.5,""tax3_amount"":0,""expiry_date"":"""",""manufacturing_date"":"""",""actual_qty"":""10.000"",""actual_unit_id"":""6602725"",""actual_unit_name"":""pcs"",""sap_group_master_id"":0,""discount_application"":""B"",""container_weight"":0,""net_weight"":""10"",""gross_weight"":0,""category"":""Packaging"",""tax_type"":0,""excise_duty"":0,""tax1_label"":""CGST"",""tax2_label"":""SGST"",""tax3_label"":""IGST""},{""prev_price"":""75.000000"",""item_id"":""46437693"",""itemname"":""3m Scotch Brite 4x6(5pcs)"",""qty"":2,""price"":75,""amount"":150,""discount"":""0.000"",""lbl_unit"":""Qty"",""unit"":""2796384"",""description"":"""",""hsn_code"":"""",""weighted_price"":88.5,""invoice_date"":""2026-07-07"",""sap_code"":"""",""purchase_doc_number"":"""",""purchase_invoice_number"":"""",""tax1"":9,""tax2"":9,""tax3"":0,""tax1_amount"":13.5,""tax2_amount"":13.5,""tax3_amount"":0,""expiry_date"":"""",""manufacturing_date"":"""",""actual_qty"":""2.000"",""actual_unit_id"":""6602488"",""actual_unit_name"":""Qty"",""sap_group_master_id"":0,""category"":""Housekeeping Liquids"",""yield_qty"":""0"",""discount_application"":""B"",""container_weight"":0,""net_weight"":""2"",""gross_weight"":0,""tax_type"":0,""excise_duty"":0,""tax1_label"":""CGST"",""tax2_label"":""SGST"",""tax3_label"":""IGST""},{""prev_price"":""125.000000"",""item_id"":""46735770"",""itemname"":""Acid 5 Ltrs"",""qty"":2,""price"":125,""amount"":250,""discount"":""0.000"",""lbl_unit"":""Qty"",""unit"":""2796384"",""description"":"""",""hsn_code"":"""",""weighted_price"":147.5,""invoice_date"":""2026-07-07"",""sap_code"":"""",""purchase_doc_number"":"""",""purchase_invoice_number"":"""",""tax1"":9,""tax2"":9,""tax3"":0,""tax1_amount"":22.5,""tax2_amount"":22.5,""tax3_amount"":0,""expiry_date"":"""",""manufacturing_date"":"""",""actual_qty"":""2.000"",""actual_unit_id"":""6602488"",""actual_unit_name"":""Qty"",""sap_group_master_id"":0,""category"":""Housekeeping Liquids"",""yield_qty"":""0"",""discount_application"":""B"",""container_weight"":0,""net_weight"":""2"",""gross_weight"":0,""tax_type"":0,""excise_duty"":0,""tax1_label"":""CGST"",""tax2_label"":""SGST"",""tax3_label"":""IGST""},{""prev_price"":""85.000000"",""item_id"":""46297213"",""itemname"":""Black Garbage Bag 5kg"",""qty"":1,""price"":85,""amount"":85,""discount"":""0.000"",""lbl_unit"":""kgs"",""unit"":""6628938"",""description"":"""",""hsn_code"":"""",""weighted_price"":100.3,""invoice_date"":""2026-07-07"",""sap_code"":"""",""purchase_doc_number"":"""",""purchase_invoice_number"":"""",""tax1"":9,""tax2"":9,""tax3"":0,""tax1_amount"":7.65,""tax2_amount"":7.65,""tax3_amount"":0,""expiry_date"":"""",""manufacturing_date"":"""",""actual_qty"":""1.000"",""actual_unit_id"":""6602730"",""actual_unit_name"":""kgs"",""sap_group_master_id"":0,""category"":""Housekeeping Hygiene"",""yield_qty"":""0"",""discount_application"":""B"",""container_weight"":0,""net_weight"":""1"",""gross_weight"":0,""tax_type"":0,""excise_duty"":0,""tax1_label"":""CGST"",""tax2_label"":""SGST"",""tax3_label"":""IGST""},{""prev_price"":""92.000000"",""item_id"":""46297216"",""itemname"":""Colin"",""qty"":5,""price"":92,""amount"":460,""discount"":""0.000"",""lbl_unit"":""Qty"",""unit"":""2796384"",""description"":"""",""hsn_code"":"""",""weighted_price"":108.56,""invoice_date"":""2026-07-07"",""sap_code"":"""",""purchase_doc_number"":"""",""purchase_invoice_number"":"""",""tax1"":9,""tax2"":9,""tax3"":0,""tax1_amount"":41.4,""tax2_amount"":41.4,""tax3_amount"":0,""expiry_date"":"""",""manufacturing_date"":"""",""actual_qty"":""5.000"",""actual_unit_id"":""6602488"",""actual_unit_name"":""Qty"",""sap_group_master_id"":0,""category"":""Housekeeping Liquids"",""yield_qty"":""0"",""discount_application"":""B"",""container_weight"":0,""net_weight"":""5"",""gross_weight"":0,""tax_type"":0,""excise_duty"":0,""tax1_label"":""CGST"",""tax2_label"":""SGST"",""tax3_label"":""IGST""},{""prev_price"":""474.400000"",""item_id"":""46626449"",""itemname"":""Dishwash Liquid 5 Ltr"",""qty"":1,""price"":474.4,""amount"":474.4,""discount"":""0.000"",""lbl_unit"":""Qty"",""unit"":""2796384"",""description"":"""",""hsn_code"":"""",""weighted_price"":559.792,""invoice_date"":""2026-07-07"",""sap_code"":"""",""purchase_doc_number"":"""",""purchase_invoice_number"":"""",""tax1"":9,""tax2"":9,""tax3"":0,""tax1_amount"":42.696,""tax2_amount"":42.696,""tax3_amount"":0,""expiry_date"":"""",""manufacturing_date"":"""",""actual_qty"":""1.000"",""actual_unit_id"":""6602488"",""actual_unit_name"":""Qty"",""sap_group_master_id"":0,""category"":""Housekeeping Liquids"",""yield_qty"":""0"",""discount_application"":""B"",""container_weight"":0,""net_weight"":""1"",""gross_weight"":0,""tax_type"":0,""excise_duty"":0,""tax1_label"":""CGST"",""tax2_label"":""SGST"",""tax3_label"":""IGST""},{""prev_price"":""311.600000"",""item_id"":""46297202"",""itemname"":""Floor Cleaner 5ltr"",""qty"":1,""price"":311.6,""amount"":311.6,""discount"":""0.000"",""lbl_unit"":""Qty"",""unit"":""2796384"",""description"":"""",""hsn_code"":"""",""weighted_price"":367.688,""invoice_date"":""2026-07-07"",""sap_code"":"""",""purchase_doc_number"":"""",""purchase_invoice_number"":"""",""tax1"":9,""tax2"":9,""tax3"":0,""tax1_amount"":28.044,""tax2_amount"":28.044,""tax3_amount"":0,""expiry_date"":"""",""manufacturing_date"":"""",""actual_qty"":""1.000"",""actual_unit_id"":""6602488"",""actual_unit_name"":""Qty"",""sap_group_master_id"":0,""category"":""Housekeeping Liquids"",""yield_qty"":""0"",""discount_application"":""B"",""container_weight"":0,""net_weight"":""1"",""gross_weight"":0,""tax_type"":0,""excise_duty"":0,""tax1_label"":""CGST"",""tax2_label"":""SGST"",""tax3_label"":""IGST""},{""prev_price"":""90.000000"",""item_id"":""46297212"",""itemname"":""Green Garbage Bag 5kg"",""qty"":45,""price"":90,""amount"":4050,""discount"":""0.000"",""lbl_unit"":""kgs"",""unit"":""6628938"",""description"":"""",""hsn_code"":"""",""weighted_price"":106.2,""invoice_date"":""2026-07-07"",""sap_code"":"""",""purchase_doc_number"":"""",""purchase_invoice_number"":"""",""tax1"":9,""tax2"":9,""tax3"":0,""tax1_amount"":364.5,""tax2_amount"":364.5,""tax3_amount"":0,""expiry_date"":"""",""manufacturing_date"":"""",""actual_qty"":""45.000"",""actual_unit_id"":""6602730"",""actual_unit_name"":""kgs"",""sap_group_master_id"":0,""category"":""Housekeeping Hygiene"",""yield_qty"":""0"",""discount_application"":""B"",""container_weight"":0,""net_weight"":""45"",""gross_weight"":0,""tax_type"":0,""excise_duty"":0,""tax1_label"":""CGST"",""tax2_label"":""SGST"",""tax3_label"":""IGST""},{""prev_price"":""130.000000"",""item_id"":""46298285"",""itemname"":""Hand Sanitizer 5ltr"",""qty"":1,""price"":130,""amount"":130,""discount"":""0.000"",""lbl_unit"":""Qty"",""unit"":""2796384"",""description"":"""",""hsn_code"":"""",""weighted_price"":153.4,""invoice_date"":""2026-07-07"",""sap_code"":"""",""purchase_doc_number"":"""",""purchase_invoice_number"":"""",""tax1"":9,""tax2"":9,""tax3"":0,""tax1_amount"":11.7,""tax2_amount"":11.7,""tax3_amount"":0,""expiry_date"":"""",""manufacturing_date"":"""",""actual_qty"":""1.000"",""actual_unit_id"":""6602488"",""actual_unit_name"":""Qty"",""sap_group_master_id"":0,""category"":""Housekeeping Liquids"",""yield_qty"":""0"",""discount_application"":""B"",""container_weight"":0,""net_weight"":""1"",""gross_weight"":0,""tax_type"":0,""excise_duty"":0,""tax1_label"":""CGST"",""tax2_label"":""SGST"",""tax3_label"":""IGST""},{""prev_price"":""28.500000"",""item_id"":""46302264"",""itemname"":""M Fold Tissue"",""qty"":50,""price"":28.5,""amount"":1425,""discount"":""0.000"",""lbl_unit"":""Qty"",""unit"":""2796384"",""description"":"""",""hsn_code"":"""",""weighted_price"":33.63,""invoice_date"":""2026-07-07"",""sap_code"":"""",""purchase_doc_number"":"""",""purchase_invoice_number"":"""",""tax1"":9,""tax2"":9,""tax3"":0,""tax1_amount"":128.25,""tax2_amount"":128.25,""tax3_amount"":0,""expiry_date"":"""",""manufacturing_date"":"""",""actual_qty"":""50.000"",""actual_unit_id"":""6602488"",""actual_unit_name"":""Qty"",""sap_group_master_id"":0,""category"":""Housekeeping Hygiene"",""yield_qty"":""0"",""discount_application"":""B"",""container_weight"":0,""net_weight"":""50"",""gross_weight"":0,""tax_type"":0,""excise_duty"":0,""tax1_label"":""CGST"",""tax2_label"":""SGST"",""tax3_label"":""IGST""},{""prev_price"":""0.000000"",""item_id"":""46297229"",""itemname"":""S Size Hand Gloves Nitrile"",""qty"":4,""price"":215,""amount"":860,""discount"":""0.000"",""lbl_unit"":""Qty"",""unit"":""2796384"",""description"":"""",""hsn_code"":"""",""weighted_price"":253.7,""invoice_date"":""2026-07-07"",""sap_code"":"""",""purchase_doc_number"":"""",""purchase_invoice_number"":"""",""tax1"":9,""tax2"":9,""tax3"":0,""tax1_amount"":77.4,""tax2_amount"":77.4,""tax3_amount"":0,""expiry_date"":"""",""manufacturing_date"":"""",""actual_qty"":""4.000"",""actual_unit_id"":""6602488"",""actual_unit_name"":""Qty"",""sap_group_master_id"":0,""category"":""Housekeeping Hygiene"",""yield_qty"":""0"",""discount_application"":""B"",""container_weight"":0,""net_weight"":""4"",""gross_weight"":0,""tax_type"":0,""excise_duty"":0,""tax1_label"":""CGST"",""tax2_label"":""SGST"",""tax3_label"":""IGST""},{""prev_price"":""0.000000"",""item_id"":""46298774"",""itemname"":""Small Garbage Bag"",""qty"":2,""price"":0,""amount"":0,""discount"":""0.000"",""lbl_unit"":""Qty"",""unit"":""2796384"",""description"":"""",""hsn_code"":"""",""weighted_price"":0,""invoice_date"":""2026-07-07"",""sap_code"":"""",""purchase_doc_number"":"""",""purchase_invoice_number"":"""",""tax1"":9,""tax2"":9,""tax3"":0,""tax1_amount"":0,""tax2_amount"":0,""tax3_amount"":0,""expiry_date"":"""",""manufacturing_date"":"""",""actual_qty"":""2.000"",""actual_unit_id"":""6602488"",""actual_unit_name"":""Qty"",""sap_group_master_id"":0,""category"":""Housekeeping Hygiene"",""yield_qty"":""0"",""discount_application"":""B"",""container_weight"":0,""net_weight"":""2"",""gross_weight"":0,""tax_type"":0,""excise_duty"":0,""tax1_label"":""CGST"",""tax2_label"":""SGST"",""tax3_label"":""IGST""},{""prev_price"":""0.000000"",""item_id"":""46297215"",""itemname"":""Steel Bright"",""qty"":11,""price"":12,""amount"":132,""discount"":""0.000"",""lbl_unit"":""Qty"",""unit"":""2796384"",""description"":"""",""hsn_code"":"""",""weighted_price"":14.16,""invoice_date"":""2026-07-07"",""sap_code"":"""",""purchase_doc_number"":"""",""purchase_invoice_number"":"""",""tax1"":9,""tax2"":9,""tax3"":0,""tax1_amount"":11.88,""tax2_amount"":11.88,""tax3_amount"":0,""expiry_date"":"""",""manufacturing_date"":"""",""actual_qty"":""11.000"",""actual_unit_id"":""6602488"",""actual_unit_name"":""Qty"",""sap_group_master_id"":0,""category"":""Housekeeping Liquids"",""yield_qty"":""0"",""discount_application"":""B"",""container_weight"":0,""net_weight"":""11"",""gross_weight"":0,""tax_type"":0,""excise_duty"":0,""tax1_label"":""CGST"",""tax2_label"":""SGST"",""tax3_label"":""IGST""},{""prev_price"":""169.160000"",""item_id"":""46302741"",""itemname"":""Toilet Roll (pack Of 12)"",""qty"":10,""price"":169.16,""amount"":1691.6,""discount"":""0.000"",""lbl_unit"":""Qty"",""unit"":""2796384"",""description"":"""",""hsn_code"":"""",""weighted_price"":199.6088,""invoice_date"":""2026-07-07"",""sap_code"":"""",""purchase_doc_number"":"""",""purchase_invoice_number"":"""",""tax1"":9,""tax2"":9,""tax3"":0,""tax1_amount"":152.244,""tax2_amount"":152.244,""tax3_amount"":0,""expiry_date"":"""",""manufacturing_date"":"""",""actual_qty"":""10.000"",""actual_unit_id"":""6602488"",""actual_unit_name"":""Qty"",""sap_group_master_id"":0,""category"":""Housekeeping Hygiene"",""yield_qty"":""0"",""discount_application"":""B"",""container_weight"":0,""net_weight"":""10"",""gross_weight"":0,""tax_type"":0,""excise_duty"":0,""tax1_label"":""CGST"",""tax2_label"":""SGST"",""tax3_label"":""IGST""},{""prev_price"":""0.000000"",""item_id"":""46300695"",""itemname"":""Hairnet"",""qty"":1,""price"":1.47,""amount"":1.47,""discount"":""0.000"",""lbl_unit"":""pcs"",""unit"":""3939123"",""description"":"""",""hsn_code"":"""",""weighted_price"":1.734,""invoice_date"":""2026-07-07"",""sap_code"":"""",""purchase_doc_number"":"""",""purchase_invoice_number"":"""",""tax1"":9,""tax2"":9,""tax3"":0,""tax1_amount"":0.132,""tax2_amount"":0.132,""tax3_amount"":0,""expiry_date"":"""",""manufacturing_date"":"""",""actual_qty"":""1.000"",""actual_unit_id"":""6602725"",""actual_unit_name"":""pcs"",""sap_group_master_id"":0,""category"":""Housekeeping Hygiene"",""yield_qty"":""0"",""discount_application"":""B"",""container_weight"":0,""net_weight"":""1"",""gross_weight"":0,""tax_type"":0,""excise_duty"":0,""tax1_label"":""CGST"",""tax2_label"":""SGST"",""tax3_label"":""IGST""},{""prev_price"":""199.000000"",""item_id"":""46297218"",""itemname"":""Kitchen Roll"",""qty"":2,""price"":199,""amount"":398,""discount"":""0.000"",""lbl_unit"":""Qty"",""unit"":""2796384"",""description"":"""",""hsn_code"":"""",""weighted_price"":234.82,""invoice_date"":""2026-07-07"",""sap_code"":"""",""purchase_doc_number"":"""",""purchase_invoice_number"":"""",""tax1"":9,""tax2"":9,""tax3"":0,""tax1_amount"":35.82,""tax2_amount"":35.82,""tax3_amount"":0,""expiry_date"":"""",""manufacturing_date"":"""",""actual_qty"":""2.000"",""actual_unit_id"":""6602488"",""actual_unit_name"":""Qty"",""sap_group_master_id"":0,""category"":""Housekeeping Hygiene"",""yield_qty"":""0"",""discount_application"":""B"",""container_weight"":0,""net_weight"":""2"",""gross_weight"":0,""tax_type"":0,""excise_duty"":0,""tax1_label"":""CGST"",""tax2_label"":""SGST"",""tax3_label"":""IGST""},{""prev_price"":""215.000000"",""item_id"":""46297214"",""itemname"":""M Size Hand Gloves Nitrile"",""qty"":2,""price"":215,""amount"":430,""discount"":""0.000"",""lbl_unit"":""Qty"",""unit"":""2796384"",""description"":"""",""hsn_code"":"""",""weighted_price"":253.7,""invoice_date"":""2026-07-07"",""sap_code"":"""",""purchase_doc_number"":"""",""purchase_invoice_number"":"""",""tax1"":9,""tax2"":9,""tax3"":0,""tax1_amount"":38.7,""tax2_amount"":38.7,""tax3_amount"":0,""expiry_date"":"""",""manufacturing_date"":"""",""actual_qty"":""2.000"",""actual_unit_id"":""6602488"",""actual_unit_name"":""Qty"",""sap_group_master_id"":0,""category"":""Housekeeping Hygiene"",""yield_qty"":""0"",""discount_application"":""B"",""container_weight"":0,""net_weight"":""2"",""gross_weight"":0,""tax_type"":0,""excise_duty"":0,""tax1_label"":""CGST"",""tax2_label"":""SGST"",""tax3_label"":""IGST""}]",[],0,0,,,[],[],,,,,,,,,,,,,,,,,,,,,,,,,,,,,,,,,,,,,,,,,,,,,,,,,,,,,,,,,,,,,,,,,,,,,,,,,,,,,,,,,,,,,,,,,,,,,,,,,,,,,,,,,,,,,,,,,,,,,,,,,,,,,,,,,,,,,,,,,,,,,,,,,,,,,,,,,,,,,,,,,,,,,,,,,,,,,,,,,,,,,,,,,,,,,,,,,,,,,,,,,,,,,,,,,,,,,,,,,,,,,,,,,,,,,,,,,,,,,,,,,,,,,,,,,,,,,,,,,,,,,,,,,,,,,,,,,,,,,,,,,,,,,,,,,,,,,,,,,,,,,,,,,,,,,,,,,,,,,,,,,,,,,,,,,,,,,,,,,,,,,,,,,,,,,,,,,,,,,,,,,,,,,,,,,,,,,,,,,,,,,,,,,,,,,,,,,,,,,,,,,,,,,,,,,,,,,,,,,,,,,,,,,,,,,,,,,,,,,,,,,,,,,,,,,,,,,,,,,,,,,,,,,,,,,,,,,,,,,,,,,,,,,,,,,,,,,,,,,,,,,,,,,,,,,,,,,,,,,,,,,,,,,,,,,,,,,,,,,,,,,,,,,,,,,,,,,,,,,,,,,,,,,,,,,,,,,,,,,,,,,,,,,,,,,,,,,,,,,,,,,,,,,,,,,,,,,,,,,,,,,,,,,,,,,,,,,,,,,,,,,,,,,,,,,,,,,,,,,,,,,,,,,,,,,,,,,,,,,,,6a4cf58a-ac54-46f5-99ca-75cf3c009e87,60.0.140.147,,,,,,,,,,,,,,,,,,,,,,,,,,,,,,,,,,,,,,,,,,,,,,,,,,,,,,,,,,,,,,,,,,,,,
Aiko (Ahmedabad),134691,134313786,From Sales,118061231,402,,2026-07-07,3095,0,Active,Unpaid,,3095,0,0,0,0.00,0,0,0,0,2026-07-07 14:45:15,2026-07-07 14:45:15,410150,Kitchen,24AAMCB4304M1ZN,Surat,Aiko (Ahmedabad,Gujarat,U55101GJ2024PTC149642,"102, SANGINI ASPIRE, PAL-HAZIRA ROAD, BESIDE SANSKRUTI TOWNSHIP, PAL, SURAT, Gujarat
",9638077877,,,,Surat,Ahmedabad Prep Kitchen,Kitchen,,Gujarat,,"Ason vista, Sanidhya, Ahmedabad, Gujarat 380058",9510355182,0,,1,PO0081101383,PO0081101383,1,,0,0,0,"[{""prev_price"":""960.000000"",""item_id"":""46295722"",""itemname"":""Alphonso Mango"",""qty"":2,""price"":960,""amount"":1920,""discount"":""0.000"",""lbl_unit"":""dozen"",""unit"":""5523062"",""description"":"""",""hsn_code"":"""",""weighted_price"":960,""invoice_date"":""2026-07-07"",""sap_code"":"""",""purchase_doc_number"":"""",""purchase_invoice_number"":"""",""tax1"":0,""tax2"":0,""tax3"":0,""tax1_amount"":0,""tax2_amount"":0,""tax3_amount"":0,""expiry_date"":"""",""manufacturing_date"":"""",""actual_qty"":""2.000"",""actual_unit_id"":""6058571"",""actual_unit_name"":""dozen"",""sap_group_master_id"":0,""category"":""Food"",""yield_qty"":""0"",""discount_application"":""B"",""container_weight"":0,""net_weight"":""2"",""gross_weight"":0,""tax_type"":0,""excise_duty"":0,""tax1_label"":""CGST"",""tax2_label"":""SGST"",""tax3_label"":""IGST""},{""prev_price"":""50.000000"",""item_id"":""46293247"",""itemname"":""Cucumber"",""qty"":1,""price"":50,""amount"":50,""discount"":""0.000"",""lbl_unit"":""Kg"",""unit"":""2796367"",""description"":"""",""hsn_code"":"""",""weighted_price"":50,""invoice_date"":""2026-07-07"",""sap_code"":"""",""purchase_doc_number"":"""",""purchase_invoice_number"":"""",""tax1"":0,""tax2"":0,""tax3"":0,""tax1_amount"":0,""tax2_amount"":0,""tax3_amount"":0,""expiry_date"":"""",""manufacturing_date"":"""",""actual_qty"":""1.000"",""actual_unit_id"":""5790692"",""actual_unit_name"":""Kg"",""sap_group_master_id"":0,""category"":""Food"",""rmconv_qty"":""1000"",""rmconv_qty_total"":1000,""rmconv_unit_id"":""2796373"",""rmconv_unit"":""GM"",""yield_qty"":""0"",""discount_application"":""B"",""container_weight"":0,""net_weight"":""1"",""gross_weight"":0,""tax_type"":0,""excise_duty"":0,""tax1_label"":""CGST"",""tax2_label"":""SGST"",""tax3_label"":""IGST""},{""prev_price"":""0.000000"",""item_id"":""46293736"",""itemname"":""Spring Onion 1/2"",""qty"":100,""price"":0,""amount"":0,""discount"":""0.000"",""lbl_unit"":""GM"",""unit"":""2796373"",""description"":"""",""hsn_code"":"""",""weighted_price"":0,""invoice_date"":""2026-07-07"",""sap_code"":"""",""purchase_doc_number"":"""",""purchase_invoice_number"":"""",""tax1"":0,""tax2"":0,""tax3"":0,""tax1_amount"":0,""tax2_amount"":0,""tax3_amount"":0,""expiry_date"":"""",""manufacturing_date"":"""",""actual_qty"":""100.000"",""actual_unit_id"":""5790698"",""actual_unit_name"":""GM"",""sap_group_master_id"":0,""category"":""Food"",""yield_qty"":""0"",""discount_application"":""B"",""container_weight"":0,""net_weight"":""100"",""gross_weight"":0,""tax_type"":0,""excise_duty"":0,""tax1_label"":""CGST"",""tax2_label"":""SGST"",""tax3_label"":""IGST""},{""prev_price"":""0.250000"",""item_id"":""46295217"",""itemname"":""Red Bellpepper"",""qty"":500,""price"":0.25,""amount"":125,""discount"":""0.000"",""lbl_unit"":""GM"",""unit"":""2796373"",""description"":"""",""hsn_code"":"""",""weighted_price"":0.25,""invoice_date"":""2026-07-07"",""sap_code"":"""",""purchase_doc_number"":"""",""purchase_invoice_number"":"""",""tax1"":0,""tax2"":0,""tax3"":0,""tax1_amount"":0,""tax2_amount"":0,""tax3_amount"":0,""expiry_date"":"""",""manufacturing_date"":"""",""actual_qty"":""500.000"",""actual_unit_id"":""5790698"",""actual_unit_name"":""GM"",""sap_group_master_id"":0,""category"":""Food"",""yield_qty"":""0"",""discount_application"":""B"",""container_weight"":0,""net_weight"":""500"",""gross_weight"":0,""tax_type"":0,""excise_duty"":0,""tax1_label"":""CGST"",""tax2_label"":""SGST"",""tax3_label"":""IGST""},{""prev_price"":""0.000000"",""item_id"":""46293725"",""itemname"":""Tomato Whole"",""qty"":500,""price"":0,""amount"":0,""discount"":""0.000"",""lbl_unit"":""GM"",""unit"":""2796373"",""description"":"""",""hsn_code"":"""",""weighted_price"":0,""invoice_date"":""2026-07-07"",""sap_code"":"""",""purchase_doc_number"":"""",""purchase_invoice_number"":"""",""tax1"":0,""tax2"":0,""tax3"":0,""tax1_amount"":0,""tax2_amount"":0,""tax3_amount"":0,""expiry_date"":"""",""manufacturing_date"":"""",""actual_qty"":""500.000"",""actual_unit_id"":""5790698"",""actual_unit_name"":""GM"",""sap_group_master_id"":0,""category"":""Food"",""yield_qty"":""0"",""discount_application"":""B"",""container_weight"":0,""net_weight"":""500"",""gross_weight"":0,""tax_type"":0,""excise_duty"":0,""tax1_label"":""CGST"",""tax2_label"":""SGST"",""tax3_label"":""IGST""},{""prev_price"":""180.000000"",""item_id"":""46293265"",""itemname"":""Lotus Roots"",""qty"":2,""price"":180,""amount"":360,""discount"":""0.000"",""lbl_unit"":""Kg"",""unit"":""2796367"",""description"":"""",""hsn_code"":"""",""weighted_price"":180,""invoice_date"":""2026-07-07"",""sap_code"":"""",""purchase_doc_number"":"""",""purchase_invoice_number"":"""",""tax1"":0,""tax2"":0,""tax3"":0,""tax1_amount"":0,""tax2_amount"":0,""tax3_amount"":0,""expiry_date"":"""",""manufacturing_date"":"""",""actual_qty"":""2.000"",""actual_unit_id"":""5790692"",""actual_unit_name"":""Kg"",""sap_group_master_id"":0,""category"":""Food"",""rmconv_qty"":""1000"",""rmconv_qty_total"":2000,""rmconv_unit_id"":""2796373"",""rmconv_unit"":""GM"",""yield_qty"":""0"",""discount_application"":""B"",""container_weight"":0,""net_weight"":""2"",""gross_weight"":0,""tax_type"":0,""excise_duty"":0,""tax1_label"":""CGST"",""tax2_label"":""SGST"",""tax3_label"":""IGST""},{""prev_price"":""640.000000"",""item_id"":""46294785"",""itemname"":""Df Cream Cheese 1kg"",""qty"":1,""price"":640,""amount"":640,""discount"":""0.000"",""lbl_unit"":""Qty"",""unit"":""2796384"",""description"":"""",""hsn_code"":"""",""weighted_price"":640,""invoice_date"":""2026-07-07"",""sap_code"":"""",""purchase_doc_number"":"""",""purchase_invoice_number"":"""",""tax1"":0,""tax2"":0,""tax3"":0,""tax1_amount"":0,""tax2_amount"":0,""tax3_amount"":0,""expiry_date"":"""",""manufacturing_date"":"""",""actual_qty"":""1.000"",""actual_unit_id"":""5790709"",""actual_unit_name"":""Qty"",""sap_group_master_id"":0,""category"":""Food"",""yield_qty"":""0"",""discount_application"":""B"",""container_weight"":0,""net_weight"":""1"",""gross_weight"":0,""tax_type"":0,""excise_duty"":0,""tax1_label"":""CGST"",""tax2_label"":""SGST"",""tax3_label"":""IGST""}]",[],0,0,,,[],[],,,,,,,,,,,,,,,,,,,,,,,,,,,,,,,,,,,,,,,,,,,,,,,,,,,,,,,,,,,,,,,,,,,,,,,,,,,,,,,,,,,,,,,,,,,,,,,,,,,,,,,,,,,,,,,,,,,,,,,,,,,,,,,,,,,,,,,,,,,,,,,,,,,,,,,,,,,,,,,,,,,,,,,,,,,,,,,,,,,,,,,,,,,,,,,,,,,,,,,,,,,,,,,,,,,,,,,,,,,,,,,,,,,,,,,,,,,,,,,,,,,,,,,,,,,,,,,,,,,,,,,,,,,,,,,,,,,,,,,,,,,,,,,,,,,,,,,,,,,,,,,,,,,,,,,,,,,,,,,,,,,,,,,,,,,,,,,,,,,,,,,,,,,,,,,,,,,,,,,,,,,,,,,,,,,,,,,,,,,,,,,,,,,,,,,,,,,,,,,,,,,,,,,,,,,,,,,,,,,,,,,,,,,,,,,,,,,,,,,,,,,,,,,,,,,,,,,,,,,,,,,,,,,,,,,,,,,,,,,,,,,,,,,,,,,,,,,,,,,,,,,,,,,,,,,,,,,,,,,,,,,,,,,,,,,,,,,,,,,,,,,,,,,,,,,,,,,,,,,,,,,,,,,,,,,,,,,,,,,,,,,,,,,,,,,,,,,,,,,,,,,,,,,,,,,,,,,,,,,,,,,,,,,,,,,,,,,,,,,,,,,,,,,,,,,,,,,,,,,,,,,,,,,,,,,,,,,,,,,,,6a4cc38c-c338-4e62-945b-2fc83c008c93,60.0.136.243,,,,,,,,,,,,,,,,,,,,,,,,,,,,,,,,,,,,,,,,,,,,,,,,,,,,,,,,,,,,,,,,,,,
Aiko (Ahmedabad),134691,134313730,From Sales,117991882,401,,2026-07-06,0,0,Active,Unpaid,,0,0,0,0,0.00,0,0,0,0,2026-07-07 14:44:47,2026-07-07 14:44:47,410150,Kitchen,24AAMCB4304M1ZN,Surat,Aiko (Ahmedabad,Gujarat,U55101GJ2024PTC149642,"102, SANGINI ASPIRE, PAL-HAZIRA ROAD, BESIDE SANSKRUTI TOWNSHIP, PAL, SURAT, Gujarat
",9638077877,,,,Surat,Ahmedabad Prep Kitchen,Kitchen,,Gujarat,,"Ason vista, Sanidhya, Ahmedabad, Gujarat 380058",9510355182,0,,1,PO0081087779,PO0081087779,1,,0,0,0,"[{""prev_price"":""0.000000"",""item_id"":""46294235"",""itemname"":""Fine Chopped Spring Onion"",""qty"":250,""price"":0,""amount"":0,""discount"":""0.000"",""lbl_unit"":""GM"",""unit"":""2796373"",""description"":"""",""hsn_code"":"""",""weighted_price"":0,""invoice_date"":""2026-07-06"",""sap_code"":"""",""purchase_doc_number"":"""",""purchase_invoice_number"":"""",""tax1"":0,""tax2"":0,""tax3"":0,""tax1_amount"":0,""tax2_amount"":0,""tax3_amount"":0,""expiry_date"":"""",""manufacturing_date"":"""",""actual_qty"":""250.000"",""actual_unit_id"":""5790698"",""actual_unit_name"":""GM"",""sap_group_master_id"":0,""category"":""Food"",""yield_qty"":""0"",""discount_application"":""B"",""container_weight"":0,""net_weight"":""250"",""gross_weight"":0,""tax_type"":0,""excise_duty"":0,""tax1_label"":""CGST"",""tax2_label"":""SGST"",""tax3_label"":""IGST""},{""prev_price"":""0.000000"",""item_id"":""46293718"",""itemname"":""Onion Slice"",""qty"":1.5,""price"":0,""amount"":0,""discount"":""0.000"",""lbl_unit"":""Kg"",""unit"":""2796367"",""description"":"""",""hsn_code"":"""",""weighted_price"":0,""invoice_date"":""2026-07-06"",""sap_code"":"""",""purchase_doc_number"":"""",""purchase_invoice_number"":"""",""tax1"":0,""tax2"":0,""tax3"":0,""tax1_amount"":0,""tax2_amount"":0,""tax3_amount"":0,""expiry_date"":"""",""manufacturing_date"":"""",""actual_qty"":""1.500"",""actual_unit_id"":""5790692"",""actual_unit_name"":""Kg"",""sap_group_master_id"":0,""category"":""Food"",""rmconv_qty"":""1000"",""rmconv_qty_total"":1500,""rmconv_unit_id"":""2796373"",""rmconv_unit"":""GM"",""yield_qty"":""0"",""discount_application"":""B"",""container_weight"":0,""net_weight"":""1.5"",""gross_weight"":0,""tax_type"":0,""excise_duty"":0,""tax1_label"":""CGST"",""tax2_label"":""SGST"",""tax3_label"":""IGST""},{""prev_price"":""0.000000"",""item_id"":""46293777"",""itemname"":""Fry Garlic Slice"",""qty"":100,""price"":0,""amount"":0,""discount"":""0.000"",""lbl_unit"":""GM"",""unit"":""2796373"",""description"":"""",""hsn_code"":"""",""weighted_price"":0,""invoice_date"":""2026-07-06"",""sap_code"":"""",""purchase_doc_number"":"""",""purchase_invoice_number"":"""",""tax1"":0,""tax2"":0,""tax3"":0,""tax1_amount"":0,""tax2_amount"":0,""tax3_amount"":0,""expiry_date"":"""",""manufacturing_date"":"""",""actual_qty"":""100.000"",""actual_unit_id"":""5790698"",""actual_unit_name"":""GM"",""sap_group_master_id"":0,""category"":""Food"",""yield_qty"":""0"",""discount_application"":""B"",""container_weight"":0,""net_weight"":""100"",""gross_weight"":0,""tax_type"":0,""excise_duty"":0,""tax1_label"":""CGST"",""tax2_label"":""SGST"",""tax3_label"":""IGST""}]",[],0,0,,,[],[],,,,,,,,,,,,,,,,,,,,,,,,,,,,,,,,,,,,,,,,,,,,,,,,,,,,,,,,,,,,,,,,,,,,,,,,,,,,,,,,,,,,,,,,,,,,,,,,,,,,,,,,,,,,,,,,,,,,,,,,,,,,,,,,,,,,,,,,,,,,,,,,,,,,,,,,,,,,,,,,,,,,,,,,,,,,,,,,,,,,,,,,,,,,,,,,,,,,,,,,,,,,,,,,,,,,,,,,,,,,,,,,,,,,,,,,,,,,,,,,,,,,,,,,,,,,,,,,,,,,,,,,,,,,,,,,,,,,,,,,,,,,,,,,,,,,,,,,,,,,,,,,,,,,,,,,,,,,,,,,,,,,,,,,,,,,,,,,,,,,,,,,,,,,,,,,,,,,,,,,,,,,,,,,,,,,,,,,,,,,,,,,,,,,,,,,,,,,,,,,,,,,,,,,,,,,,,,,,,,,,,,,,,,,,,,,,,,,,,,,,,,,,,,,,,,,,,,,,,,,,,,,,,,,,,,,,,,,,,,,,,,,,,,,,,,,,,,,,,,,,,,,,,,,,,,,,,,,,,,,,,,,,,,,,,,,,,,,,,,,,,,,,,,,,,,,,,,,,,,,,,,,,,,,,,,,,,,,,,,,,,,,,,,,,,,,,,,,,,,,,,,,,,,,,,,,,,,,,,,,,,,,,,,,,,,,,,,,,,,,,,,,,,,,,,,,,,,,,,,,,,,,,,,,,,,,,,,,,,,,,,,6a4cc375-0e28-4e5a-8145-453f3c0088f3,60.0.158.135,,,,,,,,,,,,,,,,,,,,,,,,,,,,,,,,,,,,,,,,,,,,,,,,,,,,,,,,,,,,,,,,,
Aiko (Ahmedabad),134691,134313291,From Sales,117916205,400,,2026-07-05,14014.639,0,Active,Unpaid,,14014.639,0,0,0,0.00,0,0,0,0,2026-07-07 14:41:18,2026-07-07 14:41:18,443195,Kitchen,24AAMCB4304M1ZN,Surat,Aiko (Ahmedabad,Gujarat,U55101GJ2024PTC149642,"102, SANGINI ASPIRE, PAL-HAZIRA ROAD, BESIDE SANSKRUTI TOWNSHIP, PAL, SURAT, Gujarat
",9638077877,,,,Ahmedabad,Ahmedabad store 2.0 ,Kitchen,,Gujarat,,Ahmedabad ,8849373682,0,,1,PO0081070528,PO0081070528,1,,0,0,0,"[{""prev_price"":""40.000000"",""item_id"":""46298707"",""itemname"":""Soya Plain Paneer 200gm"",""qty"":20,""price"":40,""amount"":800,""discount"":""0.000"",""lbl_unit"":""Qty"",""unit"":""2796384"",""description"":"""",""hsn_code"":"""",""weighted_price"":40,""invoice_date"":""2026-07-05"",""sap_code"":"""",""purchase_doc_number"":"""",""purchase_invoice_number"":"""",""tax1"":0,""tax2"":0,""tax3"":0,""tax1_amount"":0,""tax2_amount"":0,""tax3_amount"":0,""expiry_date"":"""",""manufacturing_date"":"""",""actual_qty"":""20.000"",""actual_unit_id"":""6602488"",""actual_unit_name"":""Qty"",""sap_group_master_id"":0,""category"":""Food"",""yield_qty"":""0"",""discount_application"":""B"",""container_weight"":0,""net_weight"":""20"",""gross_weight"":0,""tax_type"":0,""excise_duty"":0,""tax1_label"":""CGST"",""tax2_label"":""SGST"",""tax3_label"":""IGST""},{""prev_price"":""314.659000"",""item_id"":""46298688"",""itemname"":""Red Paprika Slices 3kg"",""qty"":1,""price"":314.659,""amount"":314.659,""discount"":""0.000"",""lbl_unit"":""Qty"",""unit"":""2796384"",""description"":"""",""hsn_code"":"""",""weighted_price"":314.659,""invoice_date"":""2026-07-05"",""sap_code"":"""",""purchase_doc_number"":"""",""purchase_invoice_number"":"""",""tax1"":0,""tax2"":0,""tax3"":0,""tax1_amount"":0,""tax2_amount"":0,""tax3_amount"":0,""expiry_date"":"""",""manufacturing_date"":"""",""actual_qty"":""1.000"",""actual_unit_id"":""6602488"",""actual_unit_name"":""Qty"",""sap_group_master_id"":0,""category"":""Food"",""yield_qty"":""0"",""discount_application"":""B"",""container_weight"":0,""net_weight"":""1"",""gross_weight"":0,""tax_type"":0,""excise_duty"":0,""tax1_label"":""CGST"",""tax2_label"":""SGST"",""tax3_label"":""IGST""},{""prev_price"":""28.000000"",""item_id"":""46295737"",""itemname"":""Salt 1kg"",""qty"":4,""price"":28,""amount"":112,""discount"":""0.000"",""lbl_unit"":""Qty"",""unit"":""2796384"",""description"":"""",""hsn_code"":"""",""weighted_price"":28,""invoice_date"":""2026-07-05"",""sap_code"":"""",""purchase_doc_number"":"""",""purchase_invoice_number"":"""",""tax1"":0,""tax2"":0,""tax3"":0,""tax1_amount"":0,""tax2_amount"":0,""tax3_amount"":0,""expiry_date"":"""",""manufacturing_date"":"""",""actual_qty"":""5.000"",""actual_unit_id"":""6602488"",""actual_unit_name"":""Qty"",""sap_group_master_id"":0,""category"":""Food"",""yield_qty"":""0"",""discount_application"":""B"",""container_weight"":0,""net_weight"":""4"",""gross_weight"":0,""tax_type"":0,""excise_duty"":0,""tax1_label"":""CGST"",""tax2_label"":""SGST"",""tax3_label"":""IGST""},{""prev_price"":""224.000000"",""item_id"":""46299237"",""itemname"":""Oat Milk 1ltr"",""qty"":5,""price"":224,""amount"":1120,""discount"":""0.000"",""lbl_unit"":""Qty"",""unit"":""2796384"",""description"":"""",""hsn_code"":"""",""weighted_price"":224,""invoice_date"":""2026-07-05"",""sap_code"":"""",""purchase_doc_number"":"""",""purchase_invoice_number"":"""",""tax1"":0,""tax2"":0,""tax3"":0,""tax1_amount"":0,""tax2_amount"":0,""tax3_amount"":0,""expiry_date"":"""",""manufacturing_date"":"""",""actual_qty"":""5.000"",""actual_unit_id"":""6602488"",""actual_unit_name"":""Qty"",""sap_group_master_id"":0,""category"":""Food"",""yield_qty"":""0"",""discount_application"":""B"",""pricing_method"":""0"",""container_weight"":0,""net_weight"":""5"",""gross_weight"":0,""tax_type"":0,""excise_duty"":0,""tax1_label"":""CGST"",""tax2_label"":""SGST"",""tax3_label"":""IGST""},{""prev_price"":""155.000000"",""item_id"":""46302247"",""itemname"":""Gyoza Skin 250gm"",""qty"":20,""price"":155,""amount"":3100,""discount"":""0.000"",""lbl_unit"":""Qty"",""unit"":""2796384"",""description"":"""",""hsn_code"":"""",""weighted_price"":155,""invoice_date"":""2026-07-05"",""sap_code"":"""",""purchase_doc_number"":"""",""purchase_invoice_number"":"""",""tax1"":0,""tax2"":0,""tax3"":0,""tax1_amount"":0,""tax2_amount"":0,""tax3_amount"":0,""expiry_date"":"""",""manufacturing_date"":"""",""actual_qty"":""20.000"",""actual_unit_id"":""6602488"",""actual_unit_name"":""Qty"",""sap_group_master_id"":0,""category"":""Food"",""yield_qty"":""0"",""discount_application"":""B"",""container_weight"":0,""net_weight"":""20"",""gross_weight"":0,""tax_type"":0,""excise_duty"":0,""tax1_label"":""CGST"",""tax2_label"":""SGST"",""tax3_label"":""IGST""},{""prev_price"":""522.860000"",""item_id"":""46302740"",""itemname"":""Candle"",""qty"":10,""price"":522.86,""amount"":5228.6,""discount"":""0.000"",""lbl_unit"":""Pkt"",""unit"":""6580251"",""description"":"""",""hsn_code"":"""",""weighted_price"":522.86,""invoice_date"":""2026-07-05"",""sap_code"":"""",""purchase_doc_number"":"""",""purchase_invoice_number"":"""",""tax1"":0,""tax2"":0,""tax3"":0,""tax1_amount"":0,""tax2_amount"":0,""tax3_amount"":0,""expiry_date"":"""",""manufacturing_date"":"""",""actual_qty"":""10.000"",""actual_unit_id"":""6602727"",""actual_unit_name"":""pkt"",""sap_group_master_id"":0,""category"":""Guest Supplies"",""yield_qty"":""0"",""discount_application"":""B"",""container_weight"":0,""net_weight"":""10"",""gross_weight"":0,""tax_type"":0,""excise_duty"":0,""tax1_label"":""CGST"",""tax2_label"":""SGST"",""tax3_label"":""IGST""},{""prev_price"":""219.000012"",""item_id"":""46364721"",""itemname"":""250ml Kinley Soda"",""qty"":2,""price"":219.000012,""amount"":438,""discount"":""0.000"",""lbl_unit"":""BOX"",""unit"":""2796379"",""description"":"""",""hsn_code"":"""",""weighted_price"":219.000012,""invoice_date"":""2026-07-05"",""sap_code"":"""",""purchase_doc_number"":"""",""purchase_invoice_number"":"""",""tax1"":0,""tax2"":0,""tax3"":0,""tax1_amount"":0,""tax2_amount"":0,""tax3_amount"":0,""expiry_date"":"""",""manufacturing_date"":"""",""actual_qty"":""2.000"",""actual_unit_id"":""6602483"",""actual_unit_name"":""BOX"",""sap_group_master_id"":0,""category"":""Food"",""yield_qty"":""0"",""discount_application"":""B"",""container_weight"":0,""net_weight"":""2"",""gross_weight"":0,""tax_type"":0,""excise_duty"":0,""tax1_label"":""CGST"",""tax2_label"":""SGST"",""tax3_label"":""IGST""},{""prev_price"":""100.000000"",""item_id"":""46298770"",""itemname"":""Citric Acid Crystal"",""qty"":0.3,""price"":100,""amount"":30,""discount"":""0.000"",""lbl_unit"":""Kg"",""unit"":""2796367"",""description"":"""",""hsn_code"":"""",""weighted_price"":100,""invoice_date"":""2026-07-05"",""sap_code"":"""",""purchase_doc_number"":"""",""purchase_invoice_number"":"""",""tax1"":0,""tax2"":0,""tax3"":0,""tax1_amount"":0,""tax2_amount"":0,""tax3_amount"":0,""expiry_date"":"""",""manufacturing_date"":"""",""actual_qty"":""0.300"",""actual_unit_id"":""6602471"",""actual_unit_name"":""Kg"",""sap_group_master_id"":0,""category"":""Food"",""rmconv_qty"":""1000"",""rmconv_qty_total"":300,""rmconv_unit_id"":""2796373"",""rmconv_unit"":""GM"",""yield_qty"":""0"",""discount_application"":""B"",""container_weight"":0,""net_weight"":""0.3"",""gross_weight"":0,""tax_type"":0,""excise_duty"":0,""tax1_label"":""CGST"",""tax2_label"":""SGST"",""tax3_label"":""IGST""},{""prev_price"":""21.670000"",""item_id"":""46295266"",""itemname"":""Coke 300 Ml"",""qty"":24,""price"":21.67,""amount"":520.08,""discount"":""0.000"",""lbl_unit"":""Qty"",""unit"":""2796384"",""description"":"""",""hsn_code"":"""",""weighted_price"":21.67,""invoice_date"":""2026-07-05"",""sap_code"":"""",""purchase_doc_number"":"""",""purchase_invoice_number"":"""",""tax1"":0,""tax2"":0,""tax3"":0,""tax1_amount"":0,""tax2_amount"":0,""tax3_amount"":0,""expiry_date"":"""",""manufacturing_date"":"""",""actual_qty"":""24.000"",""actual_unit_id"":""6602488"",""actual_unit_name"":""Qty"",""sap_group_master_id"":0,""category"":""Food"",""yield_qty"":""0"",""discount_application"":""B"",""container_weight"":0,""net_weight"":""24"",""gross_weight"":0,""tax_type"":0,""excise_duty"":0,""tax1_label"":""CGST"",""tax2_label"":""SGST"",""tax3_label"":""IGST""},{""prev_price"":""95.000000"",""item_id"":""46298734"",""itemname"":""Damati Coconut Milk 400ml"",""qty"":24,""price"":95,""amount"":2280,""discount"":""0.000"",""lbl_unit"":""Qty"",""unit"":""2796384"",""description"":"""",""hsn_code"":"""",""weighted_price"":95,""invoice_date"":""2026-07-05"",""sap_code"":"""",""purchase_doc_number"":"""",""purchase_invoice_number"":"""",""tax1"":0,""tax2"":0,""tax3"":0,""tax1_amount"":0,""tax2_amount"":0,""tax3_amount"":0,""expiry_date"":"""",""manufacturing_date"":"""",""sap_group_master_id"":0,""category"":""Food"",""yield_qty"":""0"",""discount_application"":""B"",""container_weight"":0,""net_weight"":""24"",""gross_weight"":0,""tax_type"":0,""excise_duty"":0,""tax1_label"":""CGST"",""tax2_label"":""SGST"",""tax3_label"":""IGST""},{""prev_price"":""71.300000"",""item_id"":""46299723"",""itemname"":""Muscovado Sugar 500 Gm"",""qty"":1,""price"":71.3,""amount"":71.3,""discount"":""0.000"",""lbl_unit"":""Qty"",""unit"":""2796384"",""description"":"""",""hsn_code"":"""",""weighted_price"":71.3,""invoice_date"":""2026-07-05"",""sap_code"":"""",""purchase_doc_number"":"""",""purchase_invoice_number"":"""",""tax1"":0,""tax2"":0,""tax3"":0,""tax1_amount"":0,""tax2_amount"":0,""tax3_amount"":0,""expiry_date"":"""",""manufacturing_date"":"""",""sap_group_master_id"":0,""category"":""Food"",""yield_qty"":""0"",""discount_application"":""B"",""container_weight"":0,""net_weight"":""1"",""gross_weight"":0,""tax_type"":0,""excise_duty"":0,""tax1_label"":""CGST"",""tax2_label"":""SGST"",""tax3_label"":""IGST""}]",[],0,0,,,[],[],,,,,,,,,,,,,,,,,,,,,,,,,,,,,,,,,,,,,,,,,,,,,,,,,,,,,,,,,,,,,,,,,,,,,,,,,,,,,,,,,,,,,,,,,,,,,,,,,,,,,,,,,,,,,,,,,,,,,,,,,,,,,,,,,,,,,,,,,,,,,,,,,,,,,,,,,,,,,,,,,,,,,,,,,,,,,,,,,,,,,,,,,,,,,,,,,,,,,,,,,,,,,,,,,,,,,,,,,,,,,,,,,,,,,,,,,,,,,,,,,,,,,,,,,,,,,,,,,,,,,,,,,,,,,,,,,,,,,,,,,,,,,,,,,,,,,,,,,,,,,,,,,,,,,,,,,,,,,,,,,,,,,,,,,,,,,,,,,,,,,,,,,,,,,,,,,,,,,,,,,,,,,,,,,,,,,,,,,,,,,,,,,,,,,,,,,,,,,,,,,,,,,,,,,,,,,,,,,,,,,,,,,,,,,,,,,,,,,,,,,,,,,,,,,,,,,,,,,,,,,,,,,,,,,,,,,,,,,,,,,,,,,,,,,,,,,,,,,,,,,,,,,,,,,,,,,,,,,,,,,,,,,,,,,,,,,,,,,,,,,,,,,,,,,,,,,,,,,,,,,,,,,,,,,,,,,,,,,,,,,,,,,,,,,,,,,,,,,,,,,,,,,,,,,,,,,,,,,,,,,,,,,,,,,,,,,,,,,,,,,,,,,,,,,,,,,,,,,,,,,,,,,,,,,,,,,,,,,,,,,,,,,6a4cc2a1-f74c-4521-96c4-5a573c009e87,60.0.140.147,,,,,,,,,,,,,,,,,,,,,,,,,,,,,,,,,,,,,,,,,,,,,,,,,,,,,,,,,,,,,,,
Aiko (Ahmedabad),134691,134313221,From Sales,117937353,399,,2026-07-05,0,0,Active,Unpaid,,0,0,0,0,0.00,0,0,0,0,2026-07-07 14:40:53,2026-07-07 14:40:53,410700,Kitchen,24AAMCB4304M1ZN,Surat,Aiko (Ahmedabad,Gujarat,U55101GJ2024PTC149642,"102, SANGINI ASPIRE, PAL-HAZIRA ROAD, BESIDE SANSKRUTI TOWNSHIP, PAL, SURAT, Gujarat
",9638077877,,,,Surat,Ahmedabad Bakery,Kitchen,,Gujarat,,"Ason vista, Ahmedabad, Gujarat ",9510355182,0,,1,PO0081076420,PO0081076420,1,,0,0,0,"[{""prev_price"":""0.000000"",""item_id"":""46385105"",""itemname"":""Ferrero Crunch"",""qty"":6,""price"":0,""amount"":0,""discount"":""0.000"",""lbl_unit"":""Piece"",""unit"":""2796366"",""description"":"""",""hsn_code"":"""",""weighted_price"":0,""invoice_date"":""2026-07-05"",""sap_code"":"""",""purchase_doc_number"":"""",""purchase_invoice_number"":"""",""tax1"":0,""tax2"":0,""tax3"":0,""tax1_amount"":0,""tax2_amount"":0,""tax3_amount"":0,""expiry_date"":"""",""manufacturing_date"":"""",""actual_qty"":""6.000"",""actual_unit_id"":""5804663"",""actual_unit_name"":""Piece"",""sap_group_master_id"":0,""category"":""Food"",""yield_qty"":""0"",""discount_application"":""B"",""container_weight"":0,""net_weight"":""6"",""gross_weight"":0,""tax_type"":0,""excise_duty"":0,""tax1_label"":""CGST"",""tax2_label"":""SGST"",""tax3_label"":""IGST""},{""prev_price"":""0.000000"",""item_id"":""46386633"",""itemname"":""Cake Slice"",""qty"":6,""price"":0,""amount"":0,""discount"":""0.000"",""lbl_unit"":""pcs"",""unit"":""3939123"",""description"":"""",""hsn_code"":"""",""weighted_price"":0,""invoice_date"":""2026-07-05"",""sap_code"":"""",""purchase_doc_number"":"""",""purchase_invoice_number"":"""",""tax1"":0,""tax2"":0,""tax3"":0,""tax1_amount"":0,""tax2_amount"":0,""tax3_amount"":0,""expiry_date"":"""",""manufacturing_date"":"""",""sap_group_master_id"":0,""category"":""Food"",""yield_qty"":""0"",""discount_application"":""B"",""container_weight"":0,""net_weight"":""6"",""gross_weight"":0,""tax_type"":0,""excise_duty"":0,""tax1_label"":""CGST"",""tax2_label"":""SGST"",""tax3_label"":""IGST""}]",[],0,0,,,[],[],,,,,,,,,,,,,,,,,,,,,,,,,,,,,,,,,,,,,,,,,,,,,,,,,,,,,,,,,,,,,,,,,,,,,,,,,,,,,,,,,,,,,,,,,,,,,,,,,,,,,,,,,,,,,,,,,,,,,,,,,,,,,,,,,,,,,,,,,,,,,,,,,,,,,,,,,,,,,,,,,,,,,,,,,,,,,,,,,,,,,,,,,,,,,,,,,,,,,,,,,,,,,,,,,,,,,,,,,,,,,,,,,,,,,,,,,,,,,,,,,,,,,,,,,,,,,,,,,,,,,,,,,,,,,,,,,,,,,,,,,,,,,,,,,,,,,,,,,,,,,,,,,,,,,,,,,,,,,,,,,,,,,,,,,,,,,,,,,,,,,,,,,,,,,,,,,,,,,,,,,,,,,,,,,,,,,,,,,,,,,,,,,,,,,,,,,,,,,,,,,,,,,,,,,,,,,,,,,,,,,,,,,,,,,,,,,,,,,,,,,,,,,,,,,,,,,,,,,,,,,,,,,,,,,,,,,,,,,,,,,,,,,,,,,,,,,,,,,,,,,,,,,,,,,,,,,,,,,,,,,,,,,,,,,,,,,,,,,,,,,,,,,,,,,,,,,,,,,,,,,,,,,,,,,,,,,,,,,,,,,,,,,,,,,,,,,,,,,,,,,,,,,,,,,,,,,,,,,,,,,,,,,,,,,,,,,,,,,,,,,,,,,,,,,,,,,,,,,,,,,,,,,,,,,,,,,,,,,,,,,,,,,,,6a4cc28a-0cb8-4c70-a129-45773c0088f3,60.0.158.135,,,,,,,,,,,,,,,,,,,,,,,,,,,,,,,,,,,,,,,,,,,,,,,,,,,,,,,,,,,,,
Aiko (Ahmedabad),134691,134312498,From Sales,117943206,398,,2026-07-05,1809.6,0,Active,Unpaid,,1809.6,0,0,0,0.00,0,0,0,0,2026-07-07 14:35:54,2026-07-07 14:35:54,410150,Kitchen,24AAMCB4304M1ZN,Surat,Aiko (Ahmedabad,Gujarat,U55101GJ2024PTC149642,"102, SANGINI ASPIRE, PAL-HAZIRA ROAD, BESIDE SANSKRUTI TOWNSHIP, PAL, SURAT, Gujarat
",9638077877,,,,Surat,Ahmedabad Prep Kitchen,Kitchen,,Gujarat,,"Ason vista, Sanidhya, Ahmedabad, Gujarat 380058",9510355182,0,,1,PO0081071196,PO0081071196,1,,0,0,0,"[{""prev_price"":""250.000000"",""item_id"":""46295217"",""itemname"":""Red Bellpepper"",""qty"":0.8,""price"":250,""amount"":200,""discount"":""0.000"",""lbl_unit"":""Kg"",""unit"":""2796367"",""description"":"""",""hsn_code"":"""",""weighted_price"":250,""invoice_date"":""2026-07-05"",""sap_code"":"""",""purchase_doc_number"":"""",""purchase_invoice_number"":"""",""tax1"":0,""tax2"":0,""tax3"":0,""tax1_amount"":0,""tax2_amount"":0,""tax3_amount"":0,""expiry_date"":"""",""manufacturing_date"":"""",""actual_qty"":""0.800"",""actual_unit_id"":""5790692"",""actual_unit_name"":""Kg"",""sap_group_master_id"":0,""category"":""Food"",""rmconv_qty"":""1000"",""rmconv_qty_total"":800,""rmconv_unit_id"":""2796373"",""rmconv_unit"":""GM"",""yield_qty"":""0"",""discount_application"":""B"",""container_weight"":0,""net_weight"":""0.8"",""gross_weight"":0,""tax_type"":0,""excise_duty"":0,""tax1_label"":""CGST"",""tax2_label"":""SGST"",""tax3_label"":""IGST""},{""prev_price"":""760.000000"",""item_id"":""46293273"",""itemname"":""Hass Avocado"",""qty"":2,""price"":760,""amount"":1520,""discount"":""0.000"",""lbl_unit"":""Kg"",""unit"":""2796367"",""description"":"""",""hsn_code"":"""",""weighted_price"":760,""invoice_date"":""2026-07-05"",""sap_code"":"""",""purchase_doc_number"":"""",""purchase_invoice_number"":"""",""tax1"":0,""tax2"":0,""tax3"":0,""tax1_amount"":0,""tax2_amount"":0,""tax3_amount"":0,""expiry_date"":"""",""manufacturing_date"":"""",""actual_qty"":""2.000"",""actual_unit_id"":""5790692"",""actual_unit_name"":""Kg"",""sap_group_master_id"":0,""category"":""Food"",""rmconv_qty"":""1000"",""rmconv_qty_total"":2000,""rmconv_unit_id"":""2796373"",""rmconv_unit"":""GM"",""yield_qty"":""0"",""discount_application"":""B"",""container_weight"":0,""net_weight"":""2"",""gross_weight"":0,""tax_type"":0,""excise_duty"":0,""tax1_label"":""CGST"",""tax2_label"":""SGST"",""tax3_label"":""IGST""},{""prev_price"":""0.000000"",""item_id"":""46292687"",""itemname"":""Cream Cheese In-house"",""qty"":3,""price"":0,""amount"":0,""discount"":""0.000"",""lbl_unit"":""Kg"",""unit"":""2796367"",""description"":"""",""hsn_code"":"""",""weighted_price"":0,""invoice_date"":""2026-07-05"",""sap_code"":"""",""purchase_doc_number"":"""",""purchase_invoice_number"":"""",""tax1"":0,""tax2"":0,""tax3"":0,""tax1_amount"":0,""tax2_amount"":0,""tax3_amount"":0,""expiry_date"":"""",""manufacturing_date"":"""",""actual_qty"":""3.000"",""actual_unit_id"":""5790692"",""actual_unit_name"":""Kg"",""sap_group_master_id"":0,""category"":""Food"",""rmconv_qty"":""1000"",""rmconv_qty_total"":3000,""rmconv_unit_id"":""2796373"",""rmconv_unit"":""GM"",""yield_qty"":""0"",""discount_application"":""B"",""container_weight"":0,""net_weight"":""3"",""gross_weight"":0,""tax_type"":0,""excise_duty"":0,""tax1_label"":""CGST"",""tax2_label"":""SGST"",""tax3_label"":""IGST""},{""prev_price"":""49.000000"",""item_id"":""46294713"",""itemname"":""Tomato"",""qty"":0.8,""price"":49,""amount"":39.2,""discount"":""0.000"",""lbl_unit"":""Kg"",""unit"":""2796367"",""description"":"""",""hsn_code"":"""",""weighted_price"":49,""invoice_date"":""2026-07-05"",""sap_code"":"""",""purchase_doc_number"":"""",""purchase_invoice_number"":"""",""tax1"":0,""tax2"":0,""tax3"":0,""tax1_amount"":0,""tax2_amount"":0,""tax3_amount"":0,""expiry_date"":"""",""manufacturing_date"":"""",""actual_qty"":""0.800"",""actual_unit_id"":""5790692"",""actual_unit_name"":""Kg"",""sap_group_master_id"":0,""category"":""Food"",""rmconv_qty"":""1000"",""rmconv_qty_total"":800,""rmconv_unit_id"":""2796373"",""rmconv_unit"":""GM"",""yield_qty"":""0"",""discount_application"":""B"",""container_weight"":0,""net_weight"":""0.8"",""gross_weight"":0,""tax_type"":0,""excise_duty"":0,""tax1_label"":""CGST"",""tax2_label"":""SGST"",""tax3_label"":""IGST""},{""prev_price"":""200.000000"",""item_id"":""46292699"",""itemname"":""Coriander"",""qty"":0.2,""price"":200,""amount"":40,""discount"":""0.000"",""lbl_unit"":""Kg"",""unit"":""2796367"",""description"":"""",""hsn_code"":"""",""weighted_price"":200,""invoice_date"":""2026-07-05"",""sap_code"":"""",""purchase_doc_number"":"""",""purchase_invoice_number"":"""",""tax1"":0,""tax2"":0,""tax3"":0,""tax1_amount"":0,""tax2_amount"":0,""tax3_amount"":0,""expiry_date"":"""",""manufacturing_date"":"""",""actual_qty"":""0.200"",""actual_unit_id"":""5790692"",""actual_unit_name"":""Kg"",""sap_group_master_id"":0,""category"":""Food"",""rmconv_qty"":""1000"",""rmconv_qty_total"":200,""rmconv_unit_id"":""2796373"",""rmconv_unit"":""GM"",""yield_qty"":""0"",""discount_application"":""B"",""container_weight"":0,""net_weight"":""0.2"",""gross_weight"":0,""tax_type"":0,""excise_duty"":0,""tax1_label"":""CGST"",""tax2_label"":""SGST"",""tax3_label"":""IGST""},{""prev_price"":""52.000000"",""item_id"":""46294731"",""itemname"":""Carrot"",""qty"":0.2,""price"":52,""amount"":10.4,""discount"":""0.000"",""lbl_unit"":""Kg"",""unit"":""2796367"",""description"":"""",""hsn_code"":"""",""weighted_price"":52,""invoice_date"":""2026-07-05"",""sap_code"":"""",""purchase_doc_number"":"""",""purchase_invoice_number"":"""",""tax1"":0,""tax2"":0,""tax3"":0,""tax1_amount"":0,""tax2_amount"":0,""tax3_amount"":0,""expiry_date"":"""",""manufacturing_date"":"""",""actual_qty"":""0.200"",""actual_unit_id"":""5790692"",""actual_unit_name"":""Kg"",""sap_group_master_id"":0,""category"":""Food"",""rmconv_qty"":""1000"",""rmconv_qty_total"":200,""rmconv_unit_id"":""2796373"",""rmconv_unit"":""GM"",""yield_qty"":""0"",""discount_application"":""B"",""container_weight"":0,""net_weight"":""0.2"",""gross_weight"":0,""tax_type"":0,""excise_duty"":0,""tax1_label"":""CGST"",""tax2_label"":""SGST"",""tax3_label"":""IGST""},{""prev_price"":""0.000000"",""item_id"":""46293736"",""itemname"":""Spring Onion 1/2"",""qty"":0.1,""price"":0,""amount"":0,""discount"":""0.000"",""lbl_unit"":""Kg"",""unit"":""2796367"",""description"":"""",""hsn_code"":"""",""weighted_price"":0,""invoice_date"":""2026-07-05"",""sap_code"":"""",""purchase_doc_number"":"""",""purchase_invoice_number"":"""",""tax1"":0,""tax2"":0,""tax3"":0,""tax1_amount"":0,""tax2_amount"":0,""tax3_amount"":0,""expiry_date"":"""",""manufacturing_date"":"""",""actual_qty"":""0.100"",""actual_unit_id"":""5790692"",""actual_unit_name"":""Kg"",""sap_group_master_id"":0,""category"":""Food"",""rmconv_qty"":""1000"",""rmconv_qty_total"":100,""rmconv_unit_id"":""2796373"",""rmconv_unit"":""GM"",""yield_qty"":""0"",""discount_application"":""B"",""container_weight"":0,""net_weight"":""0.1"",""gross_weight"":0,""tax_type"":0,""excise_duty"":0,""tax1_label"":""CGST"",""tax2_label"":""SGST"",""tax3_label"":""IGST""}]",[],0,0,,,[],[],,,,,,,,,,,,,,,,,,,,,,,,,,,,,,,,,,,,,,,,,,,,,,,,,,,,,,,,,,,,,,,,,,,,,,,,,,,,,,,,,,,,,,,,,,,,,,,,,,,,,,,,,,,,,,,,,,,,,,,,,,,,,,,,,,,,,,,,,,,,,,,,,,,,,,,,,,,,,,,,,,,,,,,,,,,,,,,,,,,,,,,,,,,,,,,,,,,,,,,,,,,,,,,,,,,,,,,,,,,,,,,,,,,,,,,,,,,,,,,,,,,,,,,,,,,,,,,,,,,,,,,,,,,,,,,,,,,,,,,,,,,,,,,,,,,,,,,,,,,,,,,,,,,,,,,,,,,,,,,,,,,,,,,,,,,,,,,,,,,,,,,,,,,,,,,,,,,,,,,,,,,,,,,,,,,,,,,,,,,,,,,,,,,,,,,,,,,,,,,,,,,,,,,,,,,,,,,,,,,,,,,,,,,,,,,,,,,,,,,,,,,,,,,,,,,,,,,,,,,,,,,,,,,,,,,,,,,,,,,,,,,,,,,,,,,,,,,,,,,,,,,,,,,,,,,,,,,,,,,,,,,,,,,,,,,,,,,,,,,,,,,,,,,,,,,,,,,,,,,,,,,,,,,,,,,,,,,,,,,,,,,,,,,,,,,,,,,,,,,,,,,,,,,,,,,,,,,,,,,,,,,,,,,,,,,,,,,,,,,,,,,,,,,,,,,,,,,,,,,,,,,,,,,,,,,,,,,,,,,,,,,,,,,,,6a4cc15f-631c-4338-a840-14393c008c93,60.0.158.135,,,,,,,,,,,,,,,,,,,,,,,,,,,,,,,,,,,,,,,,,,,,,,,,,,,,,,,,,,,
Aiko (Ahmedabad),134691,134312457,From Sales,117943270,397,,2026-07-05,290.5,0,Active,Unpaid,,290.5,0,0,0,0.00,0,0,0,0,2026-07-07 14:35:27,2026-07-07 14:35:27,410150,Kitchen,24AAMCB4304M1ZN,Surat,Aiko (Ahmedabad,Gujarat,U55101GJ2024PTC149642,"102, SANGINI ASPIRE, PAL-HAZIRA ROAD, BESIDE SANSKRUTI TOWNSHIP, PAL, SURAT, Gujarat
",9638077877,,,,Surat,Ahmedabad Prep Kitchen,Kitchen,,Gujarat,,"Ason vista, Sanidhya, Ahmedabad, Gujarat 380058",9510355182,0,,1,PO0081071009,PO0081071009,1,,0,0,0,"[{""prev_price"":""0.000000"",""item_id"":""46293708"",""itemname"":""Cucumber Slice"",""qty"":4,""price"":0,""amount"":0,""discount"":""0.000"",""lbl_unit"":""Kg"",""unit"":""2796367"",""description"":"""",""hsn_code"":"""",""weighted_price"":0,""invoice_date"":""2026-07-05"",""sap_code"":"""",""purchase_doc_number"":"""",""purchase_invoice_number"":"""",""tax1"":0,""tax2"":0,""tax3"":0,""tax1_amount"":0,""tax2_amount"":0,""tax3_amount"":0,""expiry_date"":"""",""manufacturing_date"":"""",""actual_qty"":""4.000"",""actual_unit_id"":""5790692"",""actual_unit_name"":""Kg"",""sap_group_master_id"":0,""category"":""Food"",""rmconv_qty"":""1000"",""rmconv_qty_total"":4000,""rmconv_unit_id"":""2796373"",""rmconv_unit"":""GM"",""yield_qty"":""0"",""discount_application"":""B"",""container_weight"":0,""net_weight"":""4"",""gross_weight"":0,""tax_type"":0,""excise_duty"":0,""tax1_label"":""CGST"",""tax2_label"":""SGST"",""tax3_label"":""IGST""},{""prev_price"":""0.080000"",""item_id"":""46293735"",""itemname"":""Mint Process"",""qty"":100,""price"":0.08,""amount"":8,""discount"":""0.000"",""lbl_unit"":""GM"",""unit"":""2796373"",""description"":"""",""hsn_code"":"""",""weighted_price"":0.08,""invoice_date"":""2026-07-05"",""sap_code"":"""",""purchase_doc_number"":"""",""purchase_invoice_number"":"""",""tax1"":0,""tax2"":0,""tax3"":0,""tax1_amount"":0,""tax2_amount"":0,""tax3_amount"":0,""expiry_date"":"""",""manufacturing_date"":"""",""actual_qty"":""100.000"",""actual_unit_id"":""5790698"",""actual_unit_name"":""GM"",""sap_group_master_id"":0,""category"":""Food"",""yield_qty"":""0"",""discount_application"":""B"",""container_weight"":0,""net_weight"":""100"",""gross_weight"":0,""tax_type"":0,""excise_duty"":0,""tax1_label"":""CGST"",""tax2_label"":""SGST"",""tax3_label"":""IGST""},{""prev_price"":""100.000000"",""item_id"":""46619043"",""itemname"":""Green Lemon"",""qty"":0.2,""price"":100,""amount"":20,""discount"":""0.000"",""lbl_unit"":""Kg"",""unit"":""2796367"",""description"":"""",""hsn_code"":"""",""weighted_price"":100,""invoice_date"":""2026-07-05"",""sap_code"":"""",""purchase_doc_number"":"""",""purchase_invoice_number"":"""",""tax1"":0,""tax2"":0,""tax3"":0,""tax1_amount"":0,""tax2_amount"":0,""tax3_amount"":0,""expiry_date"":"""",""manufacturing_date"":"""",""actual_qty"":""0.200"",""actual_unit_id"":""5790692"",""actual_unit_name"":""Kg"",""sap_group_master_id"":0,""category"":""Food"",""yield_qty"":""0"",""discount_application"":""B"",""container_weight"":0,""net_weight"":""0.2"",""gross_weight"":0,""tax_type"":0,""excise_duty"":0,""tax1_label"":""CGST"",""tax2_label"":""SGST"",""tax3_label"":""IGST""},{""prev_price"":""0.000000"",""item_id"":""46294189"",""itemname"":""Italian Lemon"",""qty"":250,""price"":1.05,""amount"":262.5,""discount"":""0.000"",""lbl_unit"":""GM"",""unit"":""2796373"",""description"":"""",""hsn_code"":"""",""weighted_price"":1.05,""invoice_date"":""2026-07-05"",""sap_code"":"""",""purchase_doc_number"":"""",""purchase_invoice_number"":"""",""tax1"":0,""tax2"":0,""tax3"":0,""tax1_amount"":0,""tax2_amount"":0,""tax3_amount"":0,""expiry_date"":"""",""manufacturing_date"":"""",""actual_qty"":""250.000"",""actual_unit_id"":""5790698"",""actual_unit_name"":""GM"",""sap_group_master_id"":0,""category"":""Food"",""yield_qty"":""0"",""discount_application"":""B"",""container_weight"":0,""net_weight"":""250"",""gross_weight"":0,""tax_type"":0,""excise_duty"":0,""tax1_label"":""CGST"",""tax2_label"":""SGST"",""tax3_label"":""IGST""}]",[],0,0,,,[],[],,,,,,,,,,,,,,,,,,,,,,,,,,,,,,,,,,,,,,,,,,,,,,,,,,,,,,,,,,,,,,,,,,,,,,,,,,,,,,,,,,,,,,,,,,,,,,,,,,,,,,,,,,,,,,,,,,,,,,,,,,,,,,,,,,,,,,,,,,,,,,,,,,,,,,,,,,,,,,,,,,,,,,,,,,,,,,,,,,,,,,,,,,,,,,,,,,,,,,,,,,,,,,,,,,,,,,,,,,,,,,,,,,,,,,,,,,,,,,,,,,,,,,,,,,,,,,,,,,,,,,,,,,,,,,,,,,,,,,,,,,,,,,,,,,,,,,,,,,,,,,,,,,,,,,,,,,,,,,,,,,,,,,,,,,,,,,,,,,,,,,,,,,,,,,,,,,,,,,,,,,,,,,,,,,,,,,,,,,,,,,,,,,,,,,,,,,,,,,,,,,,,,,,,,,,,,,,,,,,,,,,,,,,,,,,,,,,,,,,,,,,,,,,,,,,,,,,,,,,,,,,,,,,,,,,,,,,,,,,,,,,,,,,,,,,,,,,,,,,,,,,,,,,,,,,,,,,,,,,,,,,,,,,,,,,,,,,,,,,,,,,,,,,,,,,,,,,,,,,,,,,,,,,,,,,,,,,,,,,,,,,,,,,,,,,,,,,,,,,,,,,,,,,,,,,,,,,,,,,,,,,,,,,,,,,,,,,,,,,,,,,,,,,,,,,,,,,,,,,,,,,,,,,,,,,,,,,,,,,,,,,,,,,,,,,6a4cc142-cb58-438c-a1d4-46c13c009e87,60.0.158.135,,,,,,,,,,,,,,,,,,,,,,,,,,,,,,,,,,,,,,,,,,,,,,,,,,,,,,,,,
Aiko (Ahmedabad),134691,134312379,From Sales,117943399,396,,2026-07-05,10,0,Active,Unpaid,,10,0,0,0,0.00,0,0,0,0,2026-07-07 14:35:02,2026-07-07 14:35:02,410150,Kitchen,24AAMCB4304M1ZN,Surat,Aiko (Ahmedabad,Gujarat,U55101GJ2024PTC149642,"102, SANGINI ASPIRE, PAL-HAZIRA ROAD, BESIDE SANSKRUTI TOWNSHIP, PAL, SURAT, Gujarat
",9638077877,,,,Surat,Ahmedabad Prep Kitchen,Kitchen,,Gujarat,,"Ason vista, Sanidhya, Ahmedabad, Gujarat 380058",9510355182,0,,1,PO0081057829,PO0081057829,1,,0,0,0,"[{""prev_price"":""0.000000"",""item_id"":""46294235"",""itemname"":""Fine Chopped Spring Onion"",""qty"":500,""price"":0,""amount"":0,""discount"":""0.000"",""lbl_unit"":""GM"",""unit"":""2796373"",""description"":"""",""hsn_code"":"""",""weighted_price"":0,""invoice_date"":""2026-07-05"",""sap_code"":"""",""purchase_doc_number"":"""",""purchase_invoice_number"":"""",""tax1"":0,""tax2"":0,""tax3"":0,""tax1_amount"":0,""tax2_amount"":0,""tax3_amount"":0,""expiry_date"":"""",""manufacturing_date"":"""",""actual_qty"":""500.000"",""actual_unit_id"":""5790698"",""actual_unit_name"":""GM"",""sap_group_master_id"":0,""category"":""Food"",""yield_qty"":""0"",""discount_application"":""B"",""container_weight"":0,""net_weight"":""500"",""gross_weight"":0,""tax_type"":0,""excise_duty"":0,""tax1_label"":""CGST"",""tax2_label"":""SGST"",""tax3_label"":""IGST""},{""prev_price"":""0.000000"",""item_id"":""46293766"",""itemname"":""Spring Onion Slit"",""qty"":350,""price"":0,""amount"":0,""discount"":""0.000"",""lbl_unit"":""GM"",""unit"":""2796373"",""description"":"""",""hsn_code"":"""",""weighted_price"":0,""invoice_date"":""2026-07-05"",""sap_code"":"""",""purchase_doc_number"":"""",""purchase_invoice_number"":"""",""tax1"":0,""tax2"":0,""tax3"":0,""tax1_amount"":0,""tax2_amount"":0,""tax3_amount"":0,""expiry_date"":"""",""manufacturing_date"":"""",""actual_qty"":""350.000"",""actual_unit_id"":""5790698"",""actual_unit_name"":""GM"",""sap_group_master_id"":0,""category"":""Food"",""yield_qty"":""0"",""discount_application"":""B"",""container_weight"":0,""net_weight"":""350"",""gross_weight"":0,""tax_type"":0,""excise_duty"":0,""tax1_label"":""CGST"",""tax2_label"":""SGST"",""tax3_label"":""IGST""},{""prev_price"":""0.000000"",""item_id"":""46293729"",""itemname"":""Coriander Process"",""qty"":0.1,""price"":0,""amount"":0,""discount"":""0.000"",""lbl_unit"":""Kg"",""unit"":""2796367"",""description"":"""",""hsn_code"":"""",""weighted_price"":0,""invoice_date"":""2026-07-05"",""sap_code"":"""",""purchase_doc_number"":"""",""purchase_invoice_number"":"""",""tax1"":0,""tax2"":0,""tax3"":0,""tax1_amount"":0,""tax2_amount"":0,""tax3_amount"":0,""expiry_date"":"""",""manufacturing_date"":"""",""actual_qty"":""0.100"",""actual_unit_id"":""5790692"",""actual_unit_name"":""Kg"",""sap_group_master_id"":0,""category"":""Food"",""rmconv_qty"":""1000"",""rmconv_qty_total"":100,""rmconv_unit_id"":""2796373"",""rmconv_unit"":""GM"",""yield_qty"":""0"",""discount_application"":""B"",""container_weight"":0,""net_weight"":""0.1"",""gross_weight"":0,""tax_type"":0,""excise_duty"":0,""tax1_label"":""CGST"",""tax2_label"":""SGST"",""tax3_label"":""IGST""},{""prev_price"":""0.100000"",""item_id"":""46293741"",""itemname"":""Lemon Whole"",""qty"":100,""price"":0.1,""amount"":10,""discount"":""0.000"",""lbl_unit"":""GM"",""unit"":""2796373"",""description"":"""",""hsn_code"":"""",""weighted_price"":0.1,""invoice_date"":""2026-07-05"",""sap_code"":"""",""purchase_doc_number"":"""",""purchase_invoice_number"":"""",""tax1"":0,""tax2"":0,""tax3"":0,""tax1_amount"":0,""tax2_amount"":0,""tax3_amount"":0,""expiry_date"":"""",""manufacturing_date"":"""",""actual_qty"":""100.000"",""actual_unit_id"":""5790698"",""actual_unit_name"":""GM"",""sap_group_master_id"":0,""category"":""Food"",""yield_qty"":""0"",""discount_application"":""B"",""container_weight"":0,""net_weight"":""100"",""gross_weight"":0,""tax_type"":0,""excise_duty"":0,""tax1_label"":""CGST"",""tax2_label"":""SGST"",""tax3_label"":""IGST""},{""prev_price"":""0.000000"",""item_id"":""46293777"",""itemname"":""Fry Garlic Slice"",""qty"":50,""price"":0,""amount"":0,""discount"":""0.000"",""lbl_unit"":""GM"",""unit"":""2796373"",""description"":"""",""hsn_code"":"""",""weighted_price"":0,""invoice_date"":""2026-07-05"",""sap_code"":"""",""purchase_doc_number"":"""",""purchase_invoice_number"":"""",""tax1"":0,""tax2"":0,""tax3"":0,""tax1_amount"":0,""tax2_amount"":0,""tax3_amount"":0,""expiry_date"":"""",""manufacturing_date"":"""",""actual_qty"":""50.000"",""actual_unit_id"":""5790698"",""actual_unit_name"":""GM"",""sap_group_master_id"":0,""category"":""Food"",""yield_qty"":""0"",""discount_application"":""B"",""container_weight"":0,""net_weight"":""50"",""gross_weight"":0,""tax_type"":0,""excise_duty"":0,""tax1_label"":""CGST"",""tax2_label"":""SGST"",""tax3_label"":""IGST""}]",[],0,0,,,[],[],,,,,,,,,,,,,,,,,,,,,,,,,,,,,,,,,,,,,,,,,,,,,,,,,,,,,,,,,,,,,,,,,,,,,,,,,,,,,,,,,,,,,,,,,,,,,,,,,,,,,,,,,,,,,,,,,,,,,,,,,,,,,,,,,,,,,,,,,,,,,,,,,,,,,,,,,,,,,,,,,,,,,,,,,,,,,,,,,,,,,,,,,,,,,,,,,,,,,,,,,,,,,,,,,,,,,,,,,,,,,,,,,,,,,,,,,,,,,,,,,,,,,,,,,,,,,,,,,,,,,,,,,,,,,,,,,,,,,,,,,,,,,,,,,,,,,,,,,,,,,,,,,,,,,,,,,,,,,,,,,,,,,,,,,,,,,,,,,,,,,,,,,,,,,,,,,,,,,,,,,,,,,,,,,,,,,,,,,,,,,,,,,,,,,,,,,,,,,,,,,,,,,,,,,,,,,,,,,,,,,,,,,,,,,,,,,,,,,,,,,,,,,,,,,,,,,,,,,,,,,,,,,,,,,,,,,,,,,,,,,,,,,,,,,,,,,,,,,,,,,,,,,,,,,,,,,,,,,,,,,,,,,,,,,,,,,,,,,,,,,,,,,,,,,,,,,,,,,,,,,,,,,,,,,,,,,,,,,,,,,,,,,,,,,,,,,,,,,,,,,,,,,,,,,,,,,,,,,,,,,,,,,,,,,,,,,,,,,,,,,,,,,,,,,,,,,,,,,,,,,,,,,,,,,,,,,,,,,,,,,,,,,,,,,,,,,6a4cc120-d208-4aa1-bd02-3e2e3c009e87,60.0.140.147,,,,,,,,,,,,,,,,,,,,,,,,,,,,,,,,,,,,,,,,,,,,,,,,,,,,,,,
Aiko (Ahmedabad),134691,134312348,From Sales,118063572,395,,2026-07-07,0,0,Active,Unpaid,,0,0,0,0,0.00,0,0,0,0,2026-07-07 14:34:42,2026-07-07 14:34:42,410700,Kitchen,24AAMCB4304M1ZN,Surat,Aiko (Ahmedabad,Gujarat,U55101GJ2024PTC149642,"102, SANGINI ASPIRE, PAL-HAZIRA ROAD, BESIDE SANSKRUTI TOWNSHIP, PAL, SURAT, Gujarat
",9638077877,,,,Surat,Ahmedabad Bakery,Kitchen,,Gujarat,,"Ason vista, Ahmedabad, Gujarat ",9510355182,0,,1,PO0081102311,PO0081102311,1,,0,0,0,"[{""prev_price"":""0.000000"",""item_id"":""46385105"",""itemname"":""Ferrero Crunch"",""qty"":4,""price"":0,""amount"":0,""discount"":""0.000"",""lbl_unit"":""Piece"",""unit"":""2796366"",""description"":"""",""hsn_code"":"""",""weighted_price"":0,""invoice_date"":""2026-07-07"",""sap_code"":"""",""purchase_doc_number"":"""",""purchase_invoice_number"":"""",""tax1"":0,""tax2"":0,""tax3"":0,""tax1_amount"":0,""tax2_amount"":0,""tax3_amount"":0,""expiry_date"":"""",""manufacturing_date"":"""",""actual_qty"":""4.000"",""actual_unit_id"":""5804663"",""actual_unit_name"":""Piece"",""sap_group_master_id"":0,""category"":""Food"",""yield_qty"":""0"",""discount_application"":""B"",""container_weight"":0,""net_weight"":""4"",""gross_weight"":0,""tax_type"":0,""excise_duty"":0,""tax1_label"":""CGST"",""tax2_label"":""SGST"",""tax3_label"":""IGST""},{""prev_price"":""0.000000"",""item_id"":""46294196"",""itemname"":""Vanilla Cream"",""qty"":300,""price"":0,""amount"":0,""discount"":""0.000"",""lbl_unit"":""GM"",""unit"":""2796373"",""description"":"""",""hsn_code"":"""",""weighted_price"":0,""invoice_date"":""2026-07-07"",""sap_code"":"""",""purchase_doc_number"":"""",""purchase_invoice_number"":"""",""tax1"":0,""tax2"":0,""tax3"":0,""tax1_amount"":0,""tax2_amount"":0,""tax3_amount"":0,""expiry_date"":"""",""manufacturing_date"":"""",""actual_qty"":""300.000"",""actual_unit_id"":""5804670"",""actual_unit_name"":""GM"",""sap_group_master_id"":0,""category"":""Food"",""yield_qty"":""0"",""discount_application"":""B"",""container_weight"":0,""net_weight"":""300"",""gross_weight"":0,""tax_type"":0,""excise_duty"":0,""tax1_label"":""CGST"",""tax2_label"":""SGST"",""tax3_label"":""IGST""},{""prev_price"":""0.000000"",""item_id"":""46385358"",""itemname"":""Nutella Cream"",""qty"":300,""price"":0,""amount"":0,""discount"":""0.000"",""lbl_unit"":""GM"",""unit"":""2796373"",""description"":"""",""hsn_code"":"""",""weighted_price"":0,""invoice_date"":""2026-07-07"",""sap_code"":"""",""purchase_doc_number"":"""",""purchase_invoice_number"":"""",""tax1"":0,""tax2"":0,""tax3"":0,""tax1_amount"":0,""tax2_amount"":0,""tax3_amount"":0,""expiry_date"":"""",""manufacturing_date"":"""",""actual_qty"":""300.000"",""actual_unit_id"":""5804670"",""actual_unit_name"":""GM"",""sap_group_master_id"":0,""category"":""Food"",""yield_qty"":""0"",""discount_application"":""B"",""container_weight"":0,""net_weight"":""300"",""gross_weight"":0,""tax_type"":0,""excise_duty"":0,""tax1_label"":""CGST"",""tax2_label"":""SGST"",""tax3_label"":""IGST""},{""prev_price"":""0.000000"",""item_id"":""46345724"",""itemname"":""Chocolate Ganache"",""qty"":300,""price"":0,""amount"":0,""discount"":""0.000"",""lbl_unit"":""GM"",""unit"":""2796373"",""description"":"""",""hsn_code"":"""",""weighted_price"":0,""invoice_date"":""2026-07-07"",""sap_code"":"""",""purchase_doc_number"":"""",""purchase_invoice_number"":"""",""tax1"":0,""tax2"":0,""tax3"":0,""tax1_amount"":0,""tax2_amount"":0,""tax3_amount"":0,""expiry_date"":"""",""manufacturing_date"":"""",""actual_qty"":""300.000"",""actual_unit_id"":""5804670"",""actual_unit_name"":""GM"",""sap_group_master_id"":0,""category"":""Food"",""yield_qty"":""0"",""discount_application"":""B"",""container_weight"":0,""net_weight"":""300"",""gross_weight"":0,""tax_type"":0,""excise_duty"":0,""tax1_label"":""CGST"",""tax2_label"":""SGST"",""tax3_label"":""IGST""}]",[],0,0,,,[],[],,,,,,,,,,,,,,,,,,,,,,,,,,,,,,,,,,,,,,,,,,,,,,,,,,,,,,,,,,,,,,,,,,,,,,,,,,,,,,,,,,,,,,,,,,,,,,,,,,,,,,,,,,,,,,,,,,,,,,,,,,,,,,,,,,,,,,,,,,,,,,,,,,,,,,,,,,,,,,,,,,,,,,,,,,,,,,,,,,,,,,,,,,,,,,,,,,,,,,,,,,,,,,,,,,,,,,,,,,,,,,,,,,,,,,,,,,,,,,,,,,,,,,,,,,,,,,,,,,,,,,,,,,,,,,,,,,,,,,,,,,,,,,,,,,,,,,,,,,,,,,,,,,,,,,,,,,,,,,,,,,,,,,,,,,,,,,,,,,,,,,,,,,,,,,,,,,,,,,,,,,,,,,,,,,,,,,,,,,,,,,,,,,,,,,,,,,,,,,,,,,,,,,,,,,,,,,,,,,,,,,,,,,,,,,,,,,,,,,,,,,,,,,,,,,,,,,,,,,,,,,,,,,,,,,,,,,,,,,,,,,,,,,,,,,,,,,,,,,,,,,,,,,,,,,,,,,,,,,,,,,,,,,,,,,,,,,,,,,,,,,,,,,,,,,,,,,,,,,,,,,,,,,,,,,,,,,,,,,,,,,,,,,,,,,,,,,,,,,,,,,,,,,,,,,,,,,,,,,,,,,,,,,,,,,,,,,,,,,,,,,,,,,,,,,,,,,,,,,,,,,,,,,,,,,,,,,,,,,,,,,,,,,,,,,,,,,,6a4cc101-09bc-4d4c-8cc6-33b93c0088f3,60.0.140.147,,,,,,,,,,,,,,,,,,,,,,,,,,,,,,,,,,,,,,,,,,,,,,,,,,,,,
Aiko (Ahmedabad),134691,134312312,From Sales,117798334,394,,2026-07-04,8,0,Active,Unpaid,,8,0,0,0,0.00,0,0,0,0,2026-07-07 14:34:26,2026-07-07 14:34:26,410150,Kitchen,24AAMCB4304M1ZN,Surat,Aiko (Ahmedabad,Gujarat,U55101GJ2024PTC149642,"102, SANGINI ASPIRE, PAL-HAZIRA ROAD, BESIDE SANSKRUTI TOWNSHIP, PAL, SURAT, Gujarat
",9638077877,,,,Surat,Ahmedabad Prep Kitchen,Kitchen,,Gujarat,,"Ason vista, Sanidhya, Ahmedabad, Gujarat 380058",9510355182,0,,1,PO0081055558,PO0081055558,1,,0,0,0,"[{""prev_price"":""80.000000"",""item_id"":""46293735"",""itemname"":""Mint Process"",""qty"":0.1,""price"":80,""amount"":8,""discount"":""0.000"",""lbl_unit"":""Kg"",""unit"":""2796367"",""description"":"""",""hsn_code"":"""",""weighted_price"":80,""invoice_date"":""2026-07-04"",""sap_code"":"""",""purchase_doc_number"":"""",""purchase_invoice_number"":"""",""tax1"":0,""tax2"":0,""tax3"":0,""tax1_amount"":0,""tax2_amount"":0,""tax3_amount"":0,""expiry_date"":"""",""manufacturing_date"":"""",""actual_qty"":""0.100"",""actual_unit_id"":""5790692"",""actual_unit_name"":""Kg"",""sap_group_master_id"":0,""category"":""Food"",""rmconv_qty"":""1000"",""rmconv_qty_total"":100,""rmconv_unit_id"":""2796373"",""rmconv_unit"":""GM"",""yield_qty"":""0"",""discount_application"":""B"",""container_weight"":0,""net_weight"":""0.1"",""gross_weight"":0,""tax_type"":0,""excise_duty"":0,""tax1_label"":""CGST"",""tax2_label"":""SGST"",""tax3_label"":""IGST""},{""prev_price"":""0.000000"",""item_id"":""46293708"",""itemname"":""Cucumber Slice"",""qty"":3,""price"":0,""amount"":0,""discount"":""0.000"",""lbl_unit"":""Kg"",""unit"":""2796367"",""description"":"""",""hsn_code"":"""",""weighted_price"":0,""invoice_date"":""2026-07-04"",""sap_code"":"""",""purchase_doc_number"":"""",""purchase_invoice_number"":"""",""tax1"":0,""tax2"":0,""tax3"":0,""tax1_amount"":0,""tax2_amount"":0,""tax3_amount"":0,""expiry_date"":"""",""manufacturing_date"":"""",""actual_qty"":""3.000"",""actual_unit_id"":""5790692"",""actual_unit_name"":""Kg"",""sap_group_master_id"":0,""category"":""Food"",""rmconv_qty"":""1000"",""rmconv_qty_total"":3000,""rmconv_unit_id"":""2796373"",""rmconv_unit"":""GM"",""yield_qty"":""0"",""discount_application"":""B"",""container_weight"":0,""net_weight"":""3"",""gross_weight"":0,""tax_type"":0,""excise_duty"":0,""tax1_label"":""CGST"",""tax2_label"":""SGST"",""tax3_label"":""IGST""}]",[],0,0,,,[],[],,,,,,,,,,,,,,,,,,,,,,,,,,,,,,,,,,,,,,,,,,,,,,,,,,,,,,,,,,,,,,,,,,,,,,,,,,,,,,,,,,,,,,,,,,,,,,,,,,,,,,,,,,,,,,,,,,,,,,,,,,,,,,,,,,,,,,,,,,,,,,,,,,,,,,,,,,,,,,,,,,,,,,,,,,,,,,,,,,,,,,,,,,,,,,,,,,,,,,,,,,,,,,,,,,,,,,,,,,,,,,,,,,,,,,,,,,,,,,,,,,,,,,,,,,,,,,,,,,,,,,,,,,,,,,,,,,,,,,,,,,,,,,,,,,,,,,,,,,,,,,,,,,,,,,,,,,,,,,,,,,,,,,,,,,,,,,,,,,,,,,,,,,,,,,,,,,,,,,,,,,,,,,,,,,,,,,,,,,,,,,,,,,,,,,,,,,,,,,,,,,,,,,,,,,,,,,,,,,,,,,,,,,,,,,,,,,,,,,,,,,,,,,,,,,,,,,,,,,,,,,,,,,,,,,,,,,,,,,,,,,,,,,,,,,,,,,,,,,,,,,,,,,,,,,,,,,,,,,,,,,,,,,,,,,,,,,,,,,,,,,,,,,,,,,,,,,,,,,,,,,,,,,,,,,,,,,,,,,,,,,,,,,,,,,,,,,,,,,,,,,,,,,,,,,,,,,,,,,,,,,,,,,,,,,,,,,,,,,,,,,,,,,,,,,,,,,,,,,,,,,,,,,,,,,,,,,,,,,,,,,,,,,,,,,,,,,,,,6a4cc103-8c38-4820-9d95-54af3c009e87,60.0.136.243,,,,,,,,,,,,,,,,,,,,,,,,,,,,,,,,,,,,,,,,,,,,,,,,,,,
Aiko (Ahmedabad),134691,134312165,From Sales,117799573,393,,2026-07-04,0,0,Active,Unpaid,,0,0,0,0,0.00,0,0,0,0,2026-07-07 14:33:26,2026-07-07 14:33:26,410700,Kitchen,24AAMCB4304M1ZN,Surat,Aiko (Ahmedabad,Gujarat,U55101GJ2024PTC149642,"102, SANGINI ASPIRE, PAL-HAZIRA ROAD, BESIDE SANSKRUTI TOWNSHIP, PAL, SURAT, Gujarat
",9638077877,,,,Surat,Ahmedabad Bakery,Kitchen,,Gujarat,,"Ason vista, Ahmedabad, Gujarat ",9510355182,0,,1,PO0081055638,PO0081055638,1,,0,0,0,"[{""prev_price"":""0.000000"",""item_id"":""46385358"",""itemname"":""Nutella Cream"",""qty"":300,""price"":0,""amount"":0,""discount"":""0.000"",""lbl_unit"":""GM"",""unit"":""2796373"",""description"":"""",""hsn_code"":"""",""weighted_price"":0,""invoice_date"":""2026-07-04"",""sap_code"":"""",""purchase_doc_number"":"""",""purchase_invoice_number"":"""",""tax1"":0,""tax2"":0,""tax3"":0,""tax1_amount"":0,""tax2_amount"":0,""tax3_amount"":0,""expiry_date"":"""",""manufacturing_date"":"""",""actual_qty"":""300.000"",""actual_unit_id"":""5804670"",""actual_unit_name"":""GM"",""sap_group_master_id"":0,""category"":""Food"",""yield_qty"":""0"",""discount_application"":""B"",""container_weight"":0,""net_weight"":""300"",""gross_weight"":0,""tax_type"":0,""excise_duty"":0,""tax1_label"":""CGST"",""tax2_label"":""SGST"",""tax3_label"":""IGST""},{""prev_price"":""0.000000"",""item_id"":""46385973"",""itemname"":""Pistachio Butter"",""qty"":300,""price"":0,""amount"":0,""discount"":""0.000"",""lbl_unit"":""GM"",""unit"":""2796373"",""description"":"""",""hsn_code"":"""",""weighted_price"":0,""invoice_date"":""2026-07-04"",""sap_code"":"""",""purchase_doc_number"":"""",""purchase_invoice_number"":"""",""tax1"":0,""tax2"":0,""tax3"":0,""tax1_amount"":0,""tax2_amount"":0,""tax3_amount"":0,""expiry_date"":"""",""manufacturing_date"":"""",""actual_qty"":""300.000"",""actual_unit_id"":""5804670"",""actual_unit_name"":""GM"",""sap_group_master_id"":0,""category"":""Food"",""yield_qty"":""0"",""discount_application"":""B"",""container_weight"":0,""net_weight"":""300"",""gross_weight"":0,""tax_type"":0,""excise_duty"":0,""tax1_label"":""CGST"",""tax2_label"":""SGST"",""tax3_label"":""IGST""},{""prev_price"":""0.000000"",""item_id"":""46386611"",""itemname"":""Insert Chocolate"",""qty"":4,""price"":0,""amount"":0,""discount"":""0.000"",""lbl_unit"":""pcs"",""unit"":""3939123"",""description"":"""",""hsn_code"":"""",""weighted_price"":0,""invoice_date"":""2026-07-04"",""sap_code"":"""",""purchase_doc_number"":"""",""purchase_invoice_number"":"""",""tax1"":0,""tax2"":0,""tax3"":0,""tax1_amount"":0,""tax2_amount"":0,""tax3_amount"":0,""expiry_date"":"""",""manufacturing_date"":"""",""actual_qty"":""4.000"",""actual_unit_id"":""6501218"",""actual_unit_name"":""pcs"",""sap_group_master_id"":0,""category"":""Food"",""yield_qty"":""0"",""discount_application"":""B"",""container_weight"":0,""net_weight"":""4"",""gross_weight"":0,""tax_type"":0,""excise_duty"":0,""tax1_label"":""CGST"",""tax2_label"":""SGST"",""tax3_label"":""IGST""},{""prev_price"":""0.000000"",""item_id"":""46386633"",""itemname"":""Cake Slice"",""qty"":10,""price"":0,""amount"":0,""discount"":""0.000"",""lbl_unit"":""pcs"",""unit"":""3939123"",""description"":"""",""hsn_code"":"""",""weighted_price"":0,""invoice_date"":""2026-07-04"",""sap_code"":"""",""purchase_doc_number"":"""",""purchase_invoice_number"":"""",""tax1"":0,""tax2"":0,""tax3"":0,""tax1_amount"":0,""tax2_amount"":0,""tax3_amount"":0,""expiry_date"":"""",""manufacturing_date"":"""",""sap_group_master_id"":0,""category"":""Food"",""yield_qty"":""0"",""discount_application"":""B"",""container_weight"":0,""net_weight"":""10"",""gross_weight"":0,""tax_type"":0,""excise_duty"":0,""tax1_label"":""CGST"",""tax2_label"":""SGST"",""tax3_label"":""IGST""}]",[],0,0,,,[],[],,,,,,,,,,,,,,,,,,,,,,,,,,,,,,,,,,,,,,,,,,,,,,,,,,,,,,,,,,,,,,,,,,,,,,,,,,,,,,,,,,,,,,,,,,,,,,,,,,,,,,,,,,,,,,,,,,,,,,,,,,,,,,,,,,,,,,,,,,,,,,,,,,,,,,,,,,,,,,,,,,,,,,,,,,,,,,,,,,,,,,,,,,,,,,,,,,,,,,,,,,,,,,,,,,,,,,,,,,,,,,,,,,,,,,,,,,,,,,,,,,,,,,,,,,,,,,,,,,,,,,,,,,,,,,,,,,,,,,,,,,,,,,,,,,,,,,,,,,,,,,,,,,,,,,,,,,,,,,,,,,,,,,,,,,,,,,,,,,,,,,,,,,,,,,,,,,,,,,,,,,,,,,,,,,,,,,,,,,,,,,,,,,,,,,,,,,,,,,,,,,,,,,,,,,,,,,,,,,,,,,,,,,,,,,,,,,,,,,,,,,,,,,,,,,,,,,,,,,,,,,,,,,,,,,,,,,,,,,,,,,,,,,,,,,,,,,,,,,,,,,,,,,,,,,,,,,,,,,,,,,,,,,,,,,,,,,,,,,,,,,,,,,,,,,,,,,,,,,,,,,,,,,,,,,,,,,,,,,,,,,,,,,,,,,,,,,,,,,,,,,,,,,,,,,,,,,,,,,,,,,,,,,,,,,,,,,,,,,,,,,,,,,,,,,,,,,,,,,,,,,,,,,,,,,,,,,,,,,,,,,,,,,,,,,,,,,,,,,,6a4cc0ba-33ac-4934-9e63-26783c008c93,60.0.149.96,,,,,,,,,,,,,,,,,,,,,,,,,,,,,,,,,,,,,,,,,,,,,,,,,
Aiko (Ahmedabad),134691,134312047,From Sales,117861179,392,,2026-07-04,0,0,Active,Unpaid,,0,0,0,0,0.00,0,0,0,0,2026-07-07 14:32:46,2026-07-07 14:32:46,410700,Kitchen,24AAMCB4304M1ZN,Surat,Aiko (Ahmedabad,Gujarat,U55101GJ2024PTC149642,"102, SANGINI ASPIRE, PAL-HAZIRA ROAD, BESIDE SANSKRUTI TOWNSHIP, PAL, SURAT, Gujarat
",9638077877,,,,Surat,Ahmedabad Bakery,Kitchen,,Gujarat,,"Ason vista, Ahmedabad, Gujarat ",9510355182,0,,1,PO0081063361,PO0081063361,1,,0,0,0,"[{""prev_price"":""0.000000"",""item_id"":""46385105"",""itemname"":""Ferrero Crunch"",""qty"":6,""price"":0,""amount"":0,""discount"":""0.000"",""lbl_unit"":""Piece"",""unit"":""2796366"",""description"":"""",""hsn_code"":"""",""weighted_price"":0,""invoice_date"":""2026-07-04"",""sap_code"":"""",""purchase_doc_number"":"""",""purchase_invoice_number"":"""",""tax1"":0,""tax2"":0,""tax3"":0,""tax1_amount"":0,""tax2_amount"":0,""tax3_amount"":0,""expiry_date"":"""",""manufacturing_date"":"""",""actual_qty"":""6.000"",""actual_unit_id"":""5804663"",""actual_unit_name"":""Piece"",""sap_group_master_id"":0,""category"":""Food"",""yield_qty"":""0"",""discount_application"":""B"",""container_weight"":0,""net_weight"":""6"",""gross_weight"":0,""tax_type"":0,""excise_duty"":0,""tax1_label"":""CGST"",""tax2_label"":""SGST"",""tax3_label"":""IGST""},{""prev_price"":""0.000000"",""item_id"":""46294196"",""itemname"":""Vanilla Cream"",""qty"":600,""price"":0,""amount"":0,""discount"":""0.000"",""lbl_unit"":""GM"",""unit"":""2796373"",""description"":"""",""hsn_code"":"""",""weighted_price"":0,""invoice_date"":""2026-07-04"",""sap_code"":"""",""purchase_doc_number"":"""",""purchase_invoice_number"":"""",""tax1"":0,""tax2"":0,""tax3"":0,""tax1_amount"":0,""tax2_amount"":0,""tax3_amount"":0,""expiry_date"":"""",""manufacturing_date"":"""",""actual_qty"":""600.000"",""actual_unit_id"":""5804670"",""actual_unit_name"":""GM"",""sap_group_master_id"":0,""category"":""Food"",""yield_qty"":""0"",""discount_application"":""B"",""container_weight"":0,""net_weight"":""600"",""gross_weight"":0,""tax_type"":0,""excise_duty"":0,""tax1_label"":""CGST"",""tax2_label"":""SGST"",""tax3_label"":""IGST""},{""prev_price"":""0.000000"",""item_id"":""46345724"",""itemname"":""Chocolate Ganache"",""qty"":300,""price"":0,""amount"":0,""discount"":""0.000"",""lbl_unit"":""GM"",""unit"":""2796373"",""description"":"""",""hsn_code"":"""",""weighted_price"":0,""invoice_date"":""2026-07-04"",""sap_code"":"""",""purchase_doc_number"":"""",""purchase_invoice_number"":"""",""tax1"":0,""tax2"":0,""tax3"":0,""tax1_amount"":0,""tax2_amount"":0,""tax3_amount"":0,""expiry_date"":"""",""manufacturing_date"":"""",""actual_qty"":""300.000"",""actual_unit_id"":""5804670"",""actual_unit_name"":""GM"",""sap_group_master_id"":0,""category"":""Food"",""yield_qty"":""0"",""discount_application"":""B"",""container_weight"":0,""net_weight"":""300"",""gross_weight"":0,""tax_type"":0,""excise_duty"":0,""tax1_label"":""CGST"",""tax2_label"":""SGST"",""tax3_label"":""IGST""}]",[],0,0,,,[],[],,,,,,,,,,,,,,,,,,,,,,,,,,,,,,,,,,,,,,,,,,,,,,,,,,,,,,,,,,,,,,,,,,,,,,,,,,,,,,,,,,,,,,,,,,,,,,,,,,,,,,,,,,,,,,,,,,,,,,,,,,,,,,,,,,,,,,,,,,,,,,,,,,,,,,,,,,,,,,,,,,,,,,,,,,,,,,,,,,,,,,,,,,,,,,,,,,,,,,,,,,,,,,,,,,,,,,,,,,,,,,,,,,,,,,,,,,,,,,,,,,,,,,,,,,,,,,,,,,,,,,,,,,,,,,,,,,,,,,,,,,,,,,,,,,,,,,,,,,,,,,,,,,,,,,,,,,,,,,,,,,,,,,,,,,,,,,,,,,,,,,,,,,,,,,,,,,,,,,,,,,,,,,,,,,,,,,,,,,,,,,,,,,,,,,,,,,,,,,,,,,,,,,,,,,,,,,,,,,,,,,,,,,,,,,,,,,,,,,,,,,,,,,,,,,,,,,,,,,,,,,,,,,,,,,,,,,,,,,,,,,,,,,,,,,,,,,,,,,,,,,,,,,,,,,,,,,,,,,,,,,,,,,,,,,,,,,,,,,,,,,,,,,,,,,,,,,,,,,,,,,,,,,,,,,,,,,,,,,,,,,,,,,,,,,,,,,,,,,,,,,,,,,,,,,,,,,,,,,,,,,,,,,,,,,,,,,,,,,,,,,,,,,,,,,,,,,,,,,,,,,,,,,,,,,,,,,,,,,,,,,,,,,,,,,,,,,,,,,,,,6a4cc0a3-2bbc-456e-a629-27383c008c93,60.0.136.243,,,,,,,,,,,,,,,,,,,,,,,,,,,,,,,,,,,,,,,,,,,,,,,
Aiko (Ahmedabad),134691,134311876,From Sales,117707974,391,,2026-07-03,30,0,Active,Unpaid,,30,0,0,0,0.00,0,0,0,0,2026-07-07 14:31:26,2026-07-07 14:31:26,410150,Kitchen,24AAMCB4304M1ZN,Surat,Aiko (Ahmedabad,Gujarat,U55101GJ2024PTC149642,"102, SANGINI ASPIRE, PAL-HAZIRA ROAD, BESIDE SANSKRUTI TOWNSHIP, PAL, SURAT, Gujarat
",9638077877,,,,Surat,Ahmedabad Prep Kitchen,Kitchen,,Gujarat,,"Ason vista, Sanidhya, Ahmedabad, Gujarat 380058",9510355182,0,,1,PO0081038836,PO0081038836,1,,0,0,0,"[{""prev_price"":""0.000000"",""item_id"":""46293729"",""itemname"":""Coriander Process"",""qty"":150,""price"":0,""amount"":0,""discount"":""0.000"",""lbl_unit"":""GM"",""unit"":""2796373"",""description"":"""",""hsn_code"":"""",""weighted_price"":0,""invoice_date"":""2026-07-03"",""sap_code"":"""",""purchase_doc_number"":"""",""purchase_invoice_number"":"""",""tax1"":0,""tax2"":0,""tax3"":0,""tax1_amount"":0,""tax2_amount"":0,""tax3_amount"":0,""expiry_date"":"""",""manufacturing_date"":"""",""actual_qty"":""150.000"",""actual_unit_id"":""5790698"",""actual_unit_name"":""GM"",""sap_group_master_id"":0,""category"":""Food"",""yield_qty"":""0"",""discount_application"":""B"",""container_weight"":0,""net_weight"":""150"",""gross_weight"":0,""tax_type"":0,""excise_duty"":0,""tax1_label"":""CGST"",""tax2_label"":""SGST"",""tax3_label"":""IGST""},{""prev_price"":""0.080000"",""item_id"":""46293735"",""itemname"":""Mint Process"",""qty"":100,""price"":0.08,""amount"":8,""discount"":""0.000"",""lbl_unit"":""GM"",""unit"":""2796373"",""description"":"""",""hsn_code"":"""",""weighted_price"":0.08,""invoice_date"":""2026-07-03"",""sap_code"":"""",""purchase_doc_number"":"""",""purchase_invoice_number"":"""",""tax1"":0,""tax2"":0,""tax3"":0,""tax1_amount"":0,""tax2_amount"":0,""tax3_amount"":0,""expiry_date"":"""",""manufacturing_date"":"""",""actual_qty"":""100.000"",""actual_unit_id"":""5790698"",""actual_unit_name"":""GM"",""sap_group_master_id"":0,""category"":""Food"",""yield_qty"":""0"",""discount_application"":""B"",""container_weight"":0,""net_weight"":""100"",""gross_weight"":0,""tax_type"":0,""excise_duty"":0,""tax1_label"":""CGST"",""tax2_label"":""SGST"",""tax3_label"":""IGST""},{""prev_price"":""0.000000"",""item_id"":""46293728"",""itemname"":""Basil Process"",""qty"":100,""price"":0,""amount"":0,""discount"":""0.000"",""lbl_unit"":""GM"",""unit"":""2796373"",""description"":"""",""hsn_code"":"""",""weighted_price"":0,""invoice_date"":""2026-07-03"",""sap_code"":"""",""purchase_doc_number"":"""",""purchase_invoice_number"":"""",""tax1"":0,""tax2"":0,""tax3"":0,""tax1_amount"":0,""tax2_amount"":0,""tax3_amount"":0,""expiry_date"":"""",""manufacturing_date"":"""",""actual_qty"":""100.000"",""actual_unit_id"":""5790698"",""actual_unit_name"":""GM"",""sap_group_master_id"":0,""category"":""Food"",""yield_qty"":""0"",""discount_application"":""B"",""container_weight"":0,""net_weight"":""100"",""gross_weight"":0,""tax_type"":0,""excise_duty"":0,""tax1_label"":""CGST"",""tax2_label"":""SGST"",""tax3_label"":""IGST""},{""prev_price"":""0.000000"",""item_id"":""46293766"",""itemname"":""Spring Onion Slit"",""qty"":50,""price"":0,""amount"":0,""discount"":""0.000"",""lbl_unit"":""GM"",""unit"":""2796373"",""description"":"""",""hsn_code"":"""",""weighted_price"":0,""invoice_date"":""2026-07-03"",""sap_code"":"""",""purchase_doc_number"":"""",""purchase_invoice_number"":"""",""tax1"":0,""tax2"":0,""tax3"":0,""tax1_amount"":0,""tax2_amount"":0,""tax3_amount"":0,""expiry_date"":"""",""manufacturing_date"":"""",""actual_qty"":""50.000"",""actual_unit_id"":""5790698"",""actual_unit_name"":""GM"",""sap_group_master_id"":0,""category"":""Food"",""yield_qty"":""0"",""discount_application"":""B"",""container_weight"":0,""net_weight"":""50"",""gross_weight"":0,""tax_type"":0,""excise_duty"":0,""tax1_label"":""CGST"",""tax2_label"":""SGST"",""tax3_label"":""IGST""},{""prev_price"":""0.000000"",""item_id"":""46293702"",""itemname"":""Button Mushroom Whole"",""qty"":250,""price"":0,""amount"":0,""discount"":""0.000"",""lbl_unit"":""GM"",""unit"":""2796373"",""description"":"""",""hsn_code"":"""",""weighted_price"":0,""invoice_date"":""2026-07-03"",""sap_code"":"""",""purchase_doc_number"":"""",""purchase_invoice_number"":"""",""tax1"":0,""tax2"":0,""tax3"":0,""tax1_amount"":0,""tax2_amount"":0,""tax3_amount"":0,""expiry_date"":"""",""manufacturing_date"":"""",""actual_qty"":""250.000"",""actual_unit_id"":""5790698"",""actual_unit_name"":""GM"",""sap_group_master_id"":0,""category"":""Food"",""yield_qty"":""0"",""discount_application"":""B"",""container_weight"":0,""net_weight"":""250"",""gross_weight"":0,""tax_type"":0,""excise_duty"":0,""tax1_label"":""CGST"",""tax2_label"":""SGST"",""tax3_label"":""IGST""},{""prev_price"":""0.000000"",""item_id"":""46564447"",""itemname"":""Garlic"",""qty"":1,""price"":0,""amount"":0,""discount"":""0.000"",""lbl_unit"":""Kg"",""unit"":""2796367"",""description"":"""",""hsn_code"":"""",""weighted_price"":0,""invoice_date"":""2026-07-03"",""sap_code"":"""",""purchase_doc_number"":"""",""purchase_invoice_number"":"""",""tax1"":0,""tax2"":0,""tax3"":0,""tax1_amount"":0,""tax2_amount"":0,""tax3_amount"":0,""expiry_date"":"""",""manufacturing_date"":"""",""actual_qty"":""1.000"",""actual_unit_id"":""5790692"",""actual_unit_name"":""Kg"",""sap_group_master_id"":0,""category"":""Food"",""rmconv_qty"":""1000"",""rmconv_qty_total"":1000,""rmconv_unit_id"":""2796373"",""rmconv_unit"":""GM"",""yield_qty"":""0"",""discount_application"":""B"",""container_weight"":0,""net_weight"":""1"",""gross_weight"":0,""tax_type"":0,""excise_duty"":0,""tax1_label"":""CGST"",""tax2_label"":""SGST"",""tax3_label"":""IGST""},{""prev_price"":""0.000000"",""item_id"":""46292707"",""itemname"":""Orange Juice"",""qty"":1,""price"":0,""amount"":0,""discount"":""0.000"",""lbl_unit"":""Kg"",""unit"":""2796367"",""description"":"""",""hsn_code"":"""",""weighted_price"":0,""invoice_date"":""2026-07-03"",""sap_code"":"""",""purchase_doc_number"":"""",""purchase_invoice_number"":"""",""tax1"":0,""tax2"":0,""tax3"":0,""tax1_amount"":0,""tax2_amount"":0,""tax3_amount"":0,""expiry_date"":"""",""manufacturing_date"":"""",""actual_qty"":""1.000"",""actual_unit_id"":""5790692"",""actual_unit_name"":""Kg"",""sap_group_master_id"":0,""category"":""Food"",""rmconv_qty"":""1000"",""rmconv_qty_total"":1000,""rmconv_unit_id"":""2796373"",""rmconv_unit"":""GM"",""yield_qty"":""0"",""discount_application"":""B"",""container_weight"":0,""net_weight"":""1"",""gross_weight"":0,""tax_type"":0,""excise_duty"":0,""tax1_label"":""CGST"",""tax2_label"":""SGST"",""tax3_label"":""IGST""},{""prev_price"":""0.000000"",""item_id"":""46293724"",""itemname"":""Tomato Slice"",""qty"":1.5,""price"":0,""amount"":0,""discount"":""0.000"",""lbl_unit"":""Kg"",""unit"":""2796367"",""description"":"""",""hsn_code"":"""",""weighted_price"":0,""invoice_date"":""2026-07-03"",""sap_code"":"""",""purchase_doc_number"":"""",""purchase_invoice_number"":"""",""tax1"":0,""tax2"":0,""tax3"":0,""tax1_amount"":0,""tax2_amount"":0,""tax3_amount"":0,""expiry_date"":"""",""manufacturing_date"":"""",""actual_qty"":""1.500"",""actual_unit_id"":""5790692"",""actual_unit_name"":""Kg"",""sap_group_master_id"":0,""category"":""Food"",""rmconv_qty"":""1000"",""rmconv_qty_total"":1500,""rmconv_unit_id"":""2796373"",""rmconv_unit"":""GM"",""yield_qty"":""0"",""discount_application"":""B"",""container_weight"":0,""net_weight"":""1.5"",""gross_weight"":0,""tax_type"":0,""excise_duty"":0,""tax1_label"":""CGST"",""tax2_label"":""SGST"",""tax3_label"":""IGST""},{""prev_price"":""0.000000"",""item_id"":""46293254"",""itemname"":""Thai Chiili Process"",""qty"":20,""price"":0,""amount"":0,""discount"":""0.000"",""lbl_unit"":""GM"",""unit"":""2796373"",""description"":"""",""hsn_code"":"""",""weighted_price"":0,""invoice_date"":""2026-07-03"",""sap_code"":"""",""purchase_doc_number"":"""",""purchase_invoice_number"":"""",""tax1"":0,""tax2"":0,""tax3"":0,""tax1_amount"":0,""tax2_amount"":0,""tax3_amount"":0,""expiry_date"":"""",""manufacturing_date"":"""",""actual_qty"":""20.000"",""actual_unit_id"":""5790698"",""actual_unit_name"":""GM"",""sap_group_master_id"":0,""category"":""Food"",""yield_qty"":""0"",""discount_application"":""B"",""container_weight"":0,""net_weight"":""20"",""gross_weight"":0,""tax_type"":0,""excise_duty"":0,""tax1_label"":""CGST"",""tax2_label"":""SGST"",""tax3_label"":""IGST""},{""prev_price"":""0.110000"",""item_id"":""46294714"",""itemname"":""Spring Onion ."",""qty"":200,""price"":0.11,""amount"":22,""discount"":""0.000"",""lbl_unit"":""GM"",""unit"":""2796373"",""description"":""spring onion white round 200 gm"",""hsn_code"":"""",""weighted_price"":0.11,""invoice_date"":""2026-07-03"",""sap_code"":"""",""purchase_doc_number"":"""",""purchase_invoice_number"":"""",""tax1"":0,""tax2"":0,""tax3"":0,""tax1_amount"":0,""tax2_amount"":0,""tax3_amount"":0,""expiry_date"":"""",""manufacturing_date"":"""",""actual_qty"":""200.000"",""actual_unit_id"":""5790698"",""actual_unit_name"":""GM"",""sap_group_master_id"":0,""category"":""Food"",""yield_qty"":""0"",""discount_application"":""B"",""container_weight"":0,""net_weight"":""200"",""gross_weight"":0,""tax_type"":0,""excise_duty"":0,""tax1_label"":""CGST"",""tax2_label"":""SGST"",""tax3_label"":""IGST""}]",[],0,0,,,[],[],,,,,,,,,,,,,,,,,,,,,,,,,,,,,,,,,,,,,,,,,,,,,,,,,,,,,,,,,,,,,,,,,,,,,,,,,,,,,,,,,,,,,,,,,,,,,,,,,,,,,,,,,,,,,,,,,,,,,,,,,,,,,,,,,,,,,,,,,,,,,,,,,,,,,,,,,,,,,,,,,,,,,,,,,,,,,,,,,,,,,,,,,,,,,,,,,,,,,,,,,,,,,,,,,,,,,,,,,,,,,,,,,,,,,,,,,,,,,,,,,,,,,,,,,,,,,,,,,,,,,,,,,,,,,,,,,,,,,,,,,,,,,,,,,,,,,,,,,,,,,,,,,,,,,,,,,,,,,,,,,,,,,,,,,,,,,,,,,,,,,,,,,,,,,,,,,,,,,,,,,,,,,,,,,,,,,,,,,,,,,,,,,,,,,,,,,,,,,,,,,,,,,,,,,,,,,,,,,,,,,,,,,,,,,,,,,,,,,,,,,,,,,,,,,,,,,,,,,,,,,,,,,,,,,,,,,,,,,,,,,,,,,,,,,,,,,,,,,,,,,,,,,,,,,,,,,,,,,,,,,,,,,,,,,,,,,,,,,,,,,,,,,,,,,,,,,,,,,,,,,,,,,,,,,,,,,,,,,,,,,,,,,,,,,,,,,,,,,,,,,,,,,,,,,,,,,,,,,,,,,,,,,,,,,,,,,,,,,,,,,,,,,,,,,,,,,,,,,,,,,,,,,,,,,,,,,,,,,,,,,,,,,,,,,,,,,,,,,,,,,,,6a4cc04f-4c7c-4919-8167-346c3c0088f3,60.0.136.243,,,,,,,,,,,,,,,,,,,,,,,,,,,,,,,,,,,,,,,,,,,,,
Aiko (Ahmedabad),134691,134311460,From Sales,117654775,390,,2026-07-02,0,0,Active,Unpaid,,0,0,0,0,0.00,0,0,0,0,2026-07-07 14:28:57,2026-07-07 14:28:57,410700,Kitchen,24AAMCB4304M1ZN,Surat,Aiko (Ahmedabad,Gujarat,U55101GJ2024PTC149642,"102, SANGINI ASPIRE, PAL-HAZIRA ROAD, BESIDE SANSKRUTI TOWNSHIP, PAL, SURAT, Gujarat
",9638077877,,,,Surat,Ahmedabad Bakery,Kitchen,,Gujarat,,"Ason vista, Ahmedabad, Gujarat ",9510355182,0,,1,PO0081023172,PO0081023172,1,,0,0,0,"[{""prev_price"":""0.000000"",""item_id"":""46385105"",""itemname"":""Ferrero Crunch"",""qty"":4,""price"":0,""amount"":0,""discount"":""0.000"",""lbl_unit"":""Piece"",""unit"":""2796366"",""description"":"""",""hsn_code"":"""",""weighted_price"":0,""invoice_date"":""2026-07-02"",""sap_code"":"""",""purchase_doc_number"":"""",""purchase_invoice_number"":"""",""tax1"":0,""tax2"":0,""tax3"":0,""tax1_amount"":0,""tax2_amount"":0,""tax3_amount"":0,""expiry_date"":"""",""manufacturing_date"":"""",""actual_qty"":""4.000"",""actual_unit_id"":""5804663"",""actual_unit_name"":""Piece"",""sap_group_master_id"":0,""category"":""Food"",""yield_qty"":""0"",""discount_application"":""B"",""container_weight"":0,""net_weight"":""4"",""gross_weight"":0,""tax_type"":0,""excise_duty"":0,""tax1_label"":""CGST"",""tax2_label"":""SGST"",""tax3_label"":""IGST""},{""prev_price"":""0.000000"",""item_id"":""46294196"",""itemname"":""Vanilla Cream"",""qty"":900,""price"":0,""amount"":0,""discount"":""0.000"",""lbl_unit"":""GM"",""unit"":""2796373"",""description"":"""",""hsn_code"":"""",""weighted_price"":0,""invoice_date"":""2026-07-02"",""sap_code"":"""",""purchase_doc_number"":"""",""purchase_invoice_number"":"""",""tax1"":0,""tax2"":0,""tax3"":0,""tax1_amount"":0,""tax2_amount"":0,""tax3_amount"":0,""expiry_date"":"""",""manufacturing_date"":"""",""actual_qty"":""600.000"",""actual_unit_id"":""5804670"",""actual_unit_name"":""GM"",""sap_group_master_id"":0,""category"":""Food"",""yield_qty"":""0"",""discount_application"":""B"",""container_weight"":0,""net_weight"":""900"",""gross_weight"":0,""tax_type"":0,""excise_duty"":0,""tax1_label"":""CGST"",""tax2_label"":""SGST"",""tax3_label"":""IGST""},{""prev_price"":""0.000000"",""item_id"":""46386603"",""itemname"":""Raspberry Jam"",""qty"":250,""price"":0,""amount"":0,""discount"":""0.000"",""lbl_unit"":""GM"",""unit"":""2796373"",""description"":"""",""hsn_code"":"""",""weighted_price"":0,""invoice_date"":""2026-07-02"",""sap_code"":"""",""purchase_doc_number"":"""",""purchase_invoice_number"":"""",""tax1"":0,""tax2"":0,""tax3"":0,""tax1_amount"":0,""tax2_amount"":0,""tax3_amount"":0,""expiry_date"":"""",""manufacturing_date"":"""",""actual_qty"":""250.000"",""actual_unit_id"":""5804670"",""actual_unit_name"":""GM"",""sap_group_master_id"":0,""category"":""Food"",""yield_qty"":""0"",""discount_application"":""B"",""container_weight"":0,""net_weight"":""250"",""gross_weight"":0,""tax_type"":0,""excise_duty"":0,""tax1_label"":""CGST"",""tax2_label"":""SGST"",""tax3_label"":""IGST""},{""prev_price"":""0.000000"",""item_id"":""46386611"",""itemname"":""Insert Chocolate"",""qty"":10,""price"":0,""amount"":0,""discount"":""0.000"",""lbl_unit"":""pcs"",""unit"":""3939123"",""description"":"""",""hsn_code"":"""",""weighted_price"":0,""invoice_date"":""2026-07-02"",""sap_code"":"""",""purchase_doc_number"":"""",""purchase_invoice_number"":"""",""tax1"":0,""tax2"":0,""tax3"":0,""tax1_amount"":0,""tax2_amount"":0,""tax3_amount"":0,""expiry_date"":"""",""manufacturing_date"":"""",""actual_qty"":""10.000"",""actual_unit_id"":""6501218"",""actual_unit_name"":""pcs"",""sap_group_master_id"":0,""category"":""Food"",""yield_qty"":""0"",""discount_application"":""B"",""container_weight"":0,""net_weight"":""10"",""gross_weight"":0,""tax_type"":0,""excise_duty"":0,""tax1_label"":""CGST"",""tax2_label"":""SGST"",""tax3_label"":""IGST""}]",[],0,0,,,[],[],,,,,,,,,,,,,,,,,,,,,,,,,,,,,,,,,,,,,,,,,,,,,,,,,,,,,,,,,,,,,,,,,,,,,,,,,,,,,,,,,,,,,,,,,,,,,,,,,,,,,,,,,,,,,,,,,,,,,,,,,,,,,,,,,,,,,,,,,,,,,,,,,,,,,,,,,,,,,,,,,,,,,,,,,,,,,,,,,,,,,,,,,,,,,,,,,,,,,,,,,,,,,,,,,,,,,,,,,,,,,,,,,,,,,,,,,,,,,,,,,,,,,,,,,,,,,,,,,,,,,,,,,,,,,,,,,,,,,,,,,,,,,,,,,,,,,,,,,,,,,,,,,,,,,,,,,,,,,,,,,,,,,,,,,,,,,,,,,,,,,,,,,,,,,,,,,,,,,,,,,,,,,,,,,,,,,,,,,,,,,,,,,,,,,,,,,,,,,,,,,,,,,,,,,,,,,,,,,,,,,,,,,,,,,,,,,,,,,,,,,,,,,,,,,,,,,,,,,,,,,,,,,,,,,,,,,,,,,,,,,,,,,,,,,,,,,,,,,,,,,,,,,,,,,,,,,,,,,,,,,,,,,,,,,,,,,,,,,,,,,,,,,,,,,,,,,,,,,,,,,,,,,,,,,,,,,,,,,,,,,,,,,,,,,,,,,,,,,,,,,,,,,,,,,,,,,,,,,,,,,,,,,,,,,,,,,,,,,,,,,,,,,,,,,,,,,,,,,,,,,,,,,,,,,,,,,,,,,,,,,,,,,,,,,,,,,,,,,,,,,,,,,6a4cbf98-a964-473f-b875-3c993c009e87,60.0.158.135,,,,,,,,,,,,,,,,,,,,,,,,,,,,,,,,,,,,,,,,,,,
Aiko (Ahmedabad),134691,134311293,From Sales,117517853,389,,2026-07-01,0,0,Active,Unpaid,,0,0,0,0,0.00,0,0,0,0,2026-07-07 14:27:56,2026-07-07 14:27:56,410700,Kitchen,24AAMCB4304M1ZN,Surat,Aiko (Ahmedabad,Gujarat,U55101GJ2024PTC149642,"102, SANGINI ASPIRE, PAL-HAZIRA ROAD, BESIDE SANSKRUTI TOWNSHIP, PAL, SURAT, Gujarat
",9638077877,,,,Surat,Ahmedabad Bakery,Kitchen,,Gujarat,,"Ason vista, Ahmedabad, Gujarat ",9510355182,0,,1,PO0081007106,PO0081007106,1,,0,0,0,"[{""prev_price"":""0.000000"",""item_id"":""46385105"",""itemname"":""Ferrero Crunch"",""qty"":4,""price"":0,""amount"":0,""discount"":""0.000"",""lbl_unit"":""Piece"",""unit"":""2796366"",""description"":"""",""hsn_code"":"""",""weighted_price"":0,""invoice_date"":""2026-07-01"",""sap_code"":"""",""purchase_doc_number"":"""",""purchase_invoice_number"":"""",""tax1"":0,""tax2"":0,""tax3"":0,""tax1_amount"":0,""tax2_amount"":0,""tax3_amount"":0,""expiry_date"":"""",""manufacturing_date"":"""",""actual_qty"":""4.000"",""actual_unit_id"":""5804663"",""actual_unit_name"":""Piece"",""sap_group_master_id"":0,""category"":""Food"",""yield_qty"":""0"",""discount_application"":""B"",""container_weight"":0,""net_weight"":""4"",""gross_weight"":0,""tax_type"":0,""excise_duty"":0,""tax1_label"":""CGST"",""tax2_label"":""SGST"",""tax3_label"":""IGST""},{""prev_price"":""0.000000"",""item_id"":""46294196"",""itemname"":""Vanilla Cream"",""qty"":600,""price"":0,""amount"":0,""discount"":""0.000"",""lbl_unit"":""GM"",""unit"":""2796373"",""description"":"""",""hsn_code"":"""",""weighted_price"":0,""invoice_date"":""2026-07-01"",""sap_code"":"""",""purchase_doc_number"":"""",""purchase_invoice_number"":"""",""tax1"":0,""tax2"":0,""tax3"":0,""tax1_amount"":0,""tax2_amount"":0,""tax3_amount"":0,""expiry_date"":"""",""manufacturing_date"":"""",""actual_qty"":""600.000"",""actual_unit_id"":""5804670"",""actual_unit_name"":""GM"",""sap_group_master_id"":0,""category"":""Food"",""yield_qty"":""0"",""discount_application"":""B"",""container_weight"":0,""net_weight"":""600"",""gross_weight"":0,""tax_type"":0,""excise_duty"":0,""tax1_label"":""CGST"",""tax2_label"":""SGST"",""tax3_label"":""IGST""},{""prev_price"":""0.000000"",""item_id"":""46385358"",""itemname"":""Nutella Cream"",""qty"":250,""price"":0,""amount"":0,""discount"":""0.000"",""lbl_unit"":""GM"",""unit"":""2796373"",""description"":"""",""hsn_code"":"""",""weighted_price"":0,""invoice_date"":""2026-07-01"",""sap_code"":"""",""purchase_doc_number"":"""",""purchase_invoice_number"":"""",""tax1"":0,""tax2"":0,""tax3"":0,""tax1_amount"":0,""tax2_amount"":0,""tax3_amount"":0,""expiry_date"":"""",""manufacturing_date"":"""",""actual_qty"":""250.000"",""actual_unit_id"":""5804670"",""actual_unit_name"":""GM"",""sap_group_master_id"":0,""category"":""Food"",""yield_qty"":""0"",""discount_application"":""B"",""container_weight"":0,""net_weight"":""250"",""gross_weight"":0,""tax_type"":0,""excise_duty"":0,""tax1_label"":""CGST"",""tax2_label"":""SGST"",""tax3_label"":""IGST""},{""prev_price"":""0.000000"",""item_id"":""46294195"",""itemname"":""Mango Jam"",""qty"":300,""price"":0,""amount"":0,""discount"":""0.000"",""lbl_unit"":""GM"",""unit"":""2796373"",""description"":"""",""hsn_code"":"""",""weighted_price"":0,""invoice_date"":""2026-07-01"",""sap_code"":"""",""purchase_doc_number"":"""",""purchase_invoice_number"":"""",""tax1"":0,""tax2"":0,""tax3"":0,""tax1_amount"":0,""tax2_amount"":0,""tax3_amount"":0,""expiry_date"":"""",""manufacturing_date"":"""",""actual_qty"":""300.000"",""actual_unit_id"":""5804670"",""actual_unit_name"":""GM"",""sap_group_master_id"":0,""category"":""Food"",""yield_qty"":""0"",""discount_application"":""B"",""container_weight"":0,""net_weight"":""300"",""gross_weight"":0,""tax_type"":0,""excise_duty"":0,""tax1_label"":""CGST"",""tax2_label"":""SGST"",""tax3_label"":""IGST""},{""prev_price"":""0.000000"",""item_id"":""46301789"",""itemname"":""Mango Passion Fruit Jelly"",""qty"":250,""price"":0,""amount"":0,""discount"":""0.000"",""lbl_unit"":""GM"",""unit"":""2796373"",""description"":"""",""hsn_code"":"""",""weighted_price"":0,""invoice_date"":""2026-07-01"",""sap_code"":"""",""purchase_doc_number"":"""",""purchase_invoice_number"":"""",""tax1"":0,""tax2"":0,""tax3"":0,""tax1_amount"":0,""tax2_amount"":0,""tax3_amount"":0,""expiry_date"":"""",""manufacturing_date"":"""",""actual_qty"":""250.000"",""actual_unit_id"":""5804670"",""actual_unit_name"":""GM"",""sap_group_master_id"":0,""category"":""Food"",""yield_qty"":""0"",""discount_application"":""B"",""container_weight"":0,""net_weight"":""250"",""gross_weight"":0,""tax_type"":0,""excise_duty"":0,""tax1_label"":""CGST"",""tax2_label"":""SGST"",""tax3_label"":""IGST""},{""prev_price"":""0.000000"",""item_id"":""46386633"",""itemname"":""Cake Slice"",""qty"":12,""price"":0,""amount"":0,""discount"":""0.000"",""lbl_unit"":""pcs"",""unit"":""3939123"",""description"":"""",""hsn_code"":"""",""weighted_price"":0,""invoice_date"":""2026-07-01"",""sap_code"":"""",""purchase_doc_number"":"""",""purchase_invoice_number"":"""",""tax1"":0,""tax2"":0,""tax3"":0,""tax1_amount"":0,""tax2_amount"":0,""tax3_amount"":0,""expiry_date"":"""",""manufacturing_date"":"""",""sap_group_master_id"":0,""category"":""Food"",""yield_qty"":""0"",""discount_application"":""B"",""container_weight"":0,""net_weight"":""12"",""gross_weight"":0,""tax_type"":0,""excise_duty"":0,""tax1_label"":""CGST"",""tax2_label"":""SGST"",""tax3_label"":""IGST""}]",[],0,0,,,[],[],,,,,,,,,,,,,,,,,,,,,,,,,,,,,,,,,,,,,,,,,,,,,,,,,,,,,,,,,,,,,,,,,,,,,,,,,,,,,,,,,,,,,,,,,,,,,,,,,,,,,,,,,,,,,,,,,,,,,,,,,,,,,,,,,,,,,,,,,,,,,,,,,,,,,,,,,,,,,,,,,,,,,,,,,,,,,,,,,,,,,,,,,,,,,,,,,,,,,,,,,,,,,,,,,,,,,,,,,,,,,,,,,,,,,,,,,,,,,,,,,,,,,,,,,,,,,,,,,,,,,,,,,,,,,,,,,,,,,,,,,,,,,,,,,,,,,,,,,,,,,,,,,,,,,,,,,,,,,,,,,,,,,,,,,,,,,,,,,,,,,,,,,,,,,,,,,,,,,,,,,,,,,,,,,,,,,,,,,,,,,,,,,,,,,,,,,,,,,,,,,,,,,,,,,,,,,,,,,,,,,,,,,,,,,,,,,,,,,,,,,,,,,,,,,,,,,,,,,,,,,,,,,,,,,,,,,,,,,,,,,,,,,,,,,,,,,,,,,,,,,,,,,,,,,,,,,,,,,,,,,,,,,,,,,,,,,,,,,,,,,,,,,,,,,,,,,,,,,,,,,,,,,,,,,,,,,,,,,,,,,,,,,,,,,,,,,,,,,,,,,,,,,,,,,,,,,,,,,,,,,,,,,,,,,,,,,,,,,,,,,,,,,,,,,,,,,,,,,,,,,,,,,,,,,,,,,,,,,,,,,,,,,,,,,,,,,,,,,,,,,,,,,,,6a4cbf7c-cec4-48eb-b296-095d3c009560,60.0.149.96,,,,,,,,,,,,,,,,,,,,,,,,,,,,,,,,,,,,,,,,,
Aiko (Ahmedabad),134691,134311243,From Sales,117679491,388,,2026-07-02,157.3,0,Active,Unpaid,,157.3,0,0,0,0.00,0,0,0,0,2026-07-07 14:27:26,2026-07-07 14:27:26,410150,Kitchen,24AAMCB4304M1ZN,Surat,Aiko (Ahmedabad,Gujarat,U55101GJ2024PTC149642,"102, SANGINI ASPIRE, PAL-HAZIRA ROAD, BESIDE SANSKRUTI TOWNSHIP, PAL, SURAT, Gujarat
",9638077877,,,,Surat,Ahmedabad Prep Kitchen,Kitchen,,Gujarat,,"Ason vista, Sanidhya, Ahmedabad, Gujarat 380058",9510355182,0,,1,PO0080958218,PO0080958218,1,,0,0,0,"[{""prev_price"":""49.000000"",""item_id"":""46294713"",""itemname"":""Tomato"",""qty"":1.7,""price"":49,""amount"":83.3,""discount"":""0.000"",""lbl_unit"":""Kg"",""unit"":""2796367"",""description"":"""",""hsn_code"":"""",""weighted_price"":49,""invoice_date"":""2026-07-02"",""sap_code"":"""",""purchase_doc_number"":"""",""purchase_invoice_number"":"""",""tax1"":0,""tax2"":0,""tax3"":0,""tax1_amount"":0,""tax2_amount"":0,""tax3_amount"":0,""expiry_date"":"""",""manufacturing_date"":"""",""actual_qty"":""1700.000"",""actual_unit_id"":""5790692"",""actual_unit_name"":""Kg"",""sap_group_master_id"":0,""category"":""Food"",""rmconv_qty"":""1000"",""rmconv_qty_total"":1700,""rmconv_unit_id"":""2796373"",""rmconv_unit"":""GM"",""yield_qty"":""0"",""discount_application"":""B"",""container_weight"":0,""net_weight"":""1.7"",""gross_weight"":0,""tax_type"":0,""excise_duty"":0,""tax1_label"":""CGST"",""tax2_label"":""SGST"",""tax3_label"":""IGST""},{""prev_price"":""80.000000"",""item_id"":""46293735"",""itemname"":""Mint Process"",""qty"":0.1,""price"":80,""amount"":8,""discount"":""0.000"",""lbl_unit"":""Kg"",""unit"":""2796367"",""description"":"""",""hsn_code"":"""",""weighted_price"":80,""invoice_date"":""2026-07-02"",""sap_code"":"""",""purchase_doc_number"":"""",""purchase_invoice_number"":"""",""tax1"":0,""tax2"":0,""tax3"":0,""tax1_amount"":0,""tax2_amount"":0,""tax3_amount"":0,""expiry_date"":"""",""manufacturing_date"":"""",""actual_qty"":""100.000"",""actual_unit_id"":""5790692"",""actual_unit_name"":""Kg"",""sap_group_master_id"":0,""category"":""Food"",""rmconv_qty"":""1000"",""rmconv_qty_total"":100,""rmconv_unit_id"":""2796373"",""rmconv_unit"":""GM"",""yield_qty"":""0"",""discount_application"":""B"",""container_weight"":0,""net_weight"":""0.1"",""gross_weight"":0,""tax_type"":0,""excise_duty"":0,""tax1_label"":""CGST"",""tax2_label"":""SGST"",""tax3_label"":""IGST""},{""prev_price"":""0.000000"",""item_id"":""46293728"",""itemname"":""Basil Process"",""qty"":0.1,""price"":0,""amount"":0,""discount"":""0.000"",""lbl_unit"":""Kg"",""unit"":""2796367"",""description"":"""",""hsn_code"":"""",""weighted_price"":0,""invoice_date"":""2026-07-02"",""sap_code"":"""",""purchase_doc_number"":"""",""purchase_invoice_number"":"""",""tax1"":0,""tax2"":0,""tax3"":0,""tax1_amount"":0,""tax2_amount"":0,""tax3_amount"":0,""expiry_date"":"""",""manufacturing_date"":"""",""actual_qty"":""100.000"",""actual_unit_id"":""5790692"",""actual_unit_name"":""Kg"",""sap_group_master_id"":0,""category"":""Food"",""rmconv_qty"":""1000"",""rmconv_qty_total"":100,""rmconv_unit_id"":""2796373"",""rmconv_unit"":""GM"",""yield_qty"":""0"",""discount_application"":""B"",""container_weight"":0,""net_weight"":""0.1"",""gross_weight"":0,""tax_type"":0,""excise_duty"":0,""tax1_label"":""CGST"",""tax2_label"":""SGST"",""tax3_label"":""IGST""},{""prev_price"":""0.000000"",""item_id"":""46293729"",""itemname"":""Coriander Process"",""qty"":0.1,""price"":0,""amount"":0,""discount"":""0.000"",""lbl_unit"":""Kg"",""unit"":""2796367"",""description"":"""",""hsn_code"":"""",""weighted_price"":0,""invoice_date"":""2026-07-02"",""sap_code"":"""",""purchase_doc_number"":"""",""purchase_invoice_number"":"""",""tax1"":0,""tax2"":0,""tax3"":0,""tax1_amount"":0,""tax2_amount"":0,""tax3_amount"":0,""expiry_date"":"""",""manufacturing_date"":"""",""actual_qty"":""100.000"",""actual_unit_id"":""5790692"",""actual_unit_name"":""Kg"",""sap_group_master_id"":0,""category"":""Food"",""rmconv_qty"":""1000"",""rmconv_qty_total"":100,""rmconv_unit_id"":""2796373"",""rmconv_unit"":""GM"",""yield_qty"":""0"",""discount_application"":""B"",""container_weight"":0,""net_weight"":""0.1"",""gross_weight"":0,""tax_type"":0,""excise_duty"":0,""tax1_label"":""CGST"",""tax2_label"":""SGST"",""tax3_label"":""IGST""},{""prev_price"":""0.000000"",""item_id"":""46564447"",""itemname"":""Garlic"",""qty"":1,""price"":0,""amount"":0,""discount"":""0.000"",""lbl_unit"":""Kg"",""unit"":""2796367"",""description"":"""",""hsn_code"":"""",""weighted_price"":0,""invoice_date"":""2026-07-02"",""sap_code"":"""",""purchase_doc_number"":"""",""purchase_invoice_number"":"""",""tax1"":0,""tax2"":0,""tax3"":0,""tax1_amount"":0,""tax2_amount"":0,""tax3_amount"":0,""expiry_date"":"""",""manufacturing_date"":"""",""actual_qty"":""1000.000"",""actual_unit_id"":""5790692"",""actual_unit_name"":""Kg"",""sap_group_master_id"":0,""category"":""Food"",""rmconv_qty"":""1000"",""rmconv_qty_total"":1000,""rmconv_unit_id"":""2796373"",""rmconv_unit"":""GM"",""yield_qty"":""0"",""discount_application"":""B"",""container_weight"":0,""net_weight"":""1"",""gross_weight"":0,""tax_type"":0,""excise_duty"":0,""tax1_label"":""CGST"",""tax2_label"":""SGST"",""tax3_label"":""IGST""},{""prev_price"":""0.000000"",""item_id"":""46292707"",""itemname"":""Orange Juice"",""qty"":1,""price"":0,""amount"":0,""discount"":""0.000"",""lbl_unit"":""Kg"",""unit"":""2796367"",""description"":"""",""hsn_code"":"""",""weighted_price"":0,""invoice_date"":""2026-07-02"",""sap_code"":"""",""purchase_doc_number"":"""",""purchase_invoice_number"":"""",""tax1"":0,""tax2"":0,""tax3"":0,""tax1_amount"":0,""tax2_amount"":0,""tax3_amount"":0,""expiry_date"":"""",""manufacturing_date"":"""",""actual_qty"":""1000.000"",""actual_unit_id"":""5790692"",""actual_unit_name"":""Kg"",""sap_group_master_id"":0,""category"":""Food"",""rmconv_qty"":""1000"",""rmconv_qty_total"":1000,""rmconv_unit_id"":""2796373"",""rmconv_unit"":""GM"",""yield_qty"":""0"",""discount_application"":""B"",""container_weight"":0,""net_weight"":""1"",""gross_weight"":0,""tax_type"":0,""excise_duty"":0,""tax1_label"":""CGST"",""tax2_label"":""SGST"",""tax3_label"":""IGST""},{""prev_price"":""200.000000"",""item_id"":""46295209"",""itemname"":""Button Mushrooms"",""qty"":0.2,""price"":200,""amount"":40,""discount"":""0.000"",""lbl_unit"":""Kg"",""unit"":""2796367"",""description"":"""",""hsn_code"":"""",""weighted_price"":200,""invoice_date"":""2026-07-02"",""sap_code"":"""",""purchase_doc_number"":"""",""purchase_invoice_number"":"""",""tax1"":0,""tax2"":0,""tax3"":0,""tax1_amount"":0,""tax2_amount"":0,""tax3_amount"":0,""expiry_date"":"""",""manufacturing_date"":"""",""actual_qty"":""200.000"",""actual_unit_id"":""5790692"",""actual_unit_name"":""Kg"",""sap_group_master_id"":0,""category"":""Food"",""rmconv_qty"":""1000"",""rmconv_qty_total"":200,""rmconv_unit_id"":""2796373"",""rmconv_unit"":""GM"",""yield_qty"":""0"",""discount_application"":""B"",""container_weight"":0,""net_weight"":""0.2"",""gross_weight"":0,""tax_type"":0,""excise_duty"":0,""tax1_label"":""CGST"",""tax2_label"":""SGST"",""tax3_label"":""IGST""},{""prev_price"":""0.000000"",""item_id"":""46294207"",""itemname"":""Purple Cabbage"",""qty"":0.1,""price"":0,""amount"":0,""discount"":""0.000"",""lbl_unit"":""Qty"",""unit"":""2796384"",""description"":"""",""hsn_code"":"""",""weighted_price"":0,""invoice_date"":""2026-07-02"",""sap_code"":"""",""purchase_doc_number"":"""",""purchase_invoice_number"":"""",""tax1"":0,""tax2"":0,""tax3"":0,""tax1_amount"":0,""tax2_amount"":0,""tax3_amount"":0,""expiry_date"":"""",""manufacturing_date"":"""",""actual_qty"":""100.000"",""actual_unit_id"":""5790709"",""actual_unit_name"":""Qty"",""sap_group_master_id"":0,""category"":""Food"",""yield_qty"":""0"",""discount_application"":""B"",""container_weight"":0,""net_weight"":""0.1"",""gross_weight"":0,""tax_type"":0,""excise_duty"":0,""tax1_label"":""CGST"",""tax2_label"":""SGST"",""tax3_label"":""IGST""},{""prev_price"":""52.000000"",""item_id"":""46294731"",""itemname"":""Carrot"",""qty"":0.5,""price"":52,""amount"":26,""discount"":""0.000"",""lbl_unit"":""Kg"",""unit"":""2796367"",""description"":"""",""hsn_code"":"""",""weighted_price"":52,""invoice_date"":""2026-07-02"",""sap_code"":"""",""purchase_doc_number"":"""",""purchase_invoice_number"":"""",""tax1"":0,""tax2"":0,""tax3"":0,""tax1_amount"":0,""tax2_amount"":0,""tax3_amount"":0,""expiry_date"":"""",""manufacturing_date"":"""",""actual_qty"":""50.000"",""actual_unit_id"":""5790692"",""actual_unit_name"":""Kg"",""sap_group_master_id"":0,""category"":""Food"",""rmconv_qty"":""1000"",""rmconv_qty_total"":500,""rmconv_unit_id"":""2796373"",""rmconv_unit"":""GM"",""yield_qty"":""0"",""discount_application"":""B"",""container_weight"":0,""net_weight"":""0.5"",""gross_weight"":0,""tax_type"":0,""excise_duty"":0,""tax1_label"":""CGST"",""tax2_label"":""SGST"",""tax3_label"":""IGST""},{""prev_price"":""0.000000"",""item_id"":""46293254"",""itemname"":""Thai Chiili Process"",""qty"":0.02,""price"":0,""amount"":0,""discount"":""0.000"",""lbl_unit"":""Kg"",""unit"":""2796367"",""description"":"""",""hsn_code"":"""",""weighted_price"":0,""invoice_date"":""2026-07-02"",""sap_code"":"""",""purchase_doc_number"":"""",""purchase_invoice_number"":"""",""tax1"":0,""tax2"":0,""tax3"":0,""tax1_amount"":0,""tax2_amount"":0,""tax3_amount"":0,""expiry_date"":"""",""manufacturing_date"":"""",""actual_qty"":""20.000"",""actual_unit_id"":""5790692"",""actual_unit_name"":""Kg"",""sap_group_master_id"":0,""category"":""Food"",""rmconv_qty"":""1000"",""rmconv_qty_total"":20,""rmconv_unit_id"":""2796373"",""rmconv_unit"":""GM"",""yield_qty"":""0"",""discount_application"":""B"",""container_weight"":0,""net_weight"":""0.02"",""gross_weight"":0,""tax_type"":0,""excise_duty"":0,""tax1_label"":""CGST"",""tax2_label"":""SGST"",""tax3_label"":""IGST""}]",[],0,0,,,[],[],,,,,,,,,,,,,,,,,,,,,,,,,,,,,,,,,,,,,,,,,,,,,,,,,,,,,,,,,,,,,,,,,,,,,,,,,,,,,,,,,,,,,,,,,,,,,,,,,,,,,,,,,,,,,,,,,,,,,,,,,,,,,,,,,,,,,,,,,,,,,,,,,,,,,,,,,,,,,,,,,,,,,,,,,,,,,,,,,,,,,,,,,,,,,,,,,,,,,,,,,,,,,,,,,,,,,,,,,,,,,,,,,,,,,,,,,,,,,,,,,,,,,,,,,,,,,,,,,,,,,,,,,,,,,,,,,,,,,,,,,,,,,,,,,,,,,,,,,,,,,,,,,,,,,,,,,,,,,,,,,,,,,,,,,,,,,,,,,,,,,,,,,,,,,,,,,,,,,,,,,,,,,,,,,,,,,,,,,,,,,,,,,,,,,,,,,,,,,,,,,,,,,,,,,,,,,,,,,,,,,,,,,,,,,,,,,,,,,,,,,,,,,,,,,,,,,,,,,,,,,,,,,,,,,,,,,,,,,,,,,,,,,,,,,,,,,,,,,,,,,,,,,,,,,,,,,,,,,,,,,,,,,,,,,,,,,,,,,,,,,,,,,,,,,,,,,,,,,,,,,,,,,,,,,,,,,,,,,,,,,,,,,,,,,,,,,,,,,,,,,,,,,,,,,,,,,,,,,,,,,,,,,,,,,,,,,,,,,,,,,,,,,,,,,,,,,,,,,,,,,,,,,,,,,,,,,,,,,,,,,,,,,,,,,,,,,,,,,,,,,,,,,,,,,6a4cbf1c-ea4c-4d8d-a13c-275b3c0088f3,60.0.158.135,,,,,,,,,,,,,,,,,,,,,,,,,,,,,,,,,,,,,,,
Aiko (Ahmedabad),134691,134311005,From Sales,117677540,387,,2026-07-02,8,0,Active,Unpaid,,8,0,0,0,0.00,0,0,0,0,2026-07-07 14:25:49,2026-07-07 14:25:49,410150,Kitchen,24AAMCB4304M1ZN,Surat,Aiko (Ahmedabad,Gujarat,U55101GJ2024PTC149642,"102, SANGINI ASPIRE, PAL-HAZIRA ROAD, BESIDE SANSKRUTI TOWNSHIP, PAL, SURAT, Gujarat
",9638077877,,,,Surat,Ahmedabad Prep Kitchen,Kitchen,,Gujarat,,"Ason vista, Sanidhya, Ahmedabad, Gujarat 380058",9510355182,0,,1,PO0081006553,PO0081006553,1,,0,0,0,"[{""prev_price"":""0.000000"",""item_id"":""46293729"",""itemname"":""Coriander Process"",""qty"":70,""price"":0,""amount"":0,""discount"":""0.000"",""lbl_unit"":""GM"",""unit"":""2796373"",""description"":"""",""hsn_code"":"""",""weighted_price"":0,""invoice_date"":""2026-07-02"",""sap_code"":"""",""purchase_doc_number"":"""",""purchase_invoice_number"":"""",""tax1"":0,""tax2"":0,""tax3"":0,""tax1_amount"":0,""tax2_amount"":0,""tax3_amount"":0,""expiry_date"":"""",""manufacturing_date"":"""",""actual_qty"":""70.000"",""actual_unit_id"":""5790698"",""actual_unit_name"":""GM"",""sap_group_master_id"":0,""category"":""Food"",""yield_qty"":""0"",""discount_application"":""B"",""container_weight"":0,""net_weight"":""70"",""gross_weight"":0,""tax_type"":0,""excise_duty"":0,""tax1_label"":""CGST"",""tax2_label"":""SGST"",""tax3_label"":""IGST""},{""prev_price"":""0.000000"",""item_id"":""46293728"",""itemname"":""Basil Process"",""qty"":100,""price"":0,""amount"":0,""discount"":""0.000"",""lbl_unit"":""GM"",""unit"":""2796373"",""description"":"""",""hsn_code"":"""",""weighted_price"":0,""invoice_date"":""2026-07-02"",""sap_code"":"""",""purchase_doc_number"":"""",""purchase_invoice_number"":"""",""tax1"":0,""tax2"":0,""tax3"":0,""tax1_amount"":0,""tax2_amount"":0,""tax3_amount"":0,""expiry_date"":"""",""manufacturing_date"":"""",""actual_qty"":""100.000"",""actual_unit_id"":""5790698"",""actual_unit_name"":""GM"",""sap_group_master_id"":0,""category"":""Food"",""yield_qty"":""0"",""discount_application"":""B"",""container_weight"":0,""net_weight"":""100"",""gross_weight"":0,""tax_type"":0,""excise_duty"":0,""tax1_label"":""CGST"",""tax2_label"":""SGST"",""tax3_label"":""IGST""},{""prev_price"":""0.080000"",""item_id"":""46293735"",""itemname"":""Mint Process"",""qty"":100,""price"":0.08,""amount"":8,""discount"":""0.000"",""lbl_unit"":""GM"",""unit"":""2796373"",""description"":"""",""hsn_code"":"""",""weighted_price"":0.08,""invoice_date"":""2026-07-02"",""sap_code"":"""",""purchase_doc_number"":"""",""purchase_invoice_number"":"""",""tax1"":0,""tax2"":0,""tax3"":0,""tax1_amount"":0,""tax2_amount"":0,""tax3_amount"":0,""expiry_date"":"""",""manufacturing_date"":"""",""actual_qty"":""100.000"",""actual_unit_id"":""5790698"",""actual_unit_name"":""GM"",""sap_group_master_id"":0,""category"":""Food"",""yield_qty"":""0"",""discount_application"":""B"",""container_weight"":0,""net_weight"":""100"",""gross_weight"":0,""tax_type"":0,""excise_duty"":0,""tax1_label"":""CGST"",""tax2_label"":""SGST"",""tax3_label"":""IGST""},{""prev_price"":""0.000000"",""item_id"":""46293720"",""itemname"":""Purple Cabbage Sliced"",""qty"":100,""price"":0,""amount"":0,""discount"":""0.000"",""lbl_unit"":""GM"",""unit"":""2796373"",""description"":"""",""hsn_code"":"""",""weighted_price"":0,""invoice_date"":""2026-07-02"",""sap_code"":"""",""purchase_doc_number"":"""",""purchase_invoice_number"":"""",""tax1"":0,""tax2"":0,""tax3"":0,""tax1_amount"":0,""tax2_amount"":0,""tax3_amount"":0,""expiry_date"":"""",""manufacturing_date"":"""",""actual_qty"":""100.000"",""actual_unit_id"":""5790698"",""actual_unit_name"":""GM"",""sap_group_master_id"":0,""category"":""Food"",""yield_qty"":""0"",""discount_application"":""B"",""container_weight"":0,""net_weight"":""100"",""gross_weight"":0,""tax_type"":0,""excise_duty"":0,""tax1_label"":""CGST"",""tax2_label"":""SGST"",""tax3_label"":""IGST""},{""prev_price"":""0.000000"",""item_id"":""46293702"",""itemname"":""Button Mushroom Whole"",""qty"":200,""price"":0,""amount"":0,""discount"":""0.000"",""lbl_unit"":""GM"",""unit"":""2796373"",""description"":"""",""hsn_code"":"""",""weighted_price"":0,""invoice_date"":""2026-07-02"",""sap_code"":"""",""purchase_doc_number"":"""",""purchase_invoice_number"":"""",""tax1"":0,""tax2"":0,""tax3"":0,""tax1_amount"":0,""tax2_amount"":0,""tax3_amount"":0,""expiry_date"":"""",""manufacturing_date"":"""",""actual_qty"":""200.000"",""actual_unit_id"":""5790698"",""actual_unit_name"":""GM"",""sap_group_master_id"":0,""category"":""Food"",""yield_qty"":""0"",""discount_application"":""B"",""container_weight"":0,""net_weight"":""200"",""gross_weight"":0,""tax_type"":0,""excise_duty"":0,""tax1_label"":""CGST"",""tax2_label"":""SGST"",""tax3_label"":""IGST""},{""prev_price"":""0.000000"",""item_id"":""46293703"",""itemname"":""Carrot Chop"",""qty"":50,""price"":0,""amount"":0,""discount"":""0.000"",""lbl_unit"":""GM"",""unit"":""2796373"",""description"":"""",""hsn_code"":"""",""weighted_price"":0,""invoice_date"":""2026-07-02"",""sap_code"":"""",""purchase_doc_number"":"""",""purchase_invoice_number"":"""",""tax1"":0,""tax2"":0,""tax3"":0,""tax1_amount"":0,""tax2_amount"":0,""tax3_amount"":0,""expiry_date"":"""",""manufacturing_date"":"""",""actual_qty"":""50.000"",""actual_unit_id"":""5790698"",""actual_unit_name"":""GM"",""sap_group_master_id"":0,""category"":""Food"",""yield_qty"":""0"",""discount_application"":""B"",""container_weight"":0,""net_weight"":""50"",""gross_weight"":0,""tax_type"":0,""excise_duty"":0,""tax1_label"":""CGST"",""tax2_label"":""SGST"",""tax3_label"":""IGST""}]",[],0,0,,,[],[],,,,,,,,,,,,,,,,,,,,,,,,,,,,,,,,,,,,,,,,,,,,,,,,,,,,,,,,,,,,,,,,,,,,,,,,,,,,,,,,,,,,,,,,,,,,,,,,,,,,,,,,,,,,,,,,,,,,,,,,,,,,,,,,,,,,,,,,,,,,,,,,,,,,,,,,,,,,,,,,,,,,,,,,,,,,,,,,,,,,,,,,,,,,,,,,,,,,,,,,,,,,,,,,,,,,,,,,,,,,,,,,,,,,,,,,,,,,,,,,,,,,,,,,,,,,,,,,,,,,,,,,,,,,,,,,,,,,,,,,,,,,,,,,,,,,,,,,,,,,,,,,,,,,,,,,,,,,,,,,,,,,,,,,,,,,,,,,,,,,,,,,,,,,,,,,,,,,,,,,,,,,,,,,,,,,,,,,,,,,,,,,,,,,,,,,,,,,,,,,,,,,,,,,,,,,,,,,,,,,,,,,,,,,,,,,,,,,,,,,,,,,,,,,,,,,,,,,,,,,,,,,,,,,,,,,,,,,,,,,,,,,,,,,,,,,,,,,,,,,,,,,,,,,,,,,,,,,,,,,,,,,,,,,,,,,,,,,,,,,,,,,,,,,,,,,,,,,,,,,,,,,,,,,,,,,,,,,,,,,,,,,,,,,,,,,,,,,,,,,,,,,,,,,,,,,,,,,,,,,,,,,,,,,,,,,,,,,,,,,,,,,,,,,,,,,,,,,,,,,,,,,,,,,,,,,,,,,,,,,,,,,,,,,,,,,,,,,,,,,,,,,,,,,,,,6a4cbefe-ef24-4167-a3b7-368a3c0088f3,60.0.158.135,,,,,,,,,,,,,,,,,,,,,,,,,,,,,,,,,,,,,
Aiko (Ahmedabad),134691,134310957,From Sales,117677395,386,,2026-07-02,25,0,Active,Unpaid,,25,0,0,0,0.00,0,0,0,0,2026-07-07 14:25:21,2026-07-07 14:25:21,410150,Kitchen,24AAMCB4304M1ZN,Surat,Aiko (Ahmedabad,Gujarat,U55101GJ2024PTC149642,"102, SANGINI ASPIRE, PAL-HAZIRA ROAD, BESIDE SANSKRUTI TOWNSHIP, PAL, SURAT, Gujarat
",9638077877,,,,Surat,Ahmedabad Prep Kitchen,Kitchen,,Gujarat,,"Ason vista, Sanidhya, Ahmedabad, Gujarat 380058",9510355182,0,,1,PO0081007622,PO0081007622,1,,0,0,0,"[{""prev_price"":""0.000000"",""item_id"":""46293743"",""itemname"":""Onion Fry"",""qty"":3,""price"":0,""amount"":0,""discount"":""0.000"",""lbl_unit"":""Kg"",""unit"":""2796367"",""description"":""Pass prep(priority)"",""hsn_code"":"""",""weighted_price"":0,""invoice_date"":""2026-07-02"",""sap_code"":"""",""purchase_doc_number"":"""",""purchase_invoice_number"":"""",""tax1"":0,""tax2"":0,""tax3"":0,""tax1_amount"":0,""tax2_amount"":0,""tax3_amount"":0,""expiry_date"":"""",""manufacturing_date"":"""",""actual_qty"":""3.000"",""actual_unit_id"":""5790692"",""actual_unit_name"":""Kg"",""sap_group_master_id"":0,""category"":""Food"",""rmconv_qty"":""1000"",""rmconv_qty_total"":3000,""rmconv_unit_id"":""2796373"",""rmconv_unit"":""GM"",""yield_qty"":""0"",""discount_application"":""B"",""container_weight"":0,""net_weight"":""3"",""gross_weight"":0,""tax_type"":0,""excise_duty"":0,""tax1_label"":""CGST"",""tax2_label"":""SGST"",""tax3_label"":""IGST""},{""prev_price"":""0.000000"",""item_id"":""46292745"",""itemname"":""Chopped Spring Onion"",""qty"":0.3,""price"":0,""amount"":0,""discount"":""0.000"",""lbl_unit"":""Kg"",""unit"":""2796367"",""description"":"""",""hsn_code"":"""",""weighted_price"":0,""invoice_date"":""2026-07-02"",""sap_code"":"""",""purchase_doc_number"":"""",""purchase_invoice_number"":"""",""tax1"":0,""tax2"":0,""tax3"":0,""tax1_amount"":0,""tax2_amount"":0,""tax3_amount"":0,""expiry_date"":"""",""manufacturing_date"":"""",""actual_qty"":""0.300"",""actual_unit_id"":""5790692"",""actual_unit_name"":""Kg"",""sap_group_master_id"":0,""category"":""Food"",""rmconv_qty"":""1000"",""rmconv_qty_total"":300,""rmconv_unit_id"":""2796373"",""rmconv_unit"":""GM"",""yield_qty"":""0"",""discount_application"":""B"",""container_weight"":0,""net_weight"":""0.3"",""gross_weight"":0,""tax_type"":0,""excise_duty"":0,""tax1_label"":""CGST"",""tax2_label"":""SGST"",""tax3_label"":""IGST""},{""prev_price"":""0.000000"",""item_id"":""46293766"",""itemname"":""Spring Onion Slit"",""qty"":0.3,""price"":0,""amount"":0,""discount"":""0.000"",""lbl_unit"":""Kg"",""unit"":""2796367"",""description"":"""",""hsn_code"":"""",""weighted_price"":0,""invoice_date"":""2026-07-02"",""sap_code"":"""",""purchase_doc_number"":"""",""purchase_invoice_number"":"""",""tax1"":0,""tax2"":0,""tax3"":0,""tax1_amount"":0,""tax2_amount"":0,""tax3_amount"":0,""expiry_date"":"""",""manufacturing_date"":"""",""actual_qty"":""0.300"",""actual_unit_id"":""5790692"",""actual_unit_name"":""Kg"",""sap_group_master_id"":0,""category"":""Food"",""rmconv_qty"":""1000"",""rmconv_qty_total"":300,""rmconv_unit_id"":""2796373"",""rmconv_unit"":""GM"",""yield_qty"":""0"",""discount_application"":""B"",""container_weight"":0,""net_weight"":""0.3"",""gross_weight"":0,""tax_type"":0,""excise_duty"":0,""tax1_label"":""CGST"",""tax2_label"":""SGST"",""tax3_label"":""IGST""},{""prev_price"":""0.000000"",""item_id"":""46293729"",""itemname"":""Coriander Process"",""qty"":0.1,""price"":0,""amount"":0,""discount"":""0.000"",""lbl_unit"":""Kg"",""unit"":""2796367"",""description"":"""",""hsn_code"":"""",""weighted_price"":0,""invoice_date"":""2026-07-02"",""sap_code"":"""",""purchase_doc_number"":"""",""purchase_invoice_number"":"""",""tax1"":0,""tax2"":0,""tax3"":0,""tax1_amount"":0,""tax2_amount"":0,""tax3_amount"":0,""expiry_date"":"""",""manufacturing_date"":"""",""actual_qty"":""0.100"",""actual_unit_id"":""5790692"",""actual_unit_name"":""Kg"",""sap_group_master_id"":0,""category"":""Food"",""rmconv_qty"":""1000"",""rmconv_qty_total"":100,""rmconv_unit_id"":""2796373"",""rmconv_unit"":""GM"",""yield_qty"":""0"",""discount_application"":""B"",""container_weight"":0,""net_weight"":""0.1"",""gross_weight"":0,""tax_type"":0,""excise_duty"":0,""tax1_label"":""CGST"",""tax2_label"":""SGST"",""tax3_label"":""IGST""},{""prev_price"":""100.000000"",""item_id"":""46293741"",""itemname"":""Lemon Whole"",""qty"":0.25,""price"":100,""amount"":25,""discount"":""0.000"",""lbl_unit"":""Kg"",""unit"":""2796367"",""description"":""10pcs"",""hsn_code"":"""",""weighted_price"":100,""invoice_date"":""2026-07-02"",""sap_code"":"""",""purchase_doc_number"":"""",""purchase_invoice_number"":"""",""tax1"":0,""tax2"":0,""tax3"":0,""tax1_amount"":0,""tax2_amount"":0,""tax3_amount"":0,""expiry_date"":"""",""manufacturing_date"":"""",""actual_qty"":""0.250"",""actual_unit_id"":""5790692"",""actual_unit_name"":""Kg"",""sap_group_master_id"":0,""category"":""Food"",""rmconv_qty"":""1000"",""rmconv_qty_total"":250,""rmconv_unit_id"":""2796373"",""rmconv_unit"":""GM"",""yield_qty"":""0"",""discount_application"":""B"",""container_weight"":0,""net_weight"":""0.25"",""gross_weight"":0,""tax_type"":0,""excise_duty"":0,""tax1_label"":""CGST"",""tax2_label"":""SGST"",""tax3_label"":""IGST""}]",[],0,0,,,[],[],,,,,,,,,,,,,,,,,,,,,,,,,,,,,,,,,,,,,,,,,,,,,,,,,,,,,,,,,,,,,,,,,,,,,,,,,,,,,,,,,,,,,,,,,,,,,,,,,,,,,,,,,,,,,,,,,,,,,,,,,,,,,,,,,,,,,,,,,,,,,,,,,,,,,,,,,,,,,,,,,,,,,,,,,,,,,,,,,,,,,,,,,,,,,,,,,,,,,,,,,,,,,,,,,,,,,,,,,,,,,,,,,,,,,,,,,,,,,,,,,,,,,,,,,,,,,,,,,,,,,,,,,,,,,,,,,,,,,,,,,,,,,,,,,,,,,,,,,,,,,,,,,,,,,,,,,,,,,,,,,,,,,,,,,,,,,,,,,,,,,,,,,,,,,,,,,,,,,,,,,,,,,,,,,,,,,,,,,,,,,,,,,,,,,,,,,,,,,,,,,,,,,,,,,,,,,,,,,,,,,,,,,,,,,,,,,,,,,,,,,,,,,,,,,,,,,,,,,,,,,,,,,,,,,,,,,,,,,,,,,,,,,,,,,,,,,,,,,,,,,,,,,,,,,,,,,,,,,,,,,,,,,,,,,,,,,,,,,,,,,,,,,,,,,,,,,,,,,,,,,,,,,,,,,,,,,,,,,,,,,,,,,,,,,,,,,,,,,,,,,,,,,,,,,,,,,,,,,,,,,,,,,,,,,,,,,,,,,,,,,,,,,,,,,,,,,,,,,,,,,,,,,,,,,,,,,,,,,,,,,,,,,,,,,,,,,,,,,,,,,,,,,,,,,,,,,6a4cbedf-ad4c-4a02-be3c-44013c009e87,60.0.158.135,,,,,,,,,,,,,,,,,,,,,,,,,,,,,,,,,,,
Aiko (Ahmedabad),134691,134310862,From Sales,117677602,385,,2026-07-02,1590,0,Active,Unpaid,,1590,0,0,0,0.00,0,0,0,0,2026-07-07 14:24:49,2026-07-07 14:24:49,410150,Kitchen,24AAMCB4304M1ZN,Surat,Aiko (Ahmedabad,Gujarat,U55101GJ2024PTC149642,"102, SANGINI ASPIRE, PAL-HAZIRA ROAD, BESIDE SANSKRUTI TOWNSHIP, PAL, SURAT, Gujarat
",9638077877,,,,Surat,Ahmedabad Prep Kitchen,Kitchen,,Gujarat,,"Ason vista, Sanidhya, Ahmedabad, Gujarat 380058",9510355182,0,,1,PO0081005554,PO0081005554,1,,0,0,0,"[{""prev_price"":""100.000000"",""item_id"":""46292699"",""itemname"":""Coriander"",""qty"":0.1,""price"":100,""amount"":10,""discount"":""0.000"",""lbl_unit"":""Kg"",""unit"":""2796367"",""description"":"""",""hsn_code"":"""",""weighted_price"":100,""invoice_date"":""2026-07-02"",""sap_code"":"""",""purchase_doc_number"":"""",""purchase_invoice_number"":"""",""tax1"":0,""tax2"":0,""tax3"":0,""tax1_amount"":0,""tax2_amount"":0,""tax3_amount"":0,""expiry_date"":"""",""manufacturing_date"":"""",""actual_qty"":""0.100"",""actual_unit_id"":""5790692"",""actual_unit_name"":""Kg"",""sap_group_master_id"":0,""category"":""Food"",""rmconv_qty"":""1000"",""rmconv_qty_total"":100,""rmconv_unit_id"":""2796373"",""rmconv_unit"":""GM"",""yield_qty"":""0"",""discount_application"":""B"",""container_weight"":0,""net_weight"":""0.1"",""gross_weight"":0,""tax_type"":0,""excise_duty"":0,""tax1_label"":""CGST"",""tax2_label"":""SGST"",""tax3_label"":""IGST""},{""prev_price"":""960.000000"",""item_id"":""46295722"",""itemname"":""Alphonso Mango"",""qty"":1,""price"":960,""amount"":960,""discount"":""0.000"",""lbl_unit"":""dozen"",""unit"":""5523062"",""description"":"""",""hsn_code"":"""",""weighted_price"":960,""invoice_date"":""2026-07-02"",""sap_code"":"""",""purchase_doc_number"":"""",""purchase_invoice_number"":"""",""tax1"":0,""tax2"":0,""tax3"":0,""tax1_amount"":0,""tax2_amount"":0,""tax3_amount"":0,""expiry_date"":"""",""manufacturing_date"":"""",""actual_qty"":""1.000"",""actual_unit_id"":""6058571"",""actual_unit_name"":""dozen"",""sap_group_master_id"":0,""category"":""Food"",""yield_qty"":""0"",""discount_application"":""B"",""container_weight"":0,""net_weight"":""1"",""gross_weight"":0,""tax_type"":0,""excise_duty"":0,""tax1_label"":""CGST"",""tax2_label"":""SGST"",""tax3_label"":""IGST""},{""prev_price"":""60.000000"",""item_id"":""46295194"",""itemname"":""Beetroot"",""qty"":1,""price"":60,""amount"":60,""discount"":""0.000"",""lbl_unit"":""Kg"",""unit"":""2796367"",""description"":"""",""hsn_code"":"""",""weighted_price"":60,""invoice_date"":""2026-07-02"",""sap_code"":"""",""purchase_doc_number"":"""",""purchase_invoice_number"":"""",""tax1"":0,""tax2"":0,""tax3"":0,""tax1_amount"":0,""tax2_amount"":0,""tax3_amount"":0,""expiry_date"":"""",""manufacturing_date"":"""",""actual_qty"":""1.000"",""actual_unit_id"":""5790692"",""actual_unit_name"":""Kg"",""sap_group_master_id"":0,""category"":""Food"",""rmconv_qty"":""1000"",""rmconv_qty_total"":1000,""rmconv_unit_id"":""2796373"",""rmconv_unit"":""GM"",""yield_qty"":""0"",""discount_application"":""B"",""container_weight"":0,""net_weight"":""1"",""gross_weight"":0,""tax_type"":0,""excise_duty"":0,""tax1_label"":""CGST"",""tax2_label"":""SGST"",""tax3_label"":""IGST""},{""prev_price"":""0.000000"",""item_id"":""46293736"",""itemname"":""Spring Onion 1/2"",""qty"":0.1,""price"":0,""amount"":0,""discount"":""0.000"",""lbl_unit"":""Kg"",""unit"":""2796367"",""description"":"""",""hsn_code"":"""",""weighted_price"":0,""invoice_date"":""2026-07-02"",""sap_code"":"""",""purchase_doc_number"":"""",""purchase_invoice_number"":"""",""tax1"":0,""tax2"":0,""tax3"":0,""tax1_amount"":0,""tax2_amount"":0,""tax3_amount"":0,""expiry_date"":"""",""manufacturing_date"":"""",""actual_qty"":""0.100"",""actual_unit_id"":""5790692"",""actual_unit_name"":""Kg"",""sap_group_master_id"":0,""category"":""Food"",""rmconv_qty"":""1000"",""rmconv_qty_total"":100,""rmconv_unit_id"":""2796373"",""rmconv_unit"":""GM"",""yield_qty"":""0"",""discount_application"":""B"",""container_weight"":0,""net_weight"":""0.1"",""gross_weight"":0,""tax_type"":0,""excise_duty"":0,""tax1_label"":""CGST"",""tax2_label"":""SGST"",""tax3_label"":""IGST""},{""prev_price"":""560.000000"",""item_id"":""46293245"",""itemname"":""Fresh Jalepenos Green"",""qty"":1,""price"":560,""amount"":560,""discount"":""0.000"",""lbl_unit"":""Kg"",""unit"":""2796367"",""description"":"""",""hsn_code"":"""",""weighted_price"":560,""invoice_date"":""2026-07-02"",""sap_code"":"""",""purchase_doc_number"":"""",""purchase_invoice_number"":"""",""tax1"":0,""tax2"":0,""tax3"":0,""tax1_amount"":0,""tax2_amount"":0,""tax3_amount"":0,""expiry_date"":"""",""manufacturing_date"":"""",""actual_qty"":""1.000"",""actual_unit_id"":""5790692"",""actual_unit_name"":""Kg"",""sap_group_master_id"":0,""category"":""Food"",""rmconv_qty"":""1000"",""rmconv_qty_total"":1000,""rmconv_unit_id"":""2796373"",""rmconv_unit"":""GM"",""yield_qty"":""0"",""discount_application"":""B"",""container_weight"":0,""net_weight"":""1"",""gross_weight"":0,""tax_type"":0,""excise_duty"":0,""tax1_label"":""CGST"",""tax2_label"":""SGST"",""tax3_label"":""IGST""}]",[],0,0,,,[],[],,,,,,,,,,,,,,,,,,,,,,,,,,,,,,,,,,,,,,,,,,,,,,,,,,,,,,,,,,,,,,,,,,,,,,,,,,,,,,,,,,,,,,,,,,,,,,,,,,,,,,,,,,,,,,,,,,,,,,,,,,,,,,,,,,,,,,,,,,,,,,,,,,,,,,,,,,,,,,,,,,,,,,,,,,,,,,,,,,,,,,,,,,,,,,,,,,,,,,,,,,,,,,,,,,,,,,,,,,,,,,,,,,,,,,,,,,,,,,,,,,,,,,,,,,,,,,,,,,,,,,,,,,,,,,,,,,,,,,,,,,,,,,,,,,,,,,,,,,,,,,,,,,,,,,,,,,,,,,,,,,,,,,,,,,,,,,,,,,,,,,,,,,,,,,,,,,,,,,,,,,,,,,,,,,,,,,,,,,,,,,,,,,,,,,,,,,,,,,,,,,,,,,,,,,,,,,,,,,,,,,,,,,,,,,,,,,,,,,,,,,,,,,,,,,,,,,,,,,,,,,,,,,,,,,,,,,,,,,,,,,,,,,,,,,,,,,,,,,,,,,,,,,,,,,,,,,,,,,,,,,,,,,,,,,,,,,,,,,,,,,,,,,,,,,,,,,,,,,,,,,,,,,,,,,,,,,,,,,,,,,,,,,,,,,,,,,,,,,,,,,,,,,,,,,,,,,,,,,,,,,,,,,,,,,,,,,,,,,,,,,,,,,,,,,,,,,,,,,,,,,,,,,,,,,,,,,,,,,,,,,,,,,,,,,,,,,,,,,,,,,,,,,,,,,,,,,,6a4cbec2-50b0-4dad-9917-12133c008c93,60.0.136.243,,,,,,,,,,,,,,,,,,,,,,,,,,,,,,,,,
Aiko (Ahmedabad),134691,134310781,From Sales,117677220,384,,2026-07-02,1200,0,Active,Unpaid,,1200,0,0,0,0.00,0,0,0,0,2026-07-07 14:24:19,2026-07-07 14:24:19,410150,Kitchen,24AAMCB4304M1ZN,Surat,Aiko (Ahmedabad,Gujarat,U55101GJ2024PTC149642,"102, SANGINI ASPIRE, PAL-HAZIRA ROAD, BESIDE SANSKRUTI TOWNSHIP, PAL, SURAT, Gujarat
",9638077877,,,,Surat,Ahmedabad Prep Kitchen,Kitchen,,Gujarat,,"Ason vista, Sanidhya, Ahmedabad, Gujarat 380058",9510355182,0,,1,PO0081023105,PO0081023105,1,,0,0,0,"[{""prev_price"":""0.000000"",""item_id"":""46293708"",""itemname"":""Cucumber Slice"",""qty"":2.5,""price"":0,""amount"":0,""discount"":""0.000"",""lbl_unit"":""Kg"",""unit"":""2796367"",""description"":"""",""hsn_code"":"""",""weighted_price"":0,""invoice_date"":""2026-07-02"",""sap_code"":"""",""purchase_doc_number"":"""",""purchase_invoice_number"":"""",""tax1"":0,""tax2"":0,""tax3"":0,""tax1_amount"":0,""tax2_amount"":0,""tax3_amount"":0,""expiry_date"":"""",""manufacturing_date"":"""",""actual_qty"":""2.500"",""actual_unit_id"":""5790692"",""actual_unit_name"":""Kg"",""sap_group_master_id"":0,""category"":""Food"",""rmconv_qty"":""1000"",""rmconv_qty_total"":2500,""rmconv_unit_id"":""2796373"",""rmconv_unit"":""GM"",""yield_qty"":""0"",""discount_application"":""B"",""container_weight"":0,""net_weight"":""2.5"",""gross_weight"":0,""tax_type"":0,""excise_duty"":0,""tax1_label"":""CGST"",""tax2_label"":""SGST"",""tax3_label"":""IGST""},{""prev_price"":""1050.000000"",""item_id"":""46294189"",""itemname"":""Italian Lemon"",""qty"":1,""price"":1050,""amount"":1050,""discount"":""0.000"",""lbl_unit"":""Kg"",""unit"":""2796367"",""description"":"""",""hsn_code"":"""",""weighted_price"":1050,""invoice_date"":""2026-07-02"",""sap_code"":"""",""purchase_doc_number"":"""",""purchase_invoice_number"":"""",""tax1"":0,""tax2"":0,""tax3"":0,""tax1_amount"":0,""tax2_amount"":0,""tax3_amount"":0,""expiry_date"":"""",""manufacturing_date"":"""",""actual_qty"":""1.000"",""actual_unit_id"":""5790692"",""actual_unit_name"":""Kg"",""sap_group_master_id"":0,""category"":""Food"",""rmconv_qty"":""1000"",""rmconv_qty_total"":1000,""rmconv_unit_id"":""2796373"",""rmconv_unit"":""GM"",""yield_qty"":""0"",""discount_application"":""B"",""container_weight"":0,""net_weight"":""1"",""gross_weight"":0,""tax_type"":0,""excise_duty"":0,""tax1_label"":""CGST"",""tax2_label"":""SGST"",""tax3_label"":""IGST""},{""prev_price"":""0.000000"",""item_id"":""46293763"",""itemname"":""Mint Bunch"",""qty"":1,""price"":0,""amount"":0,""discount"":""0.000"",""lbl_unit"":""pcs"",""unit"":""3939123"",""description"":"""",""hsn_code"":"""",""weighted_price"":0,""invoice_date"":""2026-07-02"",""sap_code"":"""",""purchase_doc_number"":"""",""purchase_invoice_number"":"""",""tax1"":0,""tax2"":0,""tax3"":0,""tax1_amount"":0,""tax2_amount"":0,""tax3_amount"":0,""expiry_date"":"""",""manufacturing_date"":"""",""actual_qty"":""1.000"",""actual_unit_id"":""6058570"",""actual_unit_name"":""pcs"",""sap_group_master_id"":0,""category"":""Food"",""yield_qty"":""0"",""discount_application"":""B"",""container_weight"":0,""net_weight"":""1"",""gross_weight"":0,""tax_type"":0,""excise_duty"":0,""tax1_label"":""CGST"",""tax2_label"":""SGST"",""tax3_label"":""IGST""},{""prev_price"":""150.000000"",""item_id"":""46293761"",""itemname"":""Edible Flower"",""qty"":1,""price"":150,""amount"":150,""discount"":""0.000"",""lbl_unit"":""Pkt"",""unit"":""6580251"",""description"":"""",""hsn_code"":"""",""weighted_price"":150,""invoice_date"":""2026-07-02"",""sap_code"":"""",""purchase_doc_number"":"""",""purchase_invoice_number"":"""",""tax1"":0,""tax2"":0,""tax3"":0,""tax1_amount"":0,""tax2_amount"":0,""tax3_amount"":0,""expiry_date"":"""",""manufacturing_date"":"""",""actual_qty"":""1.000"",""actual_unit_id"":""6694691"",""actual_unit_name"":""Pkt"",""sap_group_master_id"":0,""category"":""Food"",""yield_qty"":""0"",""discount_application"":""B"",""container_weight"":0,""net_weight"":""1"",""gross_weight"":0,""tax_type"":0,""excise_duty"":0,""tax1_label"":""CGST"",""tax2_label"":""SGST"",""tax3_label"":""IGST""},{""prev_price"":""0.000000"",""item_id"":""46292691"",""itemname"":""Kafir Lime Leaves."",""qty"":10,""price"":0,""amount"":0,""discount"":""0.000"",""lbl_unit"":""GM"",""unit"":""2796373"",""description"":"""",""hsn_code"":"""",""weighted_price"":0,""invoice_date"":""2026-07-02"",""sap_code"":"""",""purchase_doc_number"":"""",""purchase_invoice_number"":"""",""tax1"":0,""tax2"":0,""tax3"":0,""tax1_amount"":0,""tax2_amount"":0,""tax3_amount"":0,""expiry_date"":"""",""manufacturing_date"":"""",""actual_qty"":""10.000"",""actual_unit_id"":""5790698"",""actual_unit_name"":""GM"",""sap_group_master_id"":0,""category"":""Food"",""yield_qty"":""0"",""discount_application"":""B"",""container_weight"":0,""net_weight"":""10"",""gross_weight"":0,""tax_type"":0,""excise_duty"":0,""tax1_label"":""CGST"",""tax2_label"":""SGST"",""tax3_label"":""IGST""}]",[],0,0,,,[],[],,,,,,,,,,,,,,,,,,,,,,,,,,,,,,,,,,,,,,,,,,,,,,,,,,,,,,,,,,,,,,,,,,,,,,,,,,,,,,,,,,,,,,,,,,,,,,,,,,,,,,,,,,,,,,,,,,,,,,,,,,,,,,,,,,,,,,,,,,,,,,,,,,,,,,,,,,,,,,,,,,,,,,,,,,,,,,,,,,,,,,,,,,,,,,,,,,,,,,,,,,,,,,,,,,,,,,,,,,,,,,,,,,,,,,,,,,,,,,,,,,,,,,,,,,,,,,,,,,,,,,,,,,,,,,,,,,,,,,,,,,,,,,,,,,,,,,,,,,,,,,,,,,,,,,,,,,,,,,,,,,,,,,,,,,,,,,,,,,,,,,,,,,,,,,,,,,,,,,,,,,,,,,,,,,,,,,,,,,,,,,,,,,,,,,,,,,,,,,,,,,,,,,,,,,,,,,,,,,,,,,,,,,,,,,,,,,,,,,,,,,,,,,,,,,,,,,,,,,,,,,,,,,,,,,,,,,,,,,,,,,,,,,,,,,,,,,,,,,,,,,,,,,,,,,,,,,,,,,,,,,,,,,,,,,,,,,,,,,,,,,,,,,,,,,,,,,,,,,,,,,,,,,,,,,,,,,,,,,,,,,,,,,,,,,,,,,,,,,,,,,,,,,,,,,,,,,,,,,,,,,,,,,,,,,,,,,,,,,,,,,,,,,,,,,,,,,,,,,,,,,,,,,,,,,,,,,,,,,,,,,,,,,,,,,,,,,,,,,,,,,,,,,,,,,,,,,,,,6a4cbe9e-baa4-4aa7-ac50-32133c0088f3,60.0.136.243,,,,,,,,,,,,,,,,,,,,,,,,,,,,,,,
Aiko (Ahmedabad),134691,134310701,From Sales,117677348,383,,2026-07-02,1620,0,Active,Unpaid,,1620,0,0,0,0.00,0,0,0,0,2026-07-07 14:23:45,2026-07-07 14:23:45,410150,Kitchen,24AAMCB4304M1ZN,Surat,Aiko (Ahmedabad,Gujarat,U55101GJ2024PTC149642,"102, SANGINI ASPIRE, PAL-HAZIRA ROAD, BESIDE SANSKRUTI TOWNSHIP, PAL, SURAT, Gujarat
",9638077877,,,,Surat,Ahmedabad Prep Kitchen,Kitchen,,Gujarat,,"Ason vista, Sanidhya, Ahmedabad, Gujarat 380058",9510355182,0,,1,PO0081022522,PO0081022522,1,,0,0,0,"[{""prev_price"":""960.000000"",""item_id"":""46295722"",""itemname"":""Alphonso Mango"",""qty"":1,""price"":960,""amount"":960,""discount"":""0.000"",""lbl_unit"":""dozen"",""unit"":""5523062"",""description"":"""",""hsn_code"":"""",""weighted_price"":960,""invoice_date"":""2026-07-02"",""sap_code"":"""",""purchase_doc_number"":"""",""purchase_invoice_number"":"""",""tax1"":0,""tax2"":0,""tax3"":0,""tax1_amount"":0,""tax2_amount"":0,""tax3_amount"":0,""expiry_date"":"""",""manufacturing_date"":"""",""actual_qty"":""1.000"",""actual_unit_id"":""6058571"",""actual_unit_name"":""dozen"",""sap_group_master_id"":0,""category"":""Food"",""yield_qty"":""0"",""discount_application"":""B"",""container_weight"":0,""net_weight"":""1"",""gross_weight"":0,""tax_type"":0,""excise_duty"":0,""tax1_label"":""CGST"",""tax2_label"":""SGST"",""tax3_label"":""IGST""},{""prev_price"":""0.000000"",""item_id"":""46293704"",""itemname"":""Carrot Slice"",""qty"":100,""price"":0,""amount"":0,""discount"":""0.000"",""lbl_unit"":""GM"",""unit"":""2796373"",""description"":"""",""hsn_code"":"""",""weighted_price"":0,""invoice_date"":""2026-07-02"",""sap_code"":"""",""purchase_doc_number"":"""",""purchase_invoice_number"":"""",""tax1"":0,""tax2"":0,""tax3"":0,""tax1_amount"":0,""tax2_amount"":0,""tax3_amount"":0,""expiry_date"":"""",""manufacturing_date"":"""",""actual_qty"":""100.000"",""actual_unit_id"":""5790698"",""actual_unit_name"":""GM"",""sap_group_master_id"":0,""category"":""Food"",""yield_qty"":""0"",""discount_application"":""B"",""container_weight"":0,""net_weight"":""100"",""gross_weight"":0,""tax_type"":0,""excise_duty"":0,""tax1_label"":""CGST"",""tax2_label"":""SGST"",""tax3_label"":""IGST""},{""prev_price"":""0.000000"",""item_id"":""46293729"",""itemname"":""Coriander Process"",""qty"":100,""price"":0,""amount"":0,""discount"":""0.000"",""lbl_unit"":""GM"",""unit"":""2796373"",""description"":"""",""hsn_code"":"""",""weighted_price"":0,""invoice_date"":""2026-07-02"",""sap_code"":"""",""purchase_doc_number"":"""",""purchase_invoice_number"":"""",""tax1"":0,""tax2"":0,""tax3"":0,""tax1_amount"":0,""tax2_amount"":0,""tax3_amount"":0,""expiry_date"":"""",""manufacturing_date"":"""",""actual_qty"":""100.000"",""actual_unit_id"":""5790698"",""actual_unit_name"":""GM"",""sap_group_master_id"":0,""category"":""Food"",""yield_qty"":""0"",""discount_application"":""B"",""container_weight"":0,""net_weight"":""100"",""gross_weight"":0,""tax_type"":0,""excise_duty"":0,""tax1_label"":""CGST"",""tax2_label"":""SGST"",""tax3_label"":""IGST""},{""prev_price"":""50.000000"",""item_id"":""46293247"",""itemname"":""Cucumber"",""qty"":1,""price"":50,""amount"":50,""discount"":""0.000"",""lbl_unit"":""Kg"",""unit"":""2796367"",""description"":"""",""hsn_code"":"""",""weighted_price"":50,""invoice_date"":""2026-07-02"",""sap_code"":"""",""purchase_doc_number"":"""",""purchase_invoice_number"":"""",""tax1"":0,""tax2"":0,""tax3"":0,""tax1_amount"":0,""tax2_amount"":0,""tax3_amount"":0,""expiry_date"":"""",""manufacturing_date"":"""",""actual_qty"":""1.000"",""actual_unit_id"":""5790692"",""actual_unit_name"":""Kg"",""sap_group_master_id"":0,""category"":""Food"",""rmconv_qty"":""1000"",""rmconv_qty_total"":1000,""rmconv_unit_id"":""2796373"",""rmconv_unit"":""GM"",""yield_qty"":""0"",""discount_application"":""B"",""container_weight"":0,""net_weight"":""1"",""gross_weight"":0,""tax_type"":0,""excise_duty"":0,""tax1_label"":""CGST"",""tax2_label"":""SGST"",""tax3_label"":""IGST""},{""prev_price"":""0.560000"",""item_id"":""46293245"",""itemname"":""Fresh Jalepenos Green"",""qty"":500,""price"":0.56,""amount"":280,""discount"":""0.000"",""lbl_unit"":""GM"",""unit"":""2796373"",""description"":"""",""hsn_code"":"""",""weighted_price"":0.56,""invoice_date"":""2026-07-02"",""sap_code"":"""",""purchase_doc_number"":"""",""purchase_invoice_number"":"""",""tax1"":0,""tax2"":0,""tax3"":0,""tax1_amount"":0,""tax2_amount"":0,""tax3_amount"":0,""expiry_date"":"""",""manufacturing_date"":"""",""actual_qty"":""500.000"",""actual_unit_id"":""5790698"",""actual_unit_name"":""GM"",""sap_group_master_id"":0,""category"":""Food"",""yield_qty"":""0"",""discount_application"":""B"",""container_weight"":0,""net_weight"":""500"",""gross_weight"":0,""tax_type"":0,""excise_duty"":0,""tax1_label"":""CGST"",""tax2_label"":""SGST"",""tax3_label"":""IGST""},{""prev_price"":""0.000000"",""item_id"":""46293736"",""itemname"":""Spring Onion 1/2"",""qty"":100,""price"":0,""amount"":0,""discount"":""0.000"",""lbl_unit"":""GM"",""unit"":""2796373"",""description"":"""",""hsn_code"":"""",""weighted_price"":0,""invoice_date"":""2026-07-02"",""sap_code"":"""",""purchase_doc_number"":"""",""purchase_invoice_number"":"""",""tax1"":0,""tax2"":0,""tax3"":0,""tax1_amount"":0,""tax2_amount"":0,""tax3_amount"":0,""expiry_date"":"""",""manufacturing_date"":"""",""actual_qty"":""100.000"",""actual_unit_id"":""5790698"",""actual_unit_name"":""GM"",""sap_group_master_id"":0,""category"":""Food"",""yield_qty"":""0"",""discount_application"":""B"",""container_weight"":0,""net_weight"":""100"",""gross_weight"":0,""tax_type"":0,""excise_duty"":0,""tax1_label"":""CGST"",""tax2_label"":""SGST"",""tax3_label"":""IGST""},{""prev_price"":""0.000000"",""item_id"":""46293767"",""itemname"":""Spring Onion Chopped"",""qty"":80,""price"":0,""amount"":0,""discount"":""0.000"",""lbl_unit"":""GM"",""unit"":""2796373"",""description"":"""",""hsn_code"":"""",""weighted_price"":0,""invoice_date"":""2026-07-02"",""sap_code"":"""",""purchase_doc_number"":"""",""purchase_invoice_number"":"""",""tax1"":0,""tax2"":0,""tax3"":0,""tax1_amount"":0,""tax2_amount"":0,""tax3_amount"":0,""expiry_date"":"""",""manufacturing_date"":"""",""actual_qty"":""80.000"",""actual_unit_id"":""5790698"",""actual_unit_name"":""GM"",""sap_group_master_id"":0,""category"":""Food"",""yield_qty"":""0"",""discount_application"":""B"",""container_weight"":0,""net_weight"":""80"",""gross_weight"":0,""tax_type"":0,""excise_duty"":0,""tax1_label"":""CGST"",""tax2_label"":""SGST"",""tax3_label"":""IGST""},{""prev_price"":""330.000000"",""item_id"":""46295217"",""itemname"":""Red Bellpepper"",""qty"":1,""price"":330,""amount"":330,""discount"":""0.000"",""lbl_unit"":""Kg"",""unit"":""2796367"",""description"":"""",""hsn_code"":"""",""weighted_price"":330,""invoice_date"":""2026-07-02"",""sap_code"":"""",""purchase_doc_number"":"""",""purchase_invoice_number"":"""",""tax1"":0,""tax2"":0,""tax3"":0,""tax1_amount"":0,""tax2_amount"":0,""tax3_amount"":0,""expiry_date"":"""",""manufacturing_date"":"""",""actual_qty"":""1.000"",""actual_unit_id"":""5790692"",""actual_unit_name"":""Kg"",""sap_group_master_id"":0,""category"":""Food"",""rmconv_qty"":""1000"",""rmconv_qty_total"":1000,""rmconv_unit_id"":""2796373"",""rmconv_unit"":""GM"",""yield_qty"":""0"",""discount_application"":""B"",""container_weight"":0,""net_weight"":""1"",""gross_weight"":0,""tax_type"":0,""excise_duty"":0,""tax1_label"":""CGST"",""tax2_label"":""SGST"",""tax3_label"":""IGST""},{""prev_price"":""0.000000"",""item_id"":""46293720"",""itemname"":""Purple Cabbage Sliced"",""qty"":100,""price"":0,""amount"":0,""discount"":""0.000"",""lbl_unit"":""GM"",""unit"":""2796373"",""description"":"""",""hsn_code"":"""",""weighted_price"":0,""invoice_date"":""2026-07-02"",""sap_code"":"""",""purchase_doc_number"":"""",""purchase_invoice_number"":"""",""tax1"":0,""tax2"":0,""tax3"":0,""tax1_amount"":0,""tax2_amount"":0,""tax3_amount"":0,""expiry_date"":"""",""manufacturing_date"":"""",""actual_qty"":""100.000"",""actual_unit_id"":""5790698"",""actual_unit_name"":""GM"",""sap_group_master_id"":0,""category"":""Food"",""yield_qty"":""0"",""discount_application"":""B"",""container_weight"":0,""net_weight"":""100"",""gross_weight"":0,""tax_type"":0,""excise_duty"":0,""tax1_label"":""CGST"",""tax2_label"":""SGST"",""tax3_label"":""IGST""},{""prev_price"":""0.000000"",""item_id"":""46293725"",""itemname"":""Tomato Whole"",""qty"":500,""price"":0,""amount"":0,""discount"":""0.000"",""lbl_unit"":""GM"",""unit"":""2796373"",""description"":"""",""hsn_code"":"""",""weighted_price"":0,""invoice_date"":""2026-07-02"",""sap_code"":"""",""purchase_doc_number"":"""",""purchase_invoice_number"":"""",""tax1"":0,""tax2"":0,""tax3"":0,""tax1_amount"":0,""tax2_amount"":0,""tax3_amount"":0,""expiry_date"":"""",""manufacturing_date"":"""",""actual_qty"":""500.000"",""actual_unit_id"":""5790698"",""actual_unit_name"":""GM"",""sap_group_master_id"":0,""category"":""Food"",""yield_qty"":""0"",""discount_application"":""B"",""container_weight"":0,""net_weight"":""500"",""gross_weight"":0,""tax_type"":0,""excise_duty"":0,""tax1_label"":""CGST"",""tax2_label"":""SGST"",""tax3_label"":""IGST""}]",[],0,0,,,[],[],,,,,,,,,,,,,,,,,,,,,,,,,,,,,,,,,,,,,,,,,,,,,,,,,,,,,,,,,,,,,,,,,,,,,,,,,,,,,,,,,,,,,,,,,,,,,,,,,,,,,,,,,,,,,,,,,,,,,,,,,,,,,,,,,,,,,,,,,,,,,,,,,,,,,,,,,,,,,,,,,,,,,,,,,,,,,,,,,,,,,,,,,,,,,,,,,,,,,,,,,,,,,,,,,,,,,,,,,,,,,,,,,,,,,,,,,,,,,,,,,,,,,,,,,,,,,,,,,,,,,,,,,,,,,,,,,,,,,,,,,,,,,,,,,,,,,,,,,,,,,,,,,,,,,,,,,,,,,,,,,,,,,,,,,,,,,,,,,,,,,,,,,,,,,,,,,,,,,,,,,,,,,,,,,,,,,,,,,,,,,,,,,,,,,,,,,,,,,,,,,,,,,,,,,,,,,,,,,,,,,,,,,,,,,,,,,,,,,,,,,,,,,,,,,,,,,,,,,,,,,,,,,,,,,,,,,,,,,,,,,,,,,,,,,,,,,,,,,,,,,,,,,,,,,,,,,,,,,,,,,,,,,,,,,,,,,,,,,,,,,,,,,,,,,,,,,,,,,,,,,,,,,,,,,,,,,,,,,,,,,,,,,,,,,,,,,,,,,,,,,,,,,,,,,,,,,,,,,,,,,,,,,,,,,,,,,,,,,,,,,,,,,,,,,,,,,,,,,,,,,,,,,,,,,,,,,,,,,,,,,,,,,,,,,,,,,,,,,,,,,,,,,,,,,,,,,,,,,,,6a4cbe7c-f914-4a64-aecb-31a33c0088f3,60.0.158.135,,,,,,,,,,,,,,,,,,,,,,,,,,,,,
Aiko (Ahmedabad),134691,134308723,From Sales,117677467,382,,2026-07-02,0,0,Active,Unpaid,,0,0,0,0,0.00,0,0,0,0,2026-07-07 14:08:37,2026-07-07 14:08:37,410150,Kitchen,24AAMCB4304M1ZN,Surat,Aiko (Ahmedabad,Gujarat,U55101GJ2024PTC149642,"102, SANGINI ASPIRE, PAL-HAZIRA ROAD, BESIDE SANSKRUTI TOWNSHIP, PAL, SURAT, Gujarat
",9638077877,,,,Surat,Ahmedabad Prep Kitchen,Kitchen,,Gujarat,,"Ason vista, Sanidhya, Ahmedabad, Gujarat 380058",9510355182,0,,1,PO0081007034,PO0081007034,1,,0,0,0,"[{""prev_price"":""0.000000"",""item_id"":""46292732"",""itemname"":""Fresh Onion Dice"",""qty"":0.35,""price"":0,""amount"":0,""discount"":""0.000"",""lbl_unit"":""Kg"",""unit"":""2796367"",""description"":"""",""hsn_code"":"""",""weighted_price"":0,""invoice_date"":""2026-07-02"",""sap_code"":"""",""purchase_doc_number"":"""",""purchase_invoice_number"":"""",""tax1"":0,""tax2"":0,""tax3"":0,""tax1_amount"":0,""tax2_amount"":0,""tax3_amount"":0,""expiry_date"":"""",""manufacturing_date"":"""",""actual_qty"":""0.350"",""actual_unit_id"":""5790692"",""actual_unit_name"":""Kg"",""sap_group_master_id"":0,""category"":""Food"",""rmconv_qty"":""1000"",""rmconv_qty_total"":350,""rmconv_unit_id"":""2796373"",""rmconv_unit"":""GM"",""yield_qty"":""0"",""discount_application"":""B"",""container_weight"":0,""net_weight"":""0.35"",""gross_weight"":0,""tax_type"":0,""excise_duty"":0,""tax1_label"":""CGST"",""tax2_label"":""SGST"",""tax3_label"":""IGST""},{""prev_price"":""0.000000"",""item_id"":""46293739"",""itemname"":""White Spring Onion Slice"",""qty"":0.5,""price"":0,""amount"":0,""discount"":""0.000"",""lbl_unit"":""Kg"",""unit"":""2796367"",""description"":"""",""hsn_code"":"""",""weighted_price"":0,""invoice_date"":""2026-07-02"",""sap_code"":"""",""purchase_doc_number"":"""",""purchase_invoice_number"":"""",""tax1"":0,""tax2"":0,""tax3"":0,""tax1_amount"":0,""tax2_amount"":0,""tax3_amount"":0,""expiry_date"":"""",""manufacturing_date"":"""",""actual_qty"":""0.500"",""actual_unit_id"":""5790692"",""actual_unit_name"":""Kg"",""sap_group_master_id"":0,""category"":""Food"",""rmconv_qty"":""1000"",""rmconv_qty_total"":500,""rmconv_unit_id"":""2796373"",""rmconv_unit"":""GM"",""yield_qty"":""0"",""discount_application"":""B"",""container_weight"":0,""net_weight"":""0.5"",""gross_weight"":0,""tax_type"":0,""excise_duty"":0,""tax1_label"":""CGST"",""tax2_label"":""SGST"",""tax3_label"":""IGST""},{""prev_price"":""0.000000"",""item_id"":""46293708"",""itemname"":""Cucumber Slice"",""qty"":1,""price"":0,""amount"":0,""discount"":""0.000"",""lbl_unit"":""Kg"",""unit"":""2796367"",""description"":"""",""hsn_code"":"""",""weighted_price"":0,""invoice_date"":""2026-07-02"",""sap_code"":"""",""purchase_doc_number"":"""",""purchase_invoice_number"":"""",""tax1"":0,""tax2"":0,""tax3"":0,""tax1_amount"":0,""tax2_amount"":0,""tax3_amount"":0,""expiry_date"":"""",""manufacturing_date"":"""",""actual_qty"":""1.000"",""actual_unit_id"":""5790692"",""actual_unit_name"":""Kg"",""sap_group_master_id"":0,""category"":""Food"",""rmconv_qty"":""1000"",""rmconv_qty_total"":1000,""rmconv_unit_id"":""2796373"",""rmconv_unit"":""GM"",""yield_qty"":""0"",""discount_application"":""B"",""container_weight"":0,""net_weight"":""1"",""gross_weight"":0,""tax_type"":0,""excise_duty"":0,""tax1_label"":""CGST"",""tax2_label"":""SGST"",""tax3_label"":""IGST""},{""prev_price"":""0.000000"",""item_id"":""46294189"",""itemname"":""Italian Lemon"",""qty"":1.5,""price"":0,""amount"":0,""discount"":""0.000"",""lbl_unit"":""Kg"",""unit"":""2796367"",""description"":"""",""hsn_code"":"""",""weighted_price"":0,""invoice_date"":""2026-07-02"",""sap_code"":"""",""purchase_doc_number"":"""",""purchase_invoice_number"":"""",""tax1"":0,""tax2"":0,""tax3"":0,""tax1_amount"":0,""tax2_amount"":0,""tax3_amount"":0,""expiry_date"":"""",""manufacturing_date"":"""",""actual_qty"":""1.500"",""actual_unit_id"":""5790692"",""actual_unit_name"":""Kg"",""sap_group_master_id"":0,""category"":""Food"",""rmconv_qty"":""1000"",""rmconv_qty_total"":1500,""rmconv_unit_id"":""2796373"",""rmconv_unit"":""GM"",""yield_qty"":""0"",""discount_application"":""B"",""container_weight"":0,""net_weight"":""1.5"",""gross_weight"":0,""tax_type"":0,""excise_duty"":0,""tax1_label"":""CGST"",""tax2_label"":""SGST"",""tax3_label"":""IGST""},{""prev_price"":""0.000000"",""item_id"":""46292755"",""itemname"":""Lemon Green"",""qty"":200,""price"":0,""amount"":0,""discount"":""0.000"",""lbl_unit"":""GM"",""unit"":""2796373"",""description"":"""",""hsn_code"":"""",""weighted_price"":0,""invoice_date"":""2026-07-02"",""sap_code"":"""",""purchase_doc_number"":"""",""purchase_invoice_number"":"""",""tax1"":0,""tax2"":0,""tax3"":0,""tax1_amount"":0,""tax2_amount"":0,""tax3_amount"":0,""expiry_date"":"""",""manufacturing_date"":"""",""actual_qty"":""200.000"",""actual_unit_id"":""5790698"",""actual_unit_name"":""GM"",""sap_group_master_id"":0,""category"":""Food"",""yield_qty"":""0"",""discount_application"":""B"",""container_weight"":0,""net_weight"":""200"",""gross_weight"":0,""tax_type"":0,""excise_duty"":0,""tax1_label"":""CGST"",""tax2_label"":""SGST"",""tax3_label"":""IGST""}]",[],0,0,,,[],[],,,,,,,,,,,,,,,,,,,,,,,,,,,,,,,,,,,,,,,,,,,,,,,,,,,,,,,,,,,,,,,,,,,,,,,,,,,,,,,,,,,,,,,,,,,,,,,,,,,,,,,,,,,,,,,,,,,,,,,,,,,,,,,,,,,,,,,,,,,,,,,,,,,,,,,,,,,,,,,,,,,,,,,,,,,,,,,,,,,,,,,,,,,,,,,,,,,,,,,,,,,,,,,,,,,,,,,,,,,,,,,,,,,,,,,,,,,,,,,,,,,,,,,,,,,,,,,,,,,,,,,,,,,,,,,,,,,,,,,,,,,,,,,,,,,,,,,,,,,,,,,,,,,,,,,,,,,,,,,,,,,,,,,,,,,,,,,,,,,,,,,,,,,,,,,,,,,,,,,,,,,,,,,,,,,,,,,,,,,,,,,,,,,,,,,,,,,,,,,,,,,,,,,,,,,,,,,,,,,,,,,,,,,,,,,,,,,,,,,,,,,,,,,,,,,,,,,,,,,,,,,,,,,,,,,,,,,,,,,,,,,,,,,,,,,,,,,,,,,,,,,,,,,,,,,,,,,,,,,,,,,,,,,,,,,,,,,,,,,,,,,,,,,,,,,,,,,,,,,,,,,,,,,,,,,,,,,,,,,,,,,,,,,,,,,,,,,,,,,,,,,,,,,,,,,,,,,,,,,,,,,,,,,,,,,,,,,,,,,,,,,,,,,,,,,,,,,,,,,,,,,,,,,,,,,,,,,,,,,,,,,,,,,,,,,,,,,,,,,,,,,,,,,,,,,,,,,,,,,,,6a4cbafb-9414-43d0-bd9d-68b73c0090ec,60.0.136.243,,,,,,,,,,,,,,,,,,,,,,,,,,,
Aiko (Ahmedabad),134691,134308531,From Sales,117888612,381,,2026-07-05,0,0,Active,Unpaid,,0,0,0,0,0.00,0,0,0,0,2026-07-07 14:07:09,2026-07-07 14:07:09,410150,Kitchen,24AAMCB4304M1ZN,Surat,Aiko (Ahmedabad,Gujarat,U55101GJ2024PTC149642,"102, SANGINI ASPIRE, PAL-HAZIRA ROAD, BESIDE SANSKRUTI TOWNSHIP, PAL, SURAT, Gujarat
",9638077877,,,,Surat,Ahmedabad Prep Kitchen,Kitchen,,Gujarat,,"Ason vista, Sanidhya, Ahmedabad, Gujarat 380058",9510355182,0,,1,PO0081072832,PO0081072832,1,,0,0,0,"[{""prev_price"":""0.000000"",""item_id"":""46293718"",""itemname"":""Onion Slice"",""qty"":1.5,""price"":0,""amount"":0,""discount"":""0.000"",""lbl_unit"":""Kg"",""unit"":""2796367"",""description"":"""",""hsn_code"":"""",""weighted_price"":0,""invoice_date"":""2026-07-05"",""sap_code"":"""",""purchase_doc_number"":"""",""purchase_invoice_number"":"""",""tax1"":0,""tax2"":0,""tax3"":0,""tax1_amount"":0,""tax2_amount"":0,""tax3_amount"":0,""expiry_date"":"""",""manufacturing_date"":"""",""actual_qty"":""1.500"",""actual_unit_id"":""5790692"",""actual_unit_name"":""Kg"",""sap_group_master_id"":0,""category"":""Food"",""rmconv_qty"":""1000"",""rmconv_qty_total"":1500,""rmconv_unit_id"":""2796373"",""rmconv_unit"":""GM"",""yield_qty"":""0"",""discount_application"":""B"",""container_weight"":0,""net_weight"":""1.5"",""gross_weight"":0,""tax_type"":0,""excise_duty"":0,""tax1_label"":""CGST"",""tax2_label"":""SGST"",""tax3_label"":""IGST""},{""prev_price"":""0.000000"",""item_id"":""46294235"",""itemname"":""Fine Chopped Spring Onion"",""qty"":500,""price"":0,""amount"":0,""discount"":""0.000"",""lbl_unit"":""GM"",""unit"":""2796373"",""description"":"""",""hsn_code"":"""",""weighted_price"":0,""invoice_date"":""2026-07-05"",""sap_code"":"""",""purchase_doc_number"":"""",""purchase_invoice_number"":"""",""tax1"":0,""tax2"":0,""tax3"":0,""tax1_amount"":0,""tax2_amount"":0,""tax3_amount"":0,""expiry_date"":"""",""manufacturing_date"":"""",""actual_qty"":""500.000"",""actual_unit_id"":""5790698"",""actual_unit_name"":""GM"",""sap_group_master_id"":0,""category"":""Food"",""yield_qty"":""0"",""discount_application"":""B"",""container_weight"":0,""net_weight"":""500"",""gross_weight"":0,""tax_type"":0,""excise_duty"":0,""tax1_label"":""CGST"",""tax2_label"":""SGST"",""tax3_label"":""IGST""},{""prev_price"":""0.000000"",""item_id"":""46293766"",""itemname"":""Spring Onion Slit"",""qty"":250,""price"":0,""amount"":0,""discount"":""0.000"",""lbl_unit"":""GM"",""unit"":""2796373"",""description"":"""",""hsn_code"":"""",""weighted_price"":0,""invoice_date"":""2026-07-05"",""sap_code"":"""",""purchase_doc_number"":"""",""purchase_invoice_number"":"""",""tax1"":0,""tax2"":0,""tax3"":0,""tax1_amount"":0,""tax2_amount"":0,""tax3_amount"":0,""expiry_date"":"""",""manufacturing_date"":"""",""actual_qty"":""250.000"",""actual_unit_id"":""5790698"",""actual_unit_name"":""GM"",""sap_group_master_id"":0,""category"":""Food"",""yield_qty"":""0"",""discount_application"":""B"",""container_weight"":0,""net_weight"":""250"",""gross_weight"":0,""tax_type"":0,""excise_duty"":0,""tax1_label"":""CGST"",""tax2_label"":""SGST"",""tax3_label"":""IGST""},{""prev_price"":""0.000000"",""item_id"":""46293729"",""itemname"":""Coriander Process"",""qty"":100,""price"":0,""amount"":0,""discount"":""0.000"",""lbl_unit"":""GM"",""unit"":""2796373"",""description"":"""",""hsn_code"":"""",""weighted_price"":0,""invoice_date"":""2026-07-05"",""sap_code"":"""",""purchase_doc_number"":"""",""purchase_invoice_number"":"""",""tax1"":0,""tax2"":0,""tax3"":0,""tax1_amount"":0,""tax2_amount"":0,""tax3_amount"":0,""expiry_date"":"""",""manufacturing_date"":"""",""actual_qty"":""100.000"",""actual_unit_id"":""5790698"",""actual_unit_name"":""GM"",""sap_group_master_id"":0,""category"":""Food"",""yield_qty"":""0"",""discount_application"":""B"",""container_weight"":0,""net_weight"":""100"",""gross_weight"":0,""tax_type"":0,""excise_duty"":0,""tax1_label"":""CGST"",""tax2_label"":""SGST"",""tax3_label"":""IGST""}]",[],0,0,,,[],[],,,,,,,,,,,,,,,,,,,,,,,,,,,,,,,,,,,,,,,,,,,,,,,,,,,,,,,,,,,,,,,,,,,,,,,,,,,,,,,,,,,,,,,,,,,,,,,,,,,,,,,,,,,,,,,,,,,,,,,,,,,,,,,,,,,,,,,,,,,,,,,,,,,,,,,,,,,,,,,,,,,,,,,,,,,,,,,,,,,,,,,,,,,,,,,,,,,,,,,,,,,,,,,,,,,,,,,,,,,,,,,,,,,,,,,,,,,,,,,,,,,,,,,,,,,,,,,,,,,,,,,,,,,,,,,,,,,,,,,,,,,,,,,,,,,,,,,,,,,,,,,,,,,,,,,,,,,,,,,,,,,,,,,,,,,,,,,,,,,,,,,,,,,,,,,,,,,,,,,,,,,,,,,,,,,,,,,,,,,,,,,,,,,,,,,,,,,,,,,,,,,,,,,,,,,,,,,,,,,,,,,,,,,,,,,,,,,,,,,,,,,,,,,,,,,,,,,,,,,,,,,,,,,,,,,,,,,,,,,,,,,,,,,,,,,,,,,,,,,,,,,,,,,,,,,,,,,,,,,,,,,,,,,,,,,,,,,,,,,,,,,,,,,,,,,,,,,,,,,,,,,,,,,,,,,,,,,,,,,,,,,,,,,,,,,,,,,,,,,,,,,,,,,,,,,,,,,,,,,,,,,,,,,,,,,,,,,,,,,,,,,,,,,,,,,,,,,,,,,,,,,,,,,,,,,,,,,,,,,,,,,,,,,,,,,,,,,,,,,,,,,,,,,,,,,,,,,,,,,,,,,6a4cbaa5-9eb0-44d3-bfcf-0fd73c008c93,60.0.140.147,,,,,,,,,,,,,,,,,,,,,,,,,
Aiko (Ahmedabad),134691,134292527,From Sales,117992020,380,,2026-07-06,184,0,Active,Unpaid,,184,0,0,0,0.00,0,0,0,0,2026-07-07 12:16:37,2026-07-07 12:16:37,410150,Kitchen,24AAMCB4304M1ZN,Surat,Aiko (Ahmedabad,Gujarat,U55101GJ2024PTC149642,"102, SANGINI ASPIRE, PAL-HAZIRA ROAD, BESIDE SANSKRUTI TOWNSHIP, PAL, SURAT, Gujarat
",9638077877,,,,Surat,Ahmedabad Prep Kitchen,Kitchen,,Gujarat,,"Ason vista, Sanidhya, Ahmedabad, Gujarat 380058",9510355182,0,,1,PO0081085751,PO0081085751,1,,0,0,0,"[{""prev_price"":""0.000000"",""item_id"":""46293708"",""itemname"":""Cucumber Slice"",""qty"":3,""price"":0,""amount"":0,""discount"":""0.000"",""lbl_unit"":""Kg"",""unit"":""2796367"",""description"":"""",""hsn_code"":"""",""weighted_price"":0,""invoice_date"":""2026-07-06"",""sap_code"":"""",""purchase_doc_number"":"""",""purchase_invoice_number"":"""",""tax1"":0,""tax2"":0,""tax3"":0,""tax1_amount"":0,""tax2_amount"":0,""tax3_amount"":0,""expiry_date"":"""",""manufacturing_date"":"""",""actual_qty"":""3.000"",""actual_unit_id"":""5790692"",""actual_unit_name"":""Kg"",""sap_group_master_id"":0,""category"":""Food"",""rmconv_qty"":""1000"",""rmconv_qty_total"":3000,""rmconv_unit_id"":""2796373"",""rmconv_unit"":""GM"",""yield_qty"":""0"",""discount_application"":""B"",""container_weight"":0,""net_weight"":""3"",""gross_weight"":0,""tax_type"":0,""excise_duty"":0,""tax1_label"":""CGST"",""tax2_label"":""SGST"",""tax3_label"":""IGST""},{""prev_price"":""0.000000"",""item_id"":""46293763"",""itemname"":""Mint Bunch"",""qty"":1,""price"":0,""amount"":0,""discount"":""0.000"",""lbl_unit"":""pcs"",""unit"":""3939123"",""description"":"""",""hsn_code"":"""",""weighted_price"":0,""invoice_date"":""2026-07-06"",""sap_code"":"""",""purchase_doc_number"":"""",""purchase_invoice_number"":"""",""tax1"":0,""tax2"":0,""tax3"":0,""tax1_amount"":0,""tax2_amount"":0,""tax3_amount"":0,""expiry_date"":"""",""manufacturing_date"":"""",""actual_qty"":""1.000"",""actual_unit_id"":""6058570"",""actual_unit_name"":""pcs"",""sap_group_master_id"":0,""category"":""Food"",""yield_qty"":""0"",""discount_application"":""B"",""container_weight"":0,""net_weight"":""1"",""gross_weight"":0,""tax_type"":0,""excise_duty"":0,""tax1_label"":""CGST"",""tax2_label"":""SGST"",""tax3_label"":""IGST""},{""prev_price"":""0.080000"",""item_id"":""46293735"",""itemname"":""Mint Process"",""qty"":50,""price"":0.08,""amount"":4,""discount"":""0.000"",""lbl_unit"":""GM"",""unit"":""2796373"",""description"":"""",""hsn_code"":"""",""weighted_price"":0.08,""invoice_date"":""2026-07-06"",""sap_code"":"""",""purchase_doc_number"":"""",""purchase_invoice_number"":"""",""tax1"":0,""tax2"":0,""tax3"":0,""tax1_amount"":0,""tax2_amount"":0,""tax3_amount"":0,""expiry_date"":"""",""manufacturing_date"":"""",""actual_qty"":""50.000"",""actual_unit_id"":""5790698"",""actual_unit_name"":""GM"",""sap_group_master_id"":0,""category"":""Food"",""yield_qty"":""0"",""discount_application"":""B"",""container_weight"":0,""net_weight"":""50"",""gross_weight"":0,""tax_type"":0,""excise_duty"":0,""tax1_label"":""CGST"",""tax2_label"":""SGST"",""tax3_label"":""IGST""},{""prev_price"":""100.000000"",""item_id"":""46619043"",""itemname"":""Green Lemon"",""qty"":0.2,""price"":100,""amount"":20,""discount"":""0.000"",""lbl_unit"":""Kg"",""unit"":""2796367"",""description"":"""",""hsn_code"":"""",""weighted_price"":100,""invoice_date"":""2026-07-06"",""sap_code"":"""",""purchase_doc_number"":"""",""purchase_invoice_number"":"""",""tax1"":0,""tax2"":0,""tax3"":0,""tax1_amount"":0,""tax2_amount"":0,""tax3_amount"":0,""expiry_date"":"""",""manufacturing_date"":"""",""actual_qty"":""0.200"",""actual_unit_id"":""5790692"",""actual_unit_name"":""Kg"",""sap_group_master_id"":0,""category"":""Food"",""yield_qty"":""0"",""discount_application"":""B"",""container_weight"":0,""net_weight"":""0.2"",""gross_weight"":0,""tax_type"":0,""excise_duty"":0,""tax1_label"":""CGST"",""tax2_label"":""SGST"",""tax3_label"":""IGST""},{""prev_price"":""160.000000"",""item_id"":""46293761"",""itemname"":""Edible Flower"",""qty"":1,""price"":160,""amount"":160,""discount"":""0.000"",""lbl_unit"":""Pkt"",""unit"":""6580251"",""description"":"""",""hsn_code"":"""",""weighted_price"":160,""invoice_date"":""2026-07-06"",""sap_code"":"""",""purchase_doc_number"":"""",""purchase_invoice_number"":"""",""tax1"":0,""tax2"":0,""tax3"":0,""tax1_amount"":0,""tax2_amount"":0,""tax3_amount"":0,""expiry_date"":"""",""manufacturing_date"":"""",""actual_qty"":""1.000"",""actual_unit_id"":""6694691"",""actual_unit_name"":""Pkt"",""sap_group_master_id"":0,""category"":""Food"",""yield_qty"":""0"",""discount_application"":""B"",""container_weight"":0,""net_weight"":""1"",""gross_weight"":0,""tax_type"":0,""excise_duty"":0,""tax1_label"":""CGST"",""tax2_label"":""SGST"",""tax3_label"":""IGST""}]",[],0,0,,,[],[],,,,,,,,,,,,,,,,,,,,,,,,,,,,,,,,,,,,,,,,,,,,,,,,,,,,,,,,,,,,,,,,,,,,,,,,,,,,,,,,,,,,,,,,,,,,,,,,,,,,,,,,,,,,,,,,,,,,,,,,,,,,,,,,,,,,,,,,,,,,,,,,,,,,,,,,,,,,,,,,,,,,,,,,,,,,,,,,,,,,,,,,,,,,,,,,,,,,,,,,,,,,,,,,,,,,,,,,,,,,,,,,,,,,,,,,,,,,,,,,,,,,,,,,,,,,,,,,,,,,,,,,,,,,,,,,,,,,,,,,,,,,,,,,,,,,,,,,,,,,,,,,,,,,,,,,,,,,,,,,,,,,,,,,,,,,,,,,,,,,,,,,,,,,,,,,,,,,,,,,,,,,,,,,,,,,,,,,,,,,,,,,,,,,,,,,,,,,,,,,,,,,,,,,,,,,,,,,,,,,,,,,,,,,,,,,,,,,,,,,,,,,,,,,,,,,,,,,,,,,,,,,,,,,,,,,,,,,,,,,,,,,,,,,,,,,,,,,,,,,,,,,,,,,,,,,,,,,,,,,,,,,,,,,,,,,,,,,,,,,,,,,,,,,,,,,,,,,,,,,,,,,,,,,,,,,,,,,,,,,,,,,,,,,,,,,,,,,,,,,,,,,,,,,,,,,,,,,,,,,,,,,,,,,,,,,,,,,,,,,,,,,,,,,,,,,,,,,,,,,,,,,,,,,,,,,,,,,,,,,,,,,,,,,,,,,,,,,,,,,,,,,,,,,,,,,,,,,,,,,,,,,,6a4ca0bc-8810-426c-822a-4c083c0088f3,60.0.144.236,,,,,,,,,,,,,,,,,,,,,,,
Aiko (Ahmedabad),134691,134292377,From Sales,118061199,379,,2026-07-07,1164,0,Active,Unpaid,,1164,0,0,0,0.00,0,0,0,0,2026-07-07 12:15:33,2026-07-07 12:15:33,410150,Kitchen,24AAMCB4304M1ZN,Surat,Aiko (Ahmedabad,Gujarat,U55101GJ2024PTC149642,"102, SANGINI ASPIRE, PAL-HAZIRA ROAD, BESIDE SANSKRUTI TOWNSHIP, PAL, SURAT, Gujarat
",9638077877,,,,Surat,Ahmedabad Prep Kitchen,Kitchen,,Gujarat,,"Ason vista, Sanidhya, Ahmedabad, Gujarat 380058",9510355182,0,,1,PO0081101609,PO0081101609,1,,0,0,0,"[{""prev_price"":""0.000000"",""item_id"":""46293708"",""itemname"":""Cucumber Slice"",""qty"":2,""price"":0,""amount"":0,""discount"":""0.000"",""lbl_unit"":""Kg"",""unit"":""2796367"",""description"":"""",""hsn_code"":"""",""weighted_price"":0,""invoice_date"":""2026-07-07"",""sap_code"":"""",""purchase_doc_number"":"""",""purchase_invoice_number"":"""",""tax1"":0,""tax2"":0,""tax3"":0,""tax1_amount"":0,""tax2_amount"":0,""tax3_amount"":0,""expiry_date"":"""",""manufacturing_date"":"""",""actual_qty"":""2.000"",""actual_unit_id"":""5790692"",""actual_unit_name"":""Kg"",""sap_group_master_id"":0,""category"":""Food"",""rmconv_qty"":""1000"",""rmconv_qty_total"":2000,""rmconv_unit_id"":""2796373"",""rmconv_unit"":""GM"",""yield_qty"":""0"",""discount_application"":""B"",""container_weight"":0,""net_weight"":""2"",""gross_weight"":0,""tax_type"":0,""excise_duty"":0,""tax1_label"":""CGST"",""tax2_label"":""SGST"",""tax3_label"":""IGST""},{""prev_price"":""100.000000"",""item_id"":""46619043"",""itemname"":""Green Lemon"",""qty"":2,""price"":100,""amount"":200,""discount"":""0.000"",""lbl_unit"":""Kg"",""unit"":""2796367"",""description"":"""",""hsn_code"":"""",""weighted_price"":100,""invoice_date"":""2026-07-07"",""sap_code"":"""",""purchase_doc_number"":"""",""purchase_invoice_number"":"""",""tax1"":0,""tax2"":0,""tax3"":0,""tax1_amount"":0,""tax2_amount"":0,""tax3_amount"":0,""expiry_date"":"""",""manufacturing_date"":"""",""actual_qty"":""2.000"",""actual_unit_id"":""5790692"",""actual_unit_name"":""Kg"",""sap_group_master_id"":0,""category"":""Food"",""yield_qty"":""0"",""discount_application"":""B"",""container_weight"":0,""net_weight"":""2"",""gross_weight"":0,""tax_type"":0,""excise_duty"":0,""tax1_label"":""CGST"",""tax2_label"":""SGST"",""tax3_label"":""IGST""},{""prev_price"":""0.000000"",""item_id"":""46293763"",""itemname"":""Mint Bunch"",""qty"":1,""price"":0,""amount"":0,""discount"":""0.000"",""lbl_unit"":""pcs"",""unit"":""3939123"",""description"":"""",""hsn_code"":"""",""weighted_price"":0,""invoice_date"":""2026-07-07"",""sap_code"":"""",""purchase_doc_number"":"""",""purchase_invoice_number"":"""",""tax1"":0,""tax2"":0,""tax3"":0,""tax1_amount"":0,""tax2_amount"":0,""tax3_amount"":0,""expiry_date"":"""",""manufacturing_date"":"""",""actual_qty"":""1.000"",""actual_unit_id"":""6058570"",""actual_unit_name"":""pcs"",""sap_group_master_id"":0,""category"":""Food"",""yield_qty"":""0"",""discount_application"":""B"",""container_weight"":0,""net_weight"":""1"",""gross_weight"":0,""tax_type"":0,""excise_duty"":0,""tax1_label"":""CGST"",""tax2_label"":""SGST"",""tax3_label"":""IGST""},{""prev_price"":""0.080000"",""item_id"":""46293735"",""itemname"":""Mint Process"",""qty"":50,""price"":0.08,""amount"":4,""discount"":""0.000"",""lbl_unit"":""GM"",""unit"":""2796373"",""description"":"""",""hsn_code"":"""",""weighted_price"":0.08,""invoice_date"":""2026-07-07"",""sap_code"":"""",""purchase_doc_number"":"""",""purchase_invoice_number"":"""",""tax1"":0,""tax2"":0,""tax3"":0,""tax1_amount"":0,""tax2_amount"":0,""tax3_amount"":0,""expiry_date"":"""",""manufacturing_date"":"""",""actual_qty"":""50.000"",""actual_unit_id"":""5790698"",""actual_unit_name"":""GM"",""sap_group_master_id"":0,""category"":""Food"",""yield_qty"":""0"",""discount_application"":""B"",""container_weight"":0,""net_weight"":""50"",""gross_weight"":0,""tax_type"":0,""excise_duty"":0,""tax1_label"":""CGST"",""tax2_label"":""SGST"",""tax3_label"":""IGST""},{""prev_price"":""960.000000"",""item_id"":""46295722"",""itemname"":""Alphonso Mango"",""qty"":1,""price"":960,""amount"":960,""discount"":""0.000"",""lbl_unit"":""dozen"",""unit"":""5523062"",""description"":"""",""hsn_code"":"""",""weighted_price"":960,""invoice_date"":""2026-07-07"",""sap_code"":"""",""purchase_doc_number"":"""",""purchase_invoice_number"":"""",""tax1"":0,""tax2"":0,""tax3"":0,""tax1_amount"":0,""tax2_amount"":0,""tax3_amount"":0,""expiry_date"":"""",""manufacturing_date"":"""",""actual_qty"":""1.000"",""actual_unit_id"":""6058571"",""actual_unit_name"":""dozen"",""sap_group_master_id"":0,""category"":""Food"",""yield_qty"":""0"",""discount_application"":""B"",""container_weight"":0,""net_weight"":""1"",""gross_weight"":0,""tax_type"":0,""excise_duty"":0,""tax1_label"":""CGST"",""tax2_label"":""SGST"",""tax3_label"":""IGST""}]",[],0,0,,,[],[],,,,,,,,,,,,,,,,,,,,,,,,,,,,,,,,,,,,,,,,,,,,,,,,,,,,,,,,,,,,,,,,,,,,,,,,,,,,,,,,,,,,,,,,,,,,,,,,,,,,,,,,,,,,,,,,,,,,,,,,,,,,,,,,,,,,,,,,,,,,,,,,,,,,,,,,,,,,,,,,,,,,,,,,,,,,,,,,,,,,,,,,,,,,,,,,,,,,,,,,,,,,,,,,,,,,,,,,,,,,,,,,,,,,,,,,,,,,,,,,,,,,,,,,,,,,,,,,,,,,,,,,,,,,,,,,,,,,,,,,,,,,,,,,,,,,,,,,,,,,,,,,,,,,,,,,,,,,,,,,,,,,,,,,,,,,,,,,,,,,,,,,,,,,,,,,,,,,,,,,,,,,,,,,,,,,,,,,,,,,,,,,,,,,,,,,,,,,,,,,,,,,,,,,,,,,,,,,,,,,,,,,,,,,,,,,,,,,,,,,,,,,,,,,,,,,,,,,,,,,,,,,,,,,,,,,,,,,,,,,,,,,,,,,,,,,,,,,,,,,,,,,,,,,,,,,,,,,,,,,,,,,,,,,,,,,,,,,,,,,,,,,,,,,,,,,,,,,,,,,,,,,,,,,,,,,,,,,,,,,,,,,,,,,,,,,,,,,,,,,,,,,,,,,,,,,,,,,,,,,,,,,,,,,,,,,,,,,,,,,,,,,,,,,,,,,,,,,,,,,,,,,,,,,,,,,,,,,,,,,,,,,,,,,,,,,,,,,,,,,,,,,,,,,,,,,,,,,,,,,,,,,,,,6a4ca071-290c-4548-af76-1e8b3c0090ec,60.0.158.135,,,,,,,,,,,,,,,,,,,,,
Aiko (Ahmedabad),134691,134292291,From Sales,117974701,378,,2026-07-06,3480,0,Active,Unpaid,,3480,0,0,0,0.00,0,0,0,0,2026-07-07 12:15:00,2026-07-07 12:15:00,410700,Kitchen,24AAMCB4304M1ZN,Surat,Aiko (Ahmedabad,Gujarat,U55101GJ2024PTC149642,"102, SANGINI ASPIRE, PAL-HAZIRA ROAD, BESIDE SANSKRUTI TOWNSHIP, PAL, SURAT, Gujarat
",9638077877,,,,Surat,Ahmedabad Bakery,Kitchen,,Gujarat,,"Ason vista, Ahmedabad, Gujarat ",9510355182,0,,1,PO0081085874,PO0081085874,1,,0,0,0,"[{""prev_price"":""0.000000"",""item_id"":""46385105"",""itemname"":""Ferrero Crunch"",""qty"":6,""price"":0,""amount"":0,""discount"":""0.000"",""lbl_unit"":""Piece"",""unit"":""2796366"",""description"":"""",""hsn_code"":"""",""weighted_price"":0,""invoice_date"":""2026-07-06"",""sap_code"":"""",""purchase_doc_number"":"""",""purchase_invoice_number"":"""",""tax1"":0,""tax2"":0,""tax3"":0,""tax1_amount"":0,""tax2_amount"":0,""tax3_amount"":0,""expiry_date"":"""",""manufacturing_date"":"""",""actual_qty"":""6.000"",""actual_unit_id"":""5804663"",""actual_unit_name"":""Piece"",""sap_group_master_id"":0,""category"":""Food"",""yield_qty"":""0"",""discount_application"":""B"",""container_weight"":0,""net_weight"":""6"",""gross_weight"":0,""tax_type"":0,""excise_duty"":0,""tax1_label"":""CGST"",""tax2_label"":""SGST"",""tax3_label"":""IGST""},{""prev_price"":""0.000000"",""item_id"":""46385358"",""itemname"":""Nutella Cream"",""qty"":350,""price"":0,""amount"":0,""discount"":""0.000"",""lbl_unit"":""GM"",""unit"":""2796373"",""description"":"""",""hsn_code"":"""",""weighted_price"":0,""invoice_date"":""2026-07-06"",""sap_code"":"""",""purchase_doc_number"":"""",""purchase_invoice_number"":"""",""tax1"":0,""tax2"":0,""tax3"":0,""tax1_amount"":0,""tax2_amount"":0,""tax3_amount"":0,""expiry_date"":"""",""manufacturing_date"":"""",""actual_qty"":""350.000"",""actual_unit_id"":""5804670"",""actual_unit_name"":""GM"",""sap_group_master_id"":0,""category"":""Food"",""yield_qty"":""0"",""discount_application"":""B"",""container_weight"":0,""net_weight"":""350"",""gross_weight"":0,""tax_type"":0,""excise_duty"":0,""tax1_label"":""CGST"",""tax2_label"":""SGST"",""tax3_label"":""IGST""},{""prev_price"":""0.000000"",""item_id"":""46345724"",""itemname"":""Chocolate Ganache"",""qty"":350,""price"":0,""amount"":0,""discount"":""0.000"",""lbl_unit"":""GM"",""unit"":""2796373"",""description"":"""",""hsn_code"":"""",""weighted_price"":0,""invoice_date"":""2026-07-06"",""sap_code"":"""",""purchase_doc_number"":"""",""purchase_invoice_number"":"""",""tax1"":0,""tax2"":0,""tax3"":0,""tax1_amount"":0,""tax2_amount"":0,""tax3_amount"":0,""expiry_date"":"""",""manufacturing_date"":"""",""actual_qty"":""350.000"",""actual_unit_id"":""5804670"",""actual_unit_name"":""GM"",""sap_group_master_id"":0,""category"":""Food"",""yield_qty"":""0"",""discount_application"":""B"",""container_weight"":0,""net_weight"":""350"",""gross_weight"":0,""tax_type"":0,""excise_duty"":0,""tax1_label"":""CGST"",""tax2_label"":""SGST"",""tax3_label"":""IGST""},{""prev_price"":""0.000000"",""item_id"":""46294196"",""itemname"":""Vanilla Cream"",""qty"":800,""price"":0,""amount"":0,""discount"":""0.000"",""lbl_unit"":""GM"",""unit"":""2796373"",""description"":"""",""hsn_code"":"""",""weighted_price"":0,""invoice_date"":""2026-07-06"",""sap_code"":"""",""purchase_doc_number"":"""",""purchase_invoice_number"":"""",""tax1"":0,""tax2"":0,""tax3"":0,""tax1_amount"":0,""tax2_amount"":0,""tax3_amount"":0,""expiry_date"":"""",""manufacturing_date"":"""",""actual_qty"":""600.000"",""actual_unit_id"":""5804670"",""actual_unit_name"":""GM"",""sap_group_master_id"":0,""category"":""Food"",""yield_qty"":""0"",""discount_application"":""B"",""container_weight"":0,""net_weight"":""800"",""gross_weight"":0,""tax_type"":0,""excise_duty"":0,""tax1_label"":""CGST"",""tax2_label"":""SGST"",""tax3_label"":""IGST""},{""prev_price"":""0.000000"",""item_id"":""46293238"",""itemname"":""Roasted Pista"",""qty"":200,""price"":0,""amount"":0,""discount"":""0.000"",""lbl_unit"":""GM"",""unit"":""2796373"",""description"":"""",""hsn_code"":"""",""weighted_price"":0,""invoice_date"":""2026-07-06"",""sap_code"":"""",""purchase_doc_number"":"""",""purchase_invoice_number"":"""",""tax1"":0,""tax2"":0,""tax3"":0,""tax1_amount"":0,""tax2_amount"":0,""tax3_amount"":0,""expiry_date"":"""",""manufacturing_date"":"""",""actual_qty"":""200.000"",""actual_unit_id"":""5804670"",""actual_unit_name"":""GM"",""sap_group_master_id"":0,""category"":""Food"",""yield_qty"":""0"",""discount_application"":""B"",""container_weight"":0,""net_weight"":""200"",""gross_weight"":0,""tax_type"":0,""excise_duty"":0,""tax1_label"":""CGST"",""tax2_label"":""SGST"",""tax3_label"":""IGST""},{""prev_price"":""0.000000"",""item_id"":""46735729"",""itemname"":""Roasted Hazelnuts"",""qty"":200,""price"":0,""amount"":0,""discount"":""0.000"",""lbl_unit"":""GM"",""unit"":""2796373"",""description"":"""",""hsn_code"":"""",""weighted_price"":0,""invoice_date"":""2026-07-06"",""sap_code"":"""",""purchase_doc_number"":"""",""purchase_invoice_number"":"""",""tax1"":0,""tax2"":0,""tax3"":0,""tax1_amount"":0,""tax2_amount"":0,""tax3_amount"":0,""expiry_date"":"""",""manufacturing_date"":"""",""actual_qty"":""200.000"",""actual_unit_id"":""5804670"",""actual_unit_name"":""GM"",""sap_group_master_id"":0,""category"":""Food"",""yield_qty"":""0"",""discount_application"":""B"",""container_weight"":0,""net_weight"":""200"",""gross_weight"":0,""tax_type"":0,""excise_duty"":0,""tax1_label"":""CGST"",""tax2_label"":""SGST"",""tax3_label"":""IGST""},{""prev_price"":""0.000000"",""item_id"":""46294197"",""itemname"":""Mango Milk"",""qty"":1,""price"":0,""amount"":0,""discount"":""0.000"",""lbl_unit"":""Kg"",""unit"":""2796367"",""description"":"""",""hsn_code"":"""",""weighted_price"":0,""invoice_date"":""2026-07-06"",""sap_code"":"""",""purchase_doc_number"":"""",""purchase_invoice_number"":"""",""tax1"":0,""tax2"":0,""tax3"":0,""tax1_amount"":0,""tax2_amount"":0,""tax3_amount"":0,""expiry_date"":"""",""manufacturing_date"":"""",""actual_qty"":""1.000"",""actual_unit_id"":""5804664"",""actual_unit_name"":""Kg"",""sap_group_master_id"":0,""category"":""Food"",""rmconv_qty"":""1000"",""rmconv_qty_total"":1000,""rmconv_unit_id"":""2796373"",""rmconv_unit"":""GM"",""yield_qty"":""0"",""discount_application"":""B"",""container_weight"":0,""net_weight"":""1"",""gross_weight"":0,""tax_type"":0,""excise_duty"":0,""tax1_label"":""CGST"",""tax2_label"":""SGST"",""tax3_label"":""IGST""},{""prev_price"":""580.000000"",""item_id"":""46385383"",""itemname"":""Mango Tres Leches"",""qty"":6,""price"":580,""amount"":3480,""discount"":""0.000"",""lbl_unit"":""Piece"",""unit"":""2796366"",""description"":"""",""hsn_code"":"""",""weighted_price"":580,""invoice_date"":""2026-07-06"",""sap_code"":"""",""purchase_doc_number"":"""",""purchase_invoice_number"":"""",""tax1"":0,""tax2"":0,""tax3"":0,""tax1_amount"":0,""tax2_amount"":0,""tax3_amount"":0,""expiry_date"":"""",""manufacturing_date"":"""",""actual_qty"":""6.000"",""actual_unit_id"":""5804663"",""actual_unit_name"":""Piece"",""sap_group_master_id"":0,""category"":""Food"",""yield_qty"":""0"",""discount_application"":""B"",""container_weight"":0,""net_weight"":""6"",""gross_weight"":0,""tax_type"":0,""excise_duty"":0,""tax1_label"":""CGST"",""tax2_label"":""SGST"",""tax3_label"":""IGST""},{""prev_price"":""0.000000"",""item_id"":""46386633"",""itemname"":""Cake Slice"",""qty"":10,""price"":0,""amount"":0,""discount"":""0.000"",""lbl_unit"":""pcs"",""unit"":""3939123"",""description"":"""",""hsn_code"":"""",""weighted_price"":0,""invoice_date"":""2026-07-06"",""sap_code"":"""",""purchase_doc_number"":"""",""purchase_invoice_number"":"""",""tax1"":0,""tax2"":0,""tax3"":0,""tax1_amount"":0,""tax2_amount"":0,""tax3_amount"":0,""expiry_date"":"""",""manufacturing_date"":"""",""sap_group_master_id"":0,""category"":""Food"",""yield_qty"":""0"",""discount_application"":""B"",""container_weight"":0,""net_weight"":""10"",""gross_weight"":0,""tax_type"":0,""excise_duty"":0,""tax1_label"":""CGST"",""tax2_label"":""SGST"",""tax3_label"":""IGST""}]",[],0,0,,,[],[],,,,,,,,,,,,,,,,,,,,,,,,,,,,,,,,,,,,,,,,,,,,,,,,,,,,,,,,,,,,,,,,,,,,,,,,,,,,,,,,,,,,,,,,,,,,,,,,,,,,,,,,,,,,,,,,,,,,,,,,,,,,,,,,,,,,,,,,,,,,,,,,,,,,,,,,,,,,,,,,,,,,,,,,,,,,,,,,,,,,,,,,,,,,,,,,,,,,,,,,,,,,,,,,,,,,,,,,,,,,,,,,,,,,,,,,,,,,,,,,,,,,,,,,,,,,,,,,,,,,,,,,,,,,,,,,,,,,,,,,,,,,,,,,,,,,,,,,,,,,,,,,,,,,,,,,,,,,,,,,,,,,,,,,,,,,,,,,,,,,,,,,,,,,,,,,,,,,,,,,,,,,,,,,,,,,,,,,,,,,,,,,,,,,,,,,,,,,,,,,,,,,,,,,,,,,,,,,,,,,,,,,,,,,,,,,,,,,,,,,,,,,,,,,,,,,,,,,,,,,,,,,,,,,,,,,,,,,,,,,,,,,,,,,,,,,,,,,,,,,,,,,,,,,,,,,,,,,,,,,,,,,,,,,,,,,,,,,,,,,,,,,,,,,,,,,,,,,,,,,,,,,,,,,,,,,,,,,,,,,,,,,,,,,,,,,,,,,,,,,,,,,,,,,,,,,,,,,,,,,,,,,,,,,,,,,,,,,,,,,,,,,,,,,,,,,,,,,,,,,,,,,,,,,,,,,,,,,,,,,,,,,,,,,,,,,,,,,,,,,,,,,,,,,,,,,,,,,,,,,,,,,,,,,,6a4ca052-6bb0-411a-8f68-5cd93c009e87,60.0.140.147,,,,,,,,,,,,,,,,,,,
Aiko (Ahmedabad),134691,134084933,From Sales,117888921,377,,2026-07-05,2900,0,Active,Unpaid,,2900,0,0,0,0.00,0,0,0,0,2026-07-05 12:41:56,2026-07-05 12:41:56,410700,Kitchen,24AAMCB4304M1ZN,Surat,Aiko (Ahmedabad,Gujarat,U55101GJ2024PTC149642,"102, SANGINI ASPIRE, PAL-HAZIRA ROAD, BESIDE SANSKRUTI TOWNSHIP, PAL, SURAT, Gujarat
",9638077877,,,,Surat,Ahmedabad Bakery,Kitchen,,Gujarat,,"Ason vista, Ahmedabad, Gujarat ",9510355182,0,,1,PO0081071116,PO0081071116,1,,0,0,0,"[{""prev_price"":""0.000000"",""item_id"":""46385105"",""itemname"":""Ferrero Crunch"",""qty"":5,""price"":0,""amount"":0,""discount"":""0.000"",""lbl_unit"":""Piece"",""unit"":""2796366"",""description"":"""",""hsn_code"":"""",""weighted_price"":0,""invoice_date"":""2026-07-05"",""sap_code"":"""",""purchase_doc_number"":"""",""purchase_invoice_number"":"""",""tax1"":0,""tax2"":0,""tax3"":0,""tax1_amount"":0,""tax2_amount"":0,""tax3_amount"":0,""expiry_date"":"""",""manufacturing_date"":"""",""actual_qty"":""5.000"",""actual_unit_id"":""5804663"",""actual_unit_name"":""Piece"",""sap_group_master_id"":0,""category"":""Food"",""yield_qty"":""0"",""discount_application"":""B"",""container_weight"":0,""net_weight"":""5"",""gross_weight"":0,""tax_type"":0,""excise_duty"":0,""tax1_label"":""CGST"",""tax2_label"":""SGST"",""tax3_label"":""IGST""},{""prev_price"":""0.000000"",""item_id"":""46385358"",""itemname"":""Nutella Cream"",""qty"":300,""price"":0,""amount"":0,""discount"":""0.000"",""lbl_unit"":""GM"",""unit"":""2796373"",""description"":"""",""hsn_code"":"""",""weighted_price"":0,""invoice_date"":""2026-07-05"",""sap_code"":"""",""purchase_doc_number"":"""",""purchase_invoice_number"":"""",""tax1"":0,""tax2"":0,""tax3"":0,""tax1_amount"":0,""tax2_amount"":0,""tax3_amount"":0,""expiry_date"":"""",""manufacturing_date"":"""",""actual_qty"":""300.000"",""actual_unit_id"":""5804670"",""actual_unit_name"":""GM"",""sap_group_master_id"":0,""category"":""Food"",""yield_qty"":""0"",""discount_application"":""B"",""container_weight"":0,""net_weight"":""300"",""gross_weight"":0,""tax_type"":0,""excise_duty"":0,""tax1_label"":""CGST"",""tax2_label"":""SGST"",""tax3_label"":""IGST""},{""prev_price"":""580.000000"",""item_id"":""46379830"",""itemname"":""Soufle Batter"",""qty"":5,""price"":580,""amount"":2900,""discount"":""0.000"",""lbl_unit"":""Piece"",""unit"":""2796366"",""description"":"""",""hsn_code"":"""",""weighted_price"":580,""invoice_date"":""2026-07-05"",""sap_code"":"""",""purchase_doc_number"":"""",""purchase_invoice_number"":"""",""tax1"":0,""tax2"":0,""tax3"":0,""tax1_amount"":0,""tax2_amount"":0,""tax3_amount"":0,""expiry_date"":"""",""manufacturing_date"":"""",""actual_qty"":""5.000"",""actual_unit_id"":""5804663"",""actual_unit_name"":""Piece"",""sap_group_master_id"":0,""category"":""Food"",""yield_qty"":""0"",""discount_application"":""B"",""container_weight"":0,""net_weight"":""5"",""gross_weight"":0,""tax_type"":0,""excise_duty"":0,""tax1_label"":""CGST"",""tax2_label"":""SGST"",""tax3_label"":""IGST""},{""prev_price"":""0.000000"",""item_id"":""46294195"",""itemname"":""Mango Jam"",""qty"":200,""price"":0,""amount"":0,""discount"":""0.000"",""lbl_unit"":""GM"",""unit"":""2796373"",""description"":"""",""hsn_code"":"""",""weighted_price"":0,""invoice_date"":""2026-07-05"",""sap_code"":"""",""purchase_doc_number"":"""",""purchase_invoice_number"":"""",""tax1"":0,""tax2"":0,""tax3"":0,""tax1_amount"":0,""tax2_amount"":0,""tax3_amount"":0,""expiry_date"":"""",""manufacturing_date"":"""",""actual_qty"":""200.000"",""actual_unit_id"":""5804670"",""actual_unit_name"":""GM"",""sap_group_master_id"":0,""category"":""Food"",""yield_qty"":""0"",""discount_application"":""B"",""container_weight"":0,""net_weight"":""200"",""gross_weight"":0,""tax_type"":0,""excise_duty"":0,""tax1_label"":""CGST"",""tax2_label"":""SGST"",""tax3_label"":""IGST""},{""prev_price"":""0.000000"",""item_id"":""46379850"",""itemname"":""Chocolate Sticks"",""qty"":20,""price"":0,""amount"":0,""discount"":""0.000"",""lbl_unit"":""GM"",""unit"":""2796373"",""description"":"""",""hsn_code"":"""",""weighted_price"":0,""invoice_date"":""2026-07-05"",""sap_code"":"""",""purchase_doc_number"":"""",""purchase_invoice_number"":"""",""tax1"":0,""tax2"":0,""tax3"":0,""tax1_amount"":0,""tax2_amount"":0,""tax3_amount"":0,""expiry_date"":"""",""manufacturing_date"":"""",""actual_qty"":""20.000"",""actual_unit_id"":""5804670"",""actual_unit_name"":""GM"",""sap_group_master_id"":0,""category"":""Food"",""yield_qty"":""0"",""discount_application"":""B"",""container_weight"":0,""net_weight"":""20"",""gross_weight"":0,""tax_type"":0,""excise_duty"":0,""tax1_label"":""CGST"",""tax2_label"":""SGST"",""tax3_label"":""IGST""}]",[],0,0,,,[],[],,,,,,,,,,,,,,,,,,,,,,,,,,,,,,,,,,,,,,,,,,,,,,,,,,,,,,,,,,,,,,,,,,,,,,,,,,,,,,,,,,,,,,,,,,,,,,,,,,,,,,,,,,,,,,,,,,,,,,,,,,,,,,,,,,,,,,,,,,,,,,,,,,,,,,,,,,,,,,,,,,,,,,,,,,,,,,,,,,,,,,,,,,,,,,,,,,,,,,,,,,,,,,,,,,,,,,,,,,,,,,,,,,,,,,,,,,,,,,,,,,,,,,,,,,,,,,,,,,,,,,,,,,,,,,,,,,,,,,,,,,,,,,,,,,,,,,,,,,,,,,,,,,,,,,,,,,,,,,,,,,,,,,,,,,,,,,,,,,,,,,,,,,,,,,,,,,,,,,,,,,,,,,,,,,,,,,,,,,,,,,,,,,,,,,,,,,,,,,,,,,,,,,,,,,,,,,,,,,,,,,,,,,,,,,,,,,,,,,,,,,,,,,,,,,,,,,,,,,,,,,,,,,,,,,,,,,,,,,,,,,,,,,,,,,,,,,,,,,,,,,,,,,,,,,,,,,,,,,,,,,,,,,,,,,,,,,,,,,,,,,,,,,,,,,,,,,,,,,,,,,,,,,,,,,,,,,,,,,,,,,,,,,,,,,,,,,,,,,,,,,,,,,,,,,,,,,,,,,,,,,,,,,,,,,,,,,,,,,,,,,,,,,,,,,,,,,,,,,,,,,,,,,,,,,,,,,,,,,,,,,,,,,,,,,,,,,,,,,,,,,,,,,,,,,,,,,,,,,,,,,,,,,,,,,,6a4a039e-521c-4d3b-b50f-4b813c0092f4,60.0.158.135,,,,,,,,,,,,,,,,,
Aiko (Ahmedabad),134691,134084835,From Sales,117798387,376,,2026-07-04,55,0,Active,Unpaid,,55,0,0,0,0.00,0,0,0,0,2026-07-05 12:41:02,2026-07-05 12:41:02,410150,Kitchen,24AAMCB4304M1ZN,Surat,Aiko (Ahmedabad,Gujarat,U55101GJ2024PTC149642,"102, SANGINI ASPIRE, PAL-HAZIRA ROAD, BESIDE SANSKRUTI TOWNSHIP, PAL, SURAT, Gujarat
",9638077877,,,,Surat,Ahmedabad Prep Kitchen,Kitchen,,Gujarat,,"Ason vista, Sanidhya, Ahmedabad, Gujarat 380058",9510355182,0,,1,PO0081055143,PO0081055143,1,,0,0,0,"[{""prev_price"":""0.000000"",""item_id"":""46293766"",""itemname"":""Spring Onion Slit"",""qty"":50,""price"":0,""amount"":0,""discount"":""0.000"",""lbl_unit"":""GM"",""unit"":""2796373"",""description"":"""",""hsn_code"":"""",""weighted_price"":0,""invoice_date"":""2026-07-04"",""sap_code"":"""",""purchase_doc_number"":"""",""purchase_invoice_number"":"""",""tax1"":0,""tax2"":0,""tax3"":0,""tax1_amount"":0,""tax2_amount"":0,""tax3_amount"":0,""expiry_date"":"""",""manufacturing_date"":"""",""actual_qty"":""50.000"",""actual_unit_id"":""5790698"",""actual_unit_name"":""GM"",""sap_group_master_id"":0,""category"":""Food"",""yield_qty"":""0"",""discount_application"":""B"",""container_weight"":0,""net_weight"":""50"",""gross_weight"":0,""tax_type"":0,""excise_duty"":0,""tax1_label"":""CGST"",""tax2_label"":""SGST"",""tax3_label"":""IGST""},{""prev_price"":""0.000000"",""item_id"":""46293696"",""itemname"":""Bell Pepper Square"",""qty"":500,""price"":0,""amount"":0,""discount"":""0.000"",""lbl_unit"":""GM"",""unit"":""2796373"",""description"":""mix Bell paper 500 gm"",""hsn_code"":"""",""weighted_price"":0,""invoice_date"":""2026-07-04"",""sap_code"":"""",""purchase_doc_number"":"""",""purchase_invoice_number"":"""",""tax1"":0,""tax2"":0,""tax3"":0,""tax1_amount"":0,""tax2_amount"":0,""tax3_amount"":0,""expiry_date"":"""",""manufacturing_date"":"""",""actual_qty"":""500.000"",""actual_unit_id"":""5790698"",""actual_unit_name"":""GM"",""sap_group_master_id"":0,""category"":""Food"",""yield_qty"":""0"",""discount_application"":""B"",""container_weight"":0,""net_weight"":""500"",""gross_weight"":0,""tax_type"":0,""excise_duty"":0,""tax1_label"":""CGST"",""tax2_label"":""SGST"",""tax3_label"":""IGST""},{""prev_price"":""0.220000"",""item_id"":""46293756"",""itemname"":""Shimeji Mushroom"",""qty"":250,""price"":0.22,""amount"":55,""discount"":""0.000"",""lbl_unit"":""GM"",""unit"":""2796373"",""description"":"""",""hsn_code"":"""",""weighted_price"":0.22,""invoice_date"":""2026-07-04"",""sap_code"":"""",""purchase_doc_number"":"""",""purchase_invoice_number"":"""",""tax1"":0,""tax2"":0,""tax3"":0,""tax1_amount"":0,""tax2_amount"":0,""tax3_amount"":0,""expiry_date"":"""",""manufacturing_date"":"""",""actual_qty"":""250.000"",""actual_unit_id"":""5790698"",""actual_unit_name"":""GM"",""sap_group_master_id"":0,""category"":""Food"",""yield_qty"":""0"",""discount_application"":""B"",""container_weight"":0,""net_weight"":""250"",""gross_weight"":0,""tax_type"":0,""excise_duty"":0,""tax1_label"":""CGST"",""tax2_label"":""SGST"",""tax3_label"":""IGST""},{""prev_price"":""0.000000"",""item_id"":""46564447"",""itemname"":""Garlic"",""qty"":1,""price"":0,""amount"":0,""discount"":""0.000"",""lbl_unit"":""Kg"",""unit"":""2796367"",""description"":"""",""hsn_code"":"""",""weighted_price"":0,""invoice_date"":""2026-07-04"",""sap_code"":"""",""purchase_doc_number"":"""",""purchase_invoice_number"":"""",""tax1"":0,""tax2"":0,""tax3"":0,""tax1_amount"":0,""tax2_amount"":0,""tax3_amount"":0,""expiry_date"":"""",""manufacturing_date"":"""",""actual_qty"":""1.000"",""actual_unit_id"":""5790692"",""actual_unit_name"":""Kg"",""sap_group_master_id"":0,""category"":""Food"",""rmconv_qty"":""1000"",""rmconv_qty_total"":1000,""rmconv_unit_id"":""2796373"",""rmconv_unit"":""GM"",""yield_qty"":""0"",""discount_application"":""B"",""container_weight"":0,""net_weight"":""1"",""gross_weight"":0,""tax_type"":0,""excise_duty"":0,""tax1_label"":""CGST"",""tax2_label"":""SGST"",""tax3_label"":""IGST""},{""prev_price"":""0.000000"",""item_id"":""46293729"",""itemname"":""Coriander Process"",""qty"":100,""price"":0,""amount"":0,""discount"":""0.000"",""lbl_unit"":""GM"",""unit"":""2796373"",""description"":"""",""hsn_code"":"""",""weighted_price"":0,""invoice_date"":""2026-07-04"",""sap_code"":"""",""purchase_doc_number"":"""",""purchase_invoice_number"":"""",""tax1"":0,""tax2"":0,""tax3"":0,""tax1_amount"":0,""tax2_amount"":0,""tax3_amount"":0,""expiry_date"":"""",""manufacturing_date"":"""",""actual_qty"":""100.000"",""actual_unit_id"":""5790698"",""actual_unit_name"":""GM"",""sap_group_master_id"":0,""category"":""Food"",""yield_qty"":""0"",""discount_application"":""B"",""container_weight"":0,""net_weight"":""100"",""gross_weight"":0,""tax_type"":0,""excise_duty"":0,""tax1_label"":""CGST"",""tax2_label"":""SGST"",""tax3_label"":""IGST""},{""prev_price"":""0.000000"",""item_id"":""46293720"",""itemname"":""Purple Cabbage Sliced"",""qty"":100,""price"":0,""amount"":0,""discount"":""0.000"",""lbl_unit"":""GM"",""unit"":""2796373"",""description"":"""",""hsn_code"":"""",""weighted_price"":0,""invoice_date"":""2026-07-04"",""sap_code"":"""",""purchase_doc_number"":"""",""purchase_invoice_number"":"""",""tax1"":0,""tax2"":0,""tax3"":0,""tax1_amount"":0,""tax2_amount"":0,""tax3_amount"":0,""expiry_date"":"""",""manufacturing_date"":"""",""actual_qty"":""100.000"",""actual_unit_id"":""5790698"",""actual_unit_name"":""GM"",""sap_group_master_id"":0,""category"":""Food"",""yield_qty"":""0"",""discount_application"":""B"",""container_weight"":0,""net_weight"":""100"",""gross_weight"":0,""tax_type"":0,""excise_duty"":0,""tax1_label"":""CGST"",""tax2_label"":""SGST"",""tax3_label"":""IGST""}]",[],0,0,,,[],[],,,,,,,,,,,,,,,,,,,,,,,,,,,,,,,,,,,,,,,,,,,,,,,,,,,,,,,,,,,,,,,,,,,,,,,,,,,,,,,,,,,,,,,,,,,,,,,,,,,,,,,,,,,,,,,,,,,,,,,,,,,,,,,,,,,,,,,,,,,,,,,,,,,,,,,,,,,,,,,,,,,,,,,,,,,,,,,,,,,,,,,,,,,,,,,,,,,,,,,,,,,,,,,,,,,,,,,,,,,,,,,,,,,,,,,,,,,,,,,,,,,,,,,,,,,,,,,,,,,,,,,,,,,,,,,,,,,,,,,,,,,,,,,,,,,,,,,,,,,,,,,,,,,,,,,,,,,,,,,,,,,,,,,,,,,,,,,,,,,,,,,,,,,,,,,,,,,,,,,,,,,,,,,,,,,,,,,,,,,,,,,,,,,,,,,,,,,,,,,,,,,,,,,,,,,,,,,,,,,,,,,,,,,,,,,,,,,,,,,,,,,,,,,,,,,,,,,,,,,,,,,,,,,,,,,,,,,,,,,,,,,,,,,,,,,,,,,,,,,,,,,,,,,,,,,,,,,,,,,,,,,,,,,,,,,,,,,,,,,,,,,,,,,,,,,,,,,,,,,,,,,,,,,,,,,,,,,,,,,,,,,,,,,,,,,,,,,,,,,,,,,,,,,,,,,,,,,,,,,,,,,,,,,,,,,,,,,,,,,,,,,,,,,,,,,,,,,,,,,,,,,,,,,,,,,,,,,,,,,,,,,,,,,,,,,,,,,,,,,,,,,,,,,,,,,,,,,,,,,,,,,,,,,,,,,,,6a4a0375-9354-4a03-b934-35dc3c009e87,60.0.146.244,,,,,,,,,,,,,,,
Aiko (Ahmedabad),134691,134084696,From Sales,117707960,375,,2026-07-03,1140,0,Active,Unpaid,,1140,0,0,0,0.00,0,0,0,0,2026-07-05 12:39:44,2026-07-05 12:39:44,410150,Kitchen,24AAMCB4304M1ZN,Surat,Aiko (Ahmedabad,Gujarat,U55101GJ2024PTC149642,"102, SANGINI ASPIRE, PAL-HAZIRA ROAD, BESIDE SANSKRUTI TOWNSHIP, PAL, SURAT, Gujarat
",9638077877,,,,Surat,Ahmedabad Prep Kitchen,Kitchen,,Gujarat,,"Ason vista, Sanidhya, Ahmedabad, Gujarat 380058",9510355182,0,,1,PO0081040289,PO0081040289,1,,0,0,0,"[{""prev_price"":""0.000000"",""item_id"":""46293708"",""itemname"":""Cucumber Slice"",""qty"":3,""price"":0,""amount"":0,""discount"":""0.000"",""lbl_unit"":""Kg"",""unit"":""2796367"",""description"":"""",""hsn_code"":"""",""weighted_price"":0,""invoice_date"":""2026-07-03"",""sap_code"":"""",""purchase_doc_number"":"""",""purchase_invoice_number"":"""",""tax1"":0,""tax2"":0,""tax3"":0,""tax1_amount"":0,""tax2_amount"":0,""tax3_amount"":0,""expiry_date"":"""",""manufacturing_date"":"""",""actual_qty"":""3.000"",""actual_unit_id"":""5790692"",""actual_unit_name"":""Kg"",""sap_group_master_id"":0,""category"":""Food"",""rmconv_qty"":""1000"",""rmconv_qty_total"":3000,""rmconv_unit_id"":""2796373"",""rmconv_unit"":""GM"",""yield_qty"":""0"",""discount_application"":""B"",""container_weight"":0,""net_weight"":""3"",""gross_weight"":0,""tax_type"":0,""excise_duty"":0,""tax1_label"":""CGST"",""tax2_label"":""SGST"",""tax3_label"":""IGST""},{""prev_price"":""960.000000"",""item_id"":""46295722"",""itemname"":""Alphonso Mango"",""qty"":1,""price"":960,""amount"":960,""discount"":""0.000"",""lbl_unit"":""dozen"",""unit"":""5523062"",""description"":"""",""hsn_code"":"""",""weighted_price"":960,""invoice_date"":""2026-07-03"",""sap_code"":"""",""purchase_doc_number"":"""",""purchase_invoice_number"":"""",""tax1"":0,""tax2"":0,""tax3"":0,""tax1_amount"":0,""tax2_amount"":0,""tax3_amount"":0,""expiry_date"":"""",""manufacturing_date"":"""",""actual_qty"":""1.000"",""actual_unit_id"":""6058571"",""actual_unit_name"":""dozen"",""sap_group_master_id"":0,""category"":""Food"",""yield_qty"":""0"",""discount_application"":""B"",""container_weight"":0,""net_weight"":""1"",""gross_weight"":0,""tax_type"":0,""excise_duty"":0,""tax1_label"":""CGST"",""tax2_label"":""SGST"",""tax3_label"":""IGST""},{""prev_price"":""160.000000"",""item_id"":""46293761"",""itemname"":""Edible Flower"",""qty"":1,""price"":160,""amount"":160,""discount"":""0.000"",""lbl_unit"":""Pkt"",""unit"":""6580251"",""description"":"""",""hsn_code"":"""",""weighted_price"":160,""invoice_date"":""2026-07-03"",""sap_code"":"""",""purchase_doc_number"":"""",""purchase_invoice_number"":"""",""tax1"":0,""tax2"":0,""tax3"":0,""tax1_amount"":0,""tax2_amount"":0,""tax3_amount"":0,""expiry_date"":"""",""manufacturing_date"":"""",""actual_qty"":""1.000"",""actual_unit_id"":""6694691"",""actual_unit_name"":""Pkt"",""sap_group_master_id"":0,""category"":""Food"",""yield_qty"":""0"",""discount_application"":""B"",""container_weight"":0,""net_weight"":""1"",""gross_weight"":0,""tax_type"":0,""excise_duty"":0,""tax1_label"":""CGST"",""tax2_label"":""SGST"",""tax3_label"":""IGST""},{""prev_price"":""0.000000"",""item_id"":""46292691"",""itemname"":""Kafir Lime Leaves."",""qty"":10,""price"":0,""amount"":0,""discount"":""0.000"",""lbl_unit"":""GM"",""unit"":""2796373"",""description"":"""",""hsn_code"":"""",""weighted_price"":0,""invoice_date"":""2026-07-03"",""sap_code"":"""",""purchase_doc_number"":"""",""purchase_invoice_number"":"""",""tax1"":0,""tax2"":0,""tax3"":0,""tax1_amount"":0,""tax2_amount"":0,""tax3_amount"":0,""expiry_date"":"""",""manufacturing_date"":"""",""actual_qty"":""10.000"",""actual_unit_id"":""5790698"",""actual_unit_name"":""GM"",""sap_group_master_id"":0,""category"":""Food"",""yield_qty"":""0"",""discount_application"":""B"",""container_weight"":0,""net_weight"":""10"",""gross_weight"":0,""tax_type"":0,""excise_duty"":0,""tax1_label"":""CGST"",""tax2_label"":""SGST"",""tax3_label"":""IGST""},{""prev_price"":""100.000000"",""item_id"":""46619043"",""itemname"":""Green Lemon"",""qty"":0.2,""price"":100,""amount"":20,""discount"":""0.000"",""lbl_unit"":""Kg"",""unit"":""2796367"",""description"":"""",""hsn_code"":"""",""weighted_price"":100,""invoice_date"":""2026-07-03"",""sap_code"":"""",""purchase_doc_number"":"""",""purchase_invoice_number"":"""",""tax1"":0,""tax2"":0,""tax3"":0,""tax1_amount"":0,""tax2_amount"":0,""tax3_amount"":0,""expiry_date"":"""",""manufacturing_date"":"""",""actual_qty"":""0.200"",""actual_unit_id"":""5790692"",""actual_unit_name"":""Kg"",""sap_group_master_id"":0,""category"":""Food"",""yield_qty"":""0"",""discount_application"":""B"",""container_weight"":0,""net_weight"":""0.2"",""gross_weight"":0,""tax_type"":0,""excise_duty"":0,""tax1_label"":""CGST"",""tax2_label"":""SGST"",""tax3_label"":""IGST""}]",[],0,0,,,[],[],,,,,,,,,,,,,,,,,,,,,,,,,,,,,,,,,,,,,,,,,,,,,,,,,,,,,,,,,,,,,,,,,,,,,,,,,,,,,,,,,,,,,,,,,,,,,,,,,,,,,,,,,,,,,,,,,,,,,,,,,,,,,,,,,,,,,,,,,,,,,,,,,,,,,,,,,,,,,,,,,,,,,,,,,,,,,,,,,,,,,,,,,,,,,,,,,,,,,,,,,,,,,,,,,,,,,,,,,,,,,,,,,,,,,,,,,,,,,,,,,,,,,,,,,,,,,,,,,,,,,,,,,,,,,,,,,,,,,,,,,,,,,,,,,,,,,,,,,,,,,,,,,,,,,,,,,,,,,,,,,,,,,,,,,,,,,,,,,,,,,,,,,,,,,,,,,,,,,,,,,,,,,,,,,,,,,,,,,,,,,,,,,,,,,,,,,,,,,,,,,,,,,,,,,,,,,,,,,,,,,,,,,,,,,,,,,,,,,,,,,,,,,,,,,,,,,,,,,,,,,,,,,,,,,,,,,,,,,,,,,,,,,,,,,,,,,,,,,,,,,,,,,,,,,,,,,,,,,,,,,,,,,,,,,,,,,,,,,,,,,,,,,,,,,,,,,,,,,,,,,,,,,,,,,,,,,,,,,,,,,,,,,,,,,,,,,,,,,,,,,,,,,,,,,,,,,,,,,,,,,,,,,,,,,,,,,,,,,,,,,,,,,,,,,,,,,,,,,,,,,,,,,,,,,,,,,,,,,,,,,,,,,,,,,,,,,,,,,,,,,,,,,,,,,,,,,,,,,,,,,,,,,,,,,,,,,,,6a4a0322-25cc-44de-b689-4b1b3c0092f4,60.0.158.135,,,,,,,,,,,,,
Aiko (Ahmedabad),134691,134084559,From Sales,117717567,374,,2026-07-03,3330,0,Active,Unpaid,,3330,0,0,0,0.00,0,0,0,0,2026-07-05 12:38:46,2026-07-05 12:38:46,443195,Kitchen,24AAMCB4304M1ZN,Surat,Aiko (Ahmedabad,Gujarat,U55101GJ2024PTC149642,"102, SANGINI ASPIRE, PAL-HAZIRA ROAD, BESIDE SANSKRUTI TOWNSHIP, PAL, SURAT, Gujarat
",9638077877,,,,Ahmedabad,Ahmedabad store 2.0 ,Kitchen,,Gujarat,,Ahmedabad ,8849373682,0,,1,PO0081040215,PO0081040215,1,,0,0,0,"[{""prev_price"":""90.000000"",""item_id"":""46297255"",""itemname"":""Piping Bag"",""qty"":2,""price"":90,""amount"":180,""discount"":""0.000"",""lbl_unit"":""Pkts"",""unit"":""2796374"",""description"":"""",""hsn_code"":"""",""weighted_price"":90,""invoice_date"":""2026-07-03"",""sap_code"":"""",""purchase_doc_number"":"""",""purchase_invoice_number"":"""",""tax1"":0,""tax2"":0,""tax3"":0,""tax1_amount"":0,""tax2_amount"":0,""tax3_amount"":0,""expiry_date"":"""",""manufacturing_date"":"""",""actual_qty"":""2.000"",""actual_unit_id"":""6602478"",""actual_unit_name"":""Pkts"",""sap_group_master_id"":0,""category"":""Packaging"",""yield_qty"":""0"",""discount_application"":""B"",""container_weight"":0,""net_weight"":""2"",""gross_weight"":0,""tax_type"":0,""excise_duty"":0,""tax1_label"":""CGST"",""tax2_label"":""SGST"",""tax3_label"":""IGST""},{""prev_price"":""9.000000"",""item_id"":""46297209"",""itemname"":""1000 Ml Container"",""qty"":350,""price"":9,""amount"":3150,""discount"":""0.000"",""lbl_unit"":""Qty"",""unit"":""2796384"",""description"":"""",""hsn_code"":"""",""weighted_price"":9,""invoice_date"":""2026-07-03"",""sap_code"":"""",""purchase_doc_number"":"""",""purchase_invoice_number"":"""",""tax1"":0,""tax2"":0,""tax3"":0,""tax1_amount"":0,""tax2_amount"":0,""tax3_amount"":0,""expiry_date"":"""",""manufacturing_date"":"""",""actual_qty"":""350.000"",""actual_unit_id"":""6602488"",""actual_unit_name"":""Qty"",""sap_group_master_id"":0,""category"":""Packaging"",""yield_qty"":""0"",""discount_application"":""B"",""container_weight"":0,""net_weight"":""350"",""gross_weight"":0,""tax_type"":0,""excise_duty"":0,""tax1_label"":""CGST"",""tax2_label"":""SGST"",""tax3_label"":""IGST""}]",[],0,0,,,[],[],,,,,,,,,,,,,,,,,,,,,,,,,,,,,,,,,,,,,,,,,,,,,,,,,,,,,,,,,,,,,,,,,,,,,,,,,,,,,,,,,,,,,,,,,,,,,,,,,,,,,,,,,,,,,,,,,,,,,,,,,,,,,,,,,,,,,,,,,,,,,,,,,,,,,,,,,,,,,,,,,,,,,,,,,,,,,,,,,,,,,,,,,,,,,,,,,,,,,,,,,,,,,,,,,,,,,,,,,,,,,,,,,,,,,,,,,,,,,,,,,,,,,,,,,,,,,,,,,,,,,,,,,,,,,,,,,,,,,,,,,,,,,,,,,,,,,,,,,,,,,,,,,,,,,,,,,,,,,,,,,,,,,,,,,,,,,,,,,,,,,,,,,,,,,,,,,,,,,,,,,,,,,,,,,,,,,,,,,,,,,,,,,,,,,,,,,,,,,,,,,,,,,,,,,,,,,,,,,,,,,,,,,,,,,,,,,,,,,,,,,,,,,,,,,,,,,,,,,,,,,,,,,,,,,,,,,,,,,,,,,,,,,,,,,,,,,,,,,,,,,,,,,,,,,,,,,,,,,,,,,,,,,,,,,,,,,,,,,,,,,,,,,,,,,,,,,,,,,,,,,,,,,,,,,,,,,,,,,,,,,,,,,,,,,,,,,,,,,,,,,,,,,,,,,,,,,,,,,,,,,,,,,,,,,,,,,,,,,,,,,,,,,,,,,,,,,,,,,,,,,,,,,,,,,,,,,,,,,,,,,,,,,,,,,,,,,,,,,,,,,,,,,,,,,,,,,,,,,,,,,,,,,,,,,,,,,,,,,6a4a02eb-947c-4021-a283-26ab3c009e87,60.0.158.135,,,,,,,,,,,
Aiko (Ahmedabad),134691,134084522,From Sales,117724839,373,,2026-07-03,8120,0,Active,Unpaid,,8120,0,0,0,0.00,0,0,0,0,2026-07-05 12:38:23,2026-07-05 12:38:23,410700,Kitchen,24AAMCB4304M1ZN,Surat,Aiko (Ahmedabad,Gujarat,U55101GJ2024PTC149642,"102, SANGINI ASPIRE, PAL-HAZIRA ROAD, BESIDE SANSKRUTI TOWNSHIP, PAL, SURAT, Gujarat
",9638077877,,,,Surat,Ahmedabad Bakery,Kitchen,,Gujarat,,"Ason vista, Ahmedabad, Gujarat ",9510355182,0,,1,PO0081040268,PO0081040268,1,,0,0,0,"[{""prev_price"":""580.000000"",""item_id"":""46385383"",""itemname"":""Mango Tres Leches"",""qty"":9,""price"":580,""amount"":5220,""discount"":""0.000"",""lbl_unit"":""Piece"",""unit"":""2796366"",""description"":"""",""hsn_code"":"""",""weighted_price"":580,""invoice_date"":""2026-07-03"",""sap_code"":"""",""purchase_doc_number"":"""",""purchase_invoice_number"":"""",""tax1"":0,""tax2"":0,""tax3"":0,""tax1_amount"":0,""tax2_amount"":0,""tax3_amount"":0,""expiry_date"":"""",""manufacturing_date"":"""",""actual_qty"":""9.000"",""actual_unit_id"":""5804663"",""actual_unit_name"":""Piece"",""sap_group_master_id"":0,""category"":""Food"",""yield_qty"":""0"",""discount_application"":""B"",""container_weight"":0,""net_weight"":""9"",""gross_weight"":0,""tax_type"":0,""excise_duty"":0,""tax1_label"":""CGST"",""tax2_label"":""SGST"",""tax3_label"":""IGST""},{""prev_price"":""0.000000"",""item_id"":""46618781"",""itemname"":""Tres Leche Milk"",""qty"":1.5,""price"":0,""amount"":0,""discount"":""0.000"",""lbl_unit"":""Kg"",""unit"":""2796367"",""description"":"""",""hsn_code"":"""",""weighted_price"":0,""invoice_date"":""2026-07-03"",""sap_code"":"""",""purchase_doc_number"":"""",""purchase_invoice_number"":"""",""tax1"":0,""tax2"":0,""tax3"":0,""tax1_amount"":0,""tax2_amount"":0,""tax3_amount"":0,""expiry_date"":"""",""manufacturing_date"":"""",""actual_qty"":""1.500"",""actual_unit_id"":""5804664"",""actual_unit_name"":""Kg"",""sap_group_master_id"":0,""category"":""Food"",""yield_qty"":""0"",""discount_application"":""B"",""container_weight"":0,""net_weight"":""1.5"",""gross_weight"":0,""tax_type"":0,""excise_duty"":0,""tax1_label"":""CGST"",""tax2_label"":""SGST"",""tax3_label"":""IGST""},{""prev_price"":""0.000000"",""item_id"":""46294195"",""itemname"":""Mango Jam"",""qty"":500,""price"":0,""amount"":0,""discount"":""0.000"",""lbl_unit"":""GM"",""unit"":""2796373"",""description"":"""",""hsn_code"":"""",""weighted_price"":0,""invoice_date"":""2026-07-03"",""sap_code"":"""",""purchase_doc_number"":"""",""purchase_invoice_number"":"""",""tax1"":0,""tax2"":0,""tax3"":0,""tax1_amount"":0,""tax2_amount"":0,""tax3_amount"":0,""expiry_date"":"""",""manufacturing_date"":"""",""actual_qty"":""500.000"",""actual_unit_id"":""5804670"",""actual_unit_name"":""GM"",""sap_group_master_id"":0,""category"":""Food"",""yield_qty"":""0"",""discount_application"":""B"",""container_weight"":0,""net_weight"":""500"",""gross_weight"":0,""tax_type"":0,""excise_duty"":0,""tax1_label"":""CGST"",""tax2_label"":""SGST"",""tax3_label"":""IGST""},{""prev_price"":""0.000000"",""item_id"":""46385105"",""itemname"":""Ferrero Crunch"",""qty"":9,""price"":0,""amount"":0,""discount"":""0.000"",""lbl_unit"":""Piece"",""unit"":""2796366"",""description"":"""",""hsn_code"":"""",""weighted_price"":0,""invoice_date"":""2026-07-03"",""sap_code"":"""",""purchase_doc_number"":"""",""purchase_invoice_number"":"""",""tax1"":0,""tax2"":0,""tax3"":0,""tax1_amount"":0,""tax2_amount"":0,""tax3_amount"":0,""expiry_date"":"""",""manufacturing_date"":"""",""actual_qty"":""9.000"",""actual_unit_id"":""5804663"",""actual_unit_name"":""Piece"",""sap_group_master_id"":0,""category"":""Food"",""yield_qty"":""0"",""discount_application"":""B"",""container_weight"":0,""net_weight"":""9"",""gross_weight"":0,""tax_type"":0,""excise_duty"":0,""tax1_label"":""CGST"",""tax2_label"":""SGST"",""tax3_label"":""IGST""},{""prev_price"":""0.000000"",""item_id"":""46385358"",""itemname"":""Nutella Cream"",""qty"":350,""price"":0,""amount"":0,""discount"":""0.000"",""lbl_unit"":""GM"",""unit"":""2796373"",""description"":"""",""hsn_code"":"""",""weighted_price"":0,""invoice_date"":""2026-07-03"",""sap_code"":"""",""purchase_doc_number"":"""",""purchase_invoice_number"":"""",""tax1"":0,""tax2"":0,""tax3"":0,""tax1_amount"":0,""tax2_amount"":0,""tax3_amount"":0,""expiry_date"":"""",""manufacturing_date"":"""",""actual_qty"":""350.000"",""actual_unit_id"":""5804670"",""actual_unit_name"":""GM"",""sap_group_master_id"":0,""category"":""Food"",""yield_qty"":""0"",""discount_application"":""B"",""container_weight"":0,""net_weight"":""350"",""gross_weight"":0,""tax_type"":0,""excise_duty"":0,""tax1_label"":""CGST"",""tax2_label"":""SGST"",""tax3_label"":""IGST""},{""prev_price"":""0.000000"",""item_id"":""46345724"",""itemname"":""Chocolate Ganache"",""qty"":350,""price"":0,""amount"":0,""discount"":""0.000"",""lbl_unit"":""GM"",""unit"":""2796373"",""description"":"""",""hsn_code"":"""",""weighted_price"":0,""invoice_date"":""2026-07-03"",""sap_code"":"""",""purchase_doc_number"":"""",""purchase_invoice_number"":"""",""tax1"":0,""tax2"":0,""tax3"":0,""tax1_amount"":0,""tax2_amount"":0,""tax3_amount"":0,""expiry_date"":"""",""manufacturing_date"":"""",""actual_qty"":""350.000"",""actual_unit_id"":""5804670"",""actual_unit_name"":""GM"",""sap_group_master_id"":0,""category"":""Food"",""yield_qty"":""0"",""discount_application"":""B"",""container_weight"":0,""net_weight"":""350"",""gross_weight"":0,""tax_type"":0,""excise_duty"":0,""tax1_label"":""CGST"",""tax2_label"":""SGST"",""tax3_label"":""IGST""},{""prev_price"":""0.000000"",""item_id"":""46294196"",""itemname"":""Vanilla Cream"",""qty"":350,""price"":0,""amount"":0,""discount"":""0.000"",""lbl_unit"":""GM"",""unit"":""2796373"",""description"":"""",""hsn_code"":"""",""weighted_price"":0,""invoice_date"":""2026-07-03"",""sap_code"":"""",""purchase_doc_number"":"""",""purchase_invoice_number"":"""",""tax1"":0,""tax2"":0,""tax3"":0,""tax1_amount"":0,""tax2_amount"":0,""tax3_amount"":0,""expiry_date"":"""",""manufacturing_date"":"""",""actual_qty"":""350.000"",""actual_unit_id"":""5804670"",""actual_unit_name"":""GM"",""sap_group_master_id"":0,""category"":""Food"",""yield_qty"":""0"",""discount_application"":""B"",""container_weight"":0,""net_weight"":""350"",""gross_weight"":0,""tax_type"":0,""excise_duty"":0,""tax1_label"":""CGST"",""tax2_label"":""SGST"",""tax3_label"":""IGST""},{""prev_price"":""580.000000"",""item_id"":""46379830"",""itemname"":""Soufle Batter"",""qty"":5,""price"":580,""amount"":2900,""discount"":""0.000"",""lbl_unit"":""Piece"",""unit"":""2796366"",""description"":"""",""hsn_code"":"""",""weighted_price"":580,""invoice_date"":""2026-07-03"",""sap_code"":"""",""purchase_doc_number"":"""",""purchase_invoice_number"":"""",""tax1"":0,""tax2"":0,""tax3"":0,""tax1_amount"":0,""tax2_amount"":0,""tax3_amount"":0,""expiry_date"":"""",""manufacturing_date"":"""",""actual_qty"":""5.000"",""actual_unit_id"":""5804663"",""actual_unit_name"":""Piece"",""sap_group_master_id"":0,""category"":""Food"",""yield_qty"":""0"",""discount_application"":""B"",""container_weight"":0,""net_weight"":""5"",""gross_weight"":0,""tax_type"":0,""excise_duty"":0,""tax1_label"":""CGST"",""tax2_label"":""SGST"",""tax3_label"":""IGST""},{""prev_price"":""0.000000"",""item_id"":""46385375"",""itemname"":""Chocolate Streusel"",""qty"":200,""price"":0,""amount"":0,""discount"":""0.000"",""lbl_unit"":""GM"",""unit"":""2796373"",""description"":"""",""hsn_code"":"""",""weighted_price"":0,""invoice_date"":""2026-07-03"",""sap_code"":"""",""purchase_doc_number"":"""",""purchase_invoice_number"":"""",""tax1"":0,""tax2"":0,""tax3"":0,""tax1_amount"":0,""tax2_amount"":0,""tax3_amount"":0,""expiry_date"":"""",""manufacturing_date"":"""",""actual_qty"":""200.000"",""actual_unit_id"":""5804670"",""actual_unit_name"":""GM"",""sap_group_master_id"":0,""category"":""Food"",""yield_qty"":""0"",""discount_application"":""B"",""container_weight"":0,""net_weight"":""200"",""gross_weight"":0,""tax_type"":0,""excise_duty"":0,""tax1_label"":""CGST"",""tax2_label"":""SGST"",""tax3_label"":""IGST""},{""prev_price"":""0.000000"",""item_id"":""46386633"",""itemname"":""Cake Slice"",""qty"":10,""price"":0,""amount"":0,""discount"":""0.000"",""lbl_unit"":""pcs"",""unit"":""3939123"",""description"":"""",""hsn_code"":"""",""weighted_price"":0,""invoice_date"":""2026-07-03"",""sap_code"":"""",""purchase_doc_number"":"""",""purchase_invoice_number"":"""",""tax1"":0,""tax2"":0,""tax3"":0,""tax1_amount"":0,""tax2_amount"":0,""tax3_amount"":0,""expiry_date"":"""",""manufacturing_date"":"""",""sap_group_master_id"":0,""category"":""Food"",""yield_qty"":""0"",""discount_application"":""B"",""container_weight"":0,""net_weight"":""10"",""gross_weight"":0,""tax_type"":0,""excise_duty"":0,""tax1_label"":""CGST"",""tax2_label"":""SGST"",""tax3_label"":""IGST""},{""prev_price"":""0.000000"",""item_id"":""46386620"",""itemname"":""Coconut Ice Cream"",""qty"":2,""price"":0,""amount"":0,""discount"":""0.000"",""lbl_unit"":""Kg"",""unit"":""2796367"",""description"":"""",""hsn_code"":"""",""weighted_price"":0,""invoice_date"":""2026-07-03"",""sap_code"":"""",""purchase_doc_number"":"""",""purchase_invoice_number"":"""",""tax1"":0,""tax2"":0,""tax3"":0,""tax1_amount"":0,""tax2_amount"":0,""tax3_amount"":0,""expiry_date"":"""",""manufacturing_date"":"""",""sap_group_master_id"":0,""category"":""Food"",""rmconv_qty"":""1000"",""rmconv_qty_total"":2000,""rmconv_unit_id"":""2796373"",""rmconv_unit"":""GM"",""yield_qty"":""0"",""discount_application"":""B"",""container_weight"":0,""net_weight"":""2"",""gross_weight"":0,""tax_type"":0,""excise_duty"":0,""tax1_label"":""CGST"",""tax2_label"":""SGST"",""tax3_label"":""IGST""}]",[],0,0,,,[],[],,,,,,,,,,,,,,,,,,,,,,,,,,,,,,,,,,,,,,,,,,,,,,,,,,,,,,,,,,,,,,,,,,,,,,,,,,,,,,,,,,,,,,,,,,,,,,,,,,,,,,,,,,,,,,,,,,,,,,,,,,,,,,,,,,,,,,,,,,,,,,,,,,,,,,,,,,,,,,,,,,,,,,,,,,,,,,,,,,,,,,,,,,,,,,,,,,,,,,,,,,,,,,,,,,,,,,,,,,,,,,,,,,,,,,,,,,,,,,,,,,,,,,,,,,,,,,,,,,,,,,,,,,,,,,,,,,,,,,,,,,,,,,,,,,,,,,,,,,,,,,,,,,,,,,,,,,,,,,,,,,,,,,,,,,,,,,,,,,,,,,,,,,,,,,,,,,,,,,,,,,,,,,,,,,,,,,,,,,,,,,,,,,,,,,,,,,,,,,,,,,,,,,,,,,,,,,,,,,,,,,,,,,,,,,,,,,,,,,,,,,,,,,,,,,,,,,,,,,,,,,,,,,,,,,,,,,,,,,,,,,,,,,,,,,,,,,,,,,,,,,,,,,,,,,,,,,,,,,,,,,,,,,,,,,,,,,,,,,,,,,,,,,,,,,,,,,,,,,,,,,,,,,,,,,,,,,,,,,,,,,,,,,,,,,,,,,,,,,,,,,,,,,,,,,,,,,,,,,,,,,,,,,,,,,,,,,,,,,,,,,,,,,,,,,,,,,,,,,,,,,,,,,,,,,,,,,,,,,,,,,,,,,,,,,,,,,,,,,,,,,,,,,,,,,,,,,,,,,,,,,,,,,,,,,,,,,,,,,,6a4a02ce-8cb0-43a3-b4ae-269f3c009e87,60.0.158.135,,,,,,,,,
Aiko (Ahmedabad),134691,134084358,From Sales,117622389,372,,2026-07-05,46885.828,0,Active,Unpaid,,46885.828,0,0,0,0.00,0,0,0,0,2026-07-05 12:37:07,2026-07-05 12:37:07,443195,Kitchen,24AAMCB4304M1ZN,Surat,Aiko (Ahmedabad,Gujarat,U55101GJ2024PTC149642,"102, SANGINI ASPIRE, PAL-HAZIRA ROAD, BESIDE SANSKRUTI TOWNSHIP, PAL, SURAT, Gujarat
",9638077877,,,,Ahmedabad,Ahmedabad store 2.0 ,Kitchen,,Gujarat,,Ahmedabad ,8849373682,0,,1,PO0081023736,PO0081023736,1,,0,0,0,"[{""prev_price"":""208.000000"",""item_id"":""46298706"",""itemname"":""Spring Roll Sheet 275 Gm"",""qty"":15,""price"":208,""amount"":3120,""discount"":""0.000"",""lbl_unit"":""Qty"",""unit"":""2796384"",""description"":"""",""hsn_code"":"""",""weighted_price"":208,""invoice_date"":""2026-07-05"",""sap_code"":"""",""purchase_doc_number"":"""",""purchase_invoice_number"":"""",""tax1"":0,""tax2"":0,""tax3"":0,""tax1_amount"":0,""tax2_amount"":0,""tax3_amount"":0,""expiry_date"":"""",""manufacturing_date"":"""",""actual_qty"":""15.000"",""actual_unit_id"":""6602488"",""actual_unit_name"":""Qty"",""sap_group_master_id"":0,""category"":""Food"",""yield_qty"":""0"",""discount_application"":""B"",""pricing_method"":""0"",""container_weight"":0,""net_weight"":""15"",""gross_weight"":0,""tax_type"":0,""excise_duty"":0,""tax1_label"":""CGST"",""tax2_label"":""SGST"",""tax3_label"":""IGST""},{""prev_price"":""225.000000"",""item_id"":""46298742"",""itemname"":""Edamame Pods 500gm"",""qty"":10,""price"":225,""amount"":2250,""discount"":""0.000"",""lbl_unit"":""Qty"",""unit"":""2796384"",""description"":"""",""hsn_code"":"""",""weighted_price"":225,""invoice_date"":""2026-07-05"",""sap_code"":"""",""purchase_doc_number"":"""",""purchase_invoice_number"":"""",""tax1"":0,""tax2"":0,""tax3"":0,""tax1_amount"":0,""tax2_amount"":0,""tax3_amount"":0,""expiry_date"":"""",""manufacturing_date"":"""",""actual_qty"":""10.000"",""actual_unit_id"":""6602488"",""actual_unit_name"":""Qty"",""sap_group_master_id"":0,""category"":""Food"",""yield_qty"":""0"",""discount_application"":""B"",""container_weight"":0,""net_weight"":""10"",""gross_weight"":0,""tax_type"":0,""excise_duty"":0,""tax1_label"":""CGST"",""tax2_label"":""SGST"",""tax3_label"":""IGST""},{""prev_price"":""490.000000"",""item_id"":""46295764"",""itemname"":""Thaiji Gold Jasmine Rice 2kg"",""qty"":20,""price"":490,""amount"":9800,""discount"":""0.000"",""lbl_unit"":""Qty"",""unit"":""2796384"",""description"":"""",""hsn_code"":"""",""weighted_price"":490,""invoice_date"":""2026-07-05"",""sap_code"":"""",""purchase_doc_number"":"""",""purchase_invoice_number"":"""",""tax1"":0,""tax2"":0,""tax3"":0,""tax1_amount"":0,""tax2_amount"":0,""tax3_amount"":0,""expiry_date"":"""",""manufacturing_date"":"""",""actual_qty"":""20.000"",""actual_unit_id"":""6602488"",""actual_unit_name"":""Qty"",""sap_group_master_id"":0,""category"":""Food"",""yield_qty"":""0"",""discount_application"":""B"",""container_weight"":0,""net_weight"":""20"",""gross_weight"":0,""tax_type"":0,""excise_duty"":0,""tax1_label"":""CGST"",""tax2_label"":""SGST"",""tax3_label"":""IGST""},{""prev_price"":""655.000000"",""item_id"":""46299260"",""itemname"":""Mirin 1.8 Ltr"",""qty"":2,""price"":655,""amount"":1310,""discount"":""0.000"",""lbl_unit"":""Qty"",""unit"":""2796384"",""description"":"""",""hsn_code"":"""",""weighted_price"":655,""invoice_date"":""2026-07-05"",""sap_code"":"""",""purchase_doc_number"":"""",""purchase_invoice_number"":"""",""tax1"":0,""tax2"":0,""tax3"":0,""tax1_amount"":0,""tax2_amount"":0,""tax3_amount"":0,""expiry_date"":"""",""manufacturing_date"":"""",""actual_qty"":""2.000"",""actual_unit_id"":""6602488"",""actual_unit_name"":""Qty"",""sap_group_master_id"":0,""category"":""Food"",""yield_qty"":""0"",""discount_application"":""B"",""container_weight"":0,""net_weight"":""2"",""gross_weight"":0,""tax_type"":0,""excise_duty"":0,""tax1_label"":""CGST"",""tax2_label"":""SGST"",""tax3_label"":""IGST""},{""prev_price"":""200.000000"",""item_id"":""46295757"",""itemname"":""Peanuts Loose"",""qty"":3,""price"":200,""amount"":600,""discount"":""0.000"",""lbl_unit"":""Kg"",""unit"":""2796367"",""description"":"""",""hsn_code"":"""",""weighted_price"":200,""invoice_date"":""2026-07-05"",""sap_code"":"""",""purchase_doc_number"":"""",""purchase_invoice_number"":"""",""tax1"":0,""tax2"":0,""tax3"":0,""tax1_amount"":0,""tax2_amount"":0,""tax3_amount"":0,""expiry_date"":"""",""manufacturing_date"":"""",""actual_qty"":""3.000"",""actual_unit_id"":""6602471"",""actual_unit_name"":""Kg"",""sap_group_master_id"":0,""category"":""Food"",""yield_qty"":""0"",""discount_application"":""B"",""pricing_method"":""0"",""container_weight"":0,""net_weight"":""3"",""gross_weight"":0,""tax_type"":0,""excise_duty"":0,""tax1_label"":""CGST"",""tax2_label"":""SGST"",""tax3_label"":""IGST""},{""prev_price"":""48.660000"",""item_id"":""46298696"",""itemname"":""Mothers Tamarind Paste 200gm"",""qty"":24,""price"":48.66,""amount"":1167.84,""discount"":""0.000"",""lbl_unit"":""Qty"",""unit"":""2796384"",""description"":"""",""hsn_code"":"""",""weighted_price"":48.66,""invoice_date"":""2026-07-05"",""sap_code"":"""",""purchase_doc_number"":"""",""purchase_invoice_number"":"""",""tax1"":0,""tax2"":0,""tax3"":0,""tax1_amount"":0,""tax2_amount"":0,""tax3_amount"":0,""expiry_date"":"""",""manufacturing_date"":"""",""actual_qty"":""24.000"",""actual_unit_id"":""6602488"",""actual_unit_name"":""Qty"",""sap_group_master_id"":0,""category"":""Food"",""yield_qty"":""0"",""discount_application"":""B"",""container_weight"":0,""net_weight"":""24"",""gross_weight"":0,""tax_type"":0,""excise_duty"":0,""tax1_label"":""CGST"",""tax2_label"":""SGST"",""tax3_label"":""IGST""},{""prev_price"":""380.952000"",""item_id"":""46299221"",""itemname"":""Kashmiri Red Chilli Powder 500gm"",""qty"":20,""price"":380.952,""amount"":7619.04,""discount"":""0.000"",""lbl_unit"":""Qty"",""unit"":""2796384"",""description"":"""",""hsn_code"":"""",""weighted_price"":380.952,""invoice_date"":""2026-07-05"",""sap_code"":"""",""purchase_doc_number"":"""",""purchase_invoice_number"":"""",""tax1"":0,""tax2"":0,""tax3"":0,""tax1_amount"":0,""tax2_amount"":0,""tax3_amount"":0,""expiry_date"":"""",""manufacturing_date"":"""",""actual_qty"":""20.000"",""actual_unit_id"":""6602488"",""actual_unit_name"":""Qty"",""sap_group_master_id"":0,""category"":""Food"",""yield_qty"":""0"",""discount_application"":""B"",""container_weight"":0,""net_weight"":""20"",""gross_weight"":0,""tax_type"":0,""excise_duty"":0,""tax1_label"":""CGST"",""tax2_label"":""SGST"",""tax3_label"":""IGST""},{""prev_price"":""2357.140000"",""item_id"":""46299749"",""itemname"":""Sunflower Refined Oil 13kg"",""qty"":5,""price"":2357.14,""amount"":11785.7,""discount"":""0.000"",""lbl_unit"":""Qty"",""unit"":""2796384"",""description"":"""",""hsn_code"":"""",""weighted_price"":2357.14,""invoice_date"":""2026-07-05"",""sap_code"":"""",""purchase_doc_number"":"""",""purchase_invoice_number"":"""",""tax1"":0,""tax2"":0,""tax3"":0,""tax1_amount"":0,""tax2_amount"":0,""tax3_amount"":0,""expiry_date"":"""",""manufacturing_date"":"""",""actual_qty"":""5.000"",""actual_unit_id"":""6602488"",""actual_unit_name"":""Qty"",""sap_group_master_id"":0,""category"":""Food"",""yield_qty"":""0"",""discount_application"":""B"",""container_weight"":0,""net_weight"":""5"",""gross_weight"":0,""tax_type"":0,""excise_duty"":0,""tax1_label"":""CGST"",""tax2_label"":""SGST"",""tax3_label"":""IGST""},{""prev_price"":""242.858000"",""item_id"":""46302203"",""itemname"":""Madhur Sugar 5 Kg"",""qty"":5,""price"":242.858,""amount"":1214.29,""discount"":""0.000"",""lbl_unit"":""Qty"",""unit"":""2796384"",""description"":"""",""hsn_code"":"""",""weighted_price"":242.858,""invoice_date"":""2026-07-05"",""sap_code"":"""",""purchase_doc_number"":"""",""purchase_invoice_number"":"""",""tax1"":0,""tax2"":0,""tax3"":0,""tax1_amount"":0,""tax2_amount"":0,""tax3_amount"":0,""expiry_date"":"""",""manufacturing_date"":"""",""actual_qty"":""5.000"",""actual_unit_id"":""6602488"",""actual_unit_name"":""Qty"",""sap_group_master_id"":0,""category"":""Food"",""yield_qty"":""0"",""discount_application"":""B"",""container_weight"":0,""net_weight"":""5"",""gross_weight"":0,""tax_type"":0,""excise_duty"":0,""tax1_label"":""CGST"",""tax2_label"":""SGST"",""tax3_label"":""IGST""},{""prev_price"":""347.620000"",""item_id"":""46294736"",""itemname"":""Sriracha Hot Chilli Sauce 730ml"",""qty"":5,""price"":347.62,""amount"":1738.1,""discount"":""0.000"",""lbl_unit"":""Qty"",""unit"":""2796384"",""description"":"""",""hsn_code"":"""",""weighted_price"":347.62,""invoice_date"":""2026-07-05"",""sap_code"":"""",""purchase_doc_number"":"""",""purchase_invoice_number"":"""",""tax1"":0,""tax2"":0,""tax3"":0,""tax1_amount"":0,""tax2_amount"":0,""tax3_amount"":0,""expiry_date"":"""",""manufacturing_date"":"""",""actual_qty"":""5.000"",""actual_unit_id"":""6602488"",""actual_unit_name"":""Qty"",""sap_group_master_id"":0,""category"":""Food"",""yield_qty"":""0"",""discount_application"":""B"",""container_weight"":0,""net_weight"":""5"",""gross_weight"":0,""tax_type"":0,""excise_duty"":0,""tax1_label"":""CGST"",""tax2_label"":""SGST"",""tax3_label"":""IGST""},{""prev_price"":""690.000000"",""item_id"":""46295777"",""itemname"":""Wasabi Powder 1kg"",""qty"":1,""price"":690,""amount"":690,""discount"":""0.000"",""lbl_unit"":""Qty"",""unit"":""2796384"",""description"":"""",""hsn_code"":"""",""weighted_price"":690,""invoice_date"":""2026-07-05"",""sap_code"":"""",""purchase_doc_number"":"""",""purchase_invoice_number"":"""",""tax1"":0,""tax2"":0,""tax3"":0,""tax1_amount"":0,""tax2_amount"":0,""tax3_amount"":0,""expiry_date"":"""",""manufacturing_date"":"""",""actual_qty"":""1.000"",""actual_unit_id"":""6602488"",""actual_unit_name"":""Qty"",""sap_group_master_id"":0,""category"":""Food"",""yield_qty"":""0"",""discount_application"":""B"",""container_weight"":0,""net_weight"":""1"",""gross_weight"":0,""tax_type"":0,""excise_duty"":0,""tax1_label"":""CGST"",""tax2_label"":""SGST"",""tax3_label"":""IGST""},{""prev_price"":""169.491500"",""item_id"":""46297254"",""itemname"":""Ecobake"",""qty"":5,""price"":169.4915,""amount"":847.458,""discount"":""0.000"",""lbl_unit"":""Qty"",""unit"":""2796384"",""description"":"""",""hsn_code"":"""",""weighted_price"":169.4915,""invoice_date"":""2026-07-05"",""sap_code"":"""",""purchase_doc_number"":"""",""purchase_invoice_number"":"""",""tax1"":0,""tax2"":0,""tax3"":0,""tax1_amount"":0,""tax2_amount"":0,""tax3_amount"":0,""expiry_date"":"""",""manufacturing_date"":"""",""actual_qty"":""5.000"",""actual_unit_id"":""6602488"",""actual_unit_name"":""Qty"",""sap_group_master_id"":0,""category"":""Packaging"",""yield_qty"":""0"",""discount_application"":""B"",""container_weight"":0,""net_weight"":""5"",""gross_weight"":0,""tax_type"":0,""excise_duty"":0,""tax1_label"":""CGST"",""tax2_label"":""SGST"",""tax3_label"":""IGST""},{""prev_price"":""55.000000"",""item_id"":""46294783"",""itemname"":""Corn Flour ."",""qty"":5,""price"":55,""amount"":275,""discount"":""0.000"",""lbl_unit"":""Kg"",""unit"":""2796367"",""description"":"""",""hsn_code"":"""",""weighted_price"":55,""invoice_date"":""2026-07-05"",""sap_code"":"""",""purchase_doc_number"":"""",""purchase_invoice_number"":"""",""tax1"":0,""tax2"":0,""tax3"":0,""tax1_amount"":0,""tax2_amount"":0,""tax3_amount"":0,""expiry_date"":"""",""manufacturing_date"":"""",""actual_qty"":""5.000"",""actual_unit_id"":""6602471"",""actual_unit_name"":""Kg"",""sap_group_master_id"":0,""category"":""Food"",""yield_qty"":""0"",""discount_application"":""B"",""container_weight"":0,""net_weight"":""5"",""gross_weight"":0,""tax_type"":0,""excise_duty"":0,""tax1_label"":""CGST"",""tax2_label"":""SGST"",""tax3_label"":""IGST""},{""prev_price"":""67.500000"",""item_id"":""46295784"",""itemname"":""Red Bull"",""qty"":24,""price"":67.5,""amount"":1620,""discount"":""0.000"",""lbl_unit"":""Qty"",""unit"":""2796384"",""description"":"""",""hsn_code"":"""",""weighted_price"":67.5,""invoice_date"":""2026-07-05"",""sap_code"":"""",""purchase_doc_number"":"""",""purchase_invoice_number"":"""",""tax1"":0,""tax2"":0,""tax3"":0,""tax1_amount"":0,""tax2_amount"":0,""tax3_amount"":0,""expiry_date"":"""",""manufacturing_date"":"""",""actual_qty"":""12.000"",""actual_unit_id"":""6602488"",""actual_unit_name"":""Qty"",""sap_group_master_id"":0,""category"":""Food"",""yield_qty"":""0"",""discount_application"":""B"",""pricing_method"":""0"",""container_weight"":0,""net_weight"":""24"",""gross_weight"":0,""tax_type"":0,""excise_duty"":0,""tax1_label"":""CGST"",""tax2_label"":""SGST"",""tax3_label"":""IGST""},{""prev_price"":""100.000000"",""item_id"":""46298770"",""itemname"":""Citric Acid Crystal"",""qty"":0.1,""price"":100,""amount"":10,""discount"":""0.000"",""lbl_unit"":""Kg"",""unit"":""2796367"",""description"":""citric acid 100gm"",""hsn_code"":"""",""weighted_price"":100,""invoice_date"":""2026-07-05"",""sap_code"":"""",""purchase_doc_number"":"""",""purchase_invoice_number"":"""",""tax1"":0,""tax2"":0,""tax3"":0,""tax1_amount"":0,""tax2_amount"":0,""tax3_amount"":0,""expiry_date"":"""",""manufacturing_date"":"""",""actual_qty"":""1.000"",""actual_unit_id"":""6602471"",""actual_unit_name"":""Kg"",""sap_group_master_id"":0,""category"":""Food"",""rmconv_qty"":""1000"",""rmconv_qty_total"":100,""rmconv_unit_id"":""2796373"",""rmconv_unit"":""GM"",""yield_qty"":""0"",""discount_application"":""B"",""container_weight"":0,""net_weight"":""0.1"",""gross_weight"":0,""tax_type"":0,""excise_duty"":0,""tax1_label"":""CGST"",""tax2_label"":""SGST"",""tax3_label"":""IGST""},{""prev_price"":""190.000000"",""item_id"":""46299764"",""itemname"":""Mr Muscle"",""qty"":3,""price"":190,""amount"":570,""discount"":""0.000"",""lbl_unit"":""Qty"",""unit"":""2796384"",""description"":"""",""hsn_code"":"""",""weighted_price"":190,""invoice_date"":""2026-07-05"",""sap_code"":"""",""purchase_doc_number"":"""",""purchase_invoice_number"":"""",""tax1"":0,""tax2"":0,""tax3"":0,""tax1_amount"":0,""tax2_amount"":0,""tax3_amount"":0,""expiry_date"":"""",""manufacturing_date"":"""",""actual_qty"":""3.000"",""actual_unit_id"":""6602488"",""actual_unit_name"":""Qty"",""sap_group_master_id"":0,""category"":""Housekeeping Liquids"",""yield_qty"":""0"",""discount_application"":""B"",""container_weight"":0,""net_weight"":""3"",""gross_weight"":0,""tax_type"":0,""excise_duty"":0,""tax1_label"":""CGST"",""tax2_label"":""SGST"",""tax3_label"":""IGST""},{""prev_price"":""311.600000"",""item_id"":""46297202"",""itemname"":""Floor Cleaner 5ltr"",""qty"":1,""price"":311.6,""amount"":311.6,""discount"":""0.000"",""lbl_unit"":""Qty"",""unit"":""2796384"",""description"":"""",""hsn_code"":"""",""weighted_price"":311.6,""invoice_date"":""2026-07-05"",""sap_code"":"""",""purchase_doc_number"":"""",""purchase_invoice_number"":"""",""tax1"":0,""tax2"":0,""tax3"":0,""tax1_amount"":0,""tax2_amount"":0,""tax3_amount"":0,""expiry_date"":"""",""manufacturing_date"":"""",""actual_qty"":""1.000"",""actual_unit_id"":""6602488"",""actual_unit_name"":""Qty"",""sap_group_master_id"":0,""category"":""Housekeeping Liquids"",""yield_qty"":""0"",""discount_application"":""B"",""container_weight"":0,""net_weight"":""1"",""gross_weight"":0,""tax_type"":0,""excise_duty"":0,""tax1_label"":""CGST"",""tax2_label"":""SGST"",""tax3_label"":""IGST""},{""prev_price"":""22.000000"",""item_id"":""46618796"",""itemname"":""Yellow Green (sponge Brite)"",""qty"":4,""price"":22,""amount"":88,""discount"":""0.000"",""lbl_unit"":""NOS"",""unit"":""2796375"",""description"":"""",""hsn_code"":"""",""weighted_price"":22,""invoice_date"":""2026-07-05"",""sap_code"":"""",""purchase_doc_number"":"""",""purchase_invoice_number"":"""",""tax1"":0,""tax2"":0,""tax3"":0,""tax1_amount"":0,""tax2_amount"":0,""tax3_amount"":0,""expiry_date"":"""",""manufacturing_date"":"""",""actual_qty"":""10.000"",""actual_unit_id"":""6602479"",""actual_unit_name"":""NOS"",""sap_group_master_id"":0,""category"":""Housekeeping Liquids"",""yield_qty"":""0"",""discount_application"":""B"",""container_weight"":0,""net_weight"":""4"",""gross_weight"":0,""tax_type"":0,""excise_duty"":0,""tax1_label"":""CGST"",""tax2_label"":""SGST"",""tax3_label"":""IGST""},{""prev_price"":""474.400000"",""item_id"":""46626449"",""itemname"":""Dishwash Liquid 5 Ltr"",""qty"":2,""price"":474.4,""amount"":948.8,""discount"":""0.000"",""lbl_unit"":""Qty"",""unit"":""2796384"",""description"":"""",""hsn_code"":"""",""weighted_price"":474.4,""invoice_date"":""2026-07-05"",""sap_code"":"""",""purchase_doc_number"":"""",""purchase_invoice_number"":"""",""tax1"":0,""tax2"":0,""tax3"":0,""tax1_amount"":0,""tax2_amount"":0,""tax3_amount"":0,""expiry_date"":"""",""manufacturing_date"":"""",""actual_qty"":""2.000"",""actual_unit_id"":""6602488"",""actual_unit_name"":""Qty"",""sap_group_master_id"":0,""category"":""Housekeeping Liquids"",""yield_qty"":""0"",""discount_application"":""B"",""container_weight"":0,""net_weight"":""2"",""gross_weight"":0,""tax_type"":0,""excise_duty"":0,""tax1_label"":""CGST"",""tax2_label"":""SGST"",""tax3_label"":""IGST""},{""prev_price"":""12.000000"",""item_id"":""46297215"",""itemname"":""Steel Bright"",""qty"":10,""price"":12,""amount"":120,""discount"":""0.000"",""lbl_unit"":""Qty"",""unit"":""2796384"",""description"":"""",""hsn_code"":"""",""weighted_price"":12,""invoice_date"":""2026-07-05"",""sap_code"":"""",""purchase_doc_number"":"""",""purchase_invoice_number"":"""",""tax1"":0,""tax2"":0,""tax3"":0,""tax1_amount"":0,""tax2_amount"":0,""tax3_amount"":0,""expiry_date"":"""",""manufacturing_date"":"""",""actual_qty"":""10.000"",""actual_unit_id"":""6602488"",""actual_unit_name"":""Qty"",""sap_group_master_id"":0,""category"":""Housekeeping Liquids"",""yield_qty"":""0"",""discount_application"":""B"",""container_weight"":0,""net_weight"":""10"",""gross_weight"":0,""tax_type"":0,""excise_duty"":0,""tax1_label"":""CGST"",""tax2_label"":""SGST"",""tax3_label"":""IGST""},{""prev_price"":""40.000000"",""item_id"":""46298707"",""itemname"":""Soya Plain Paneer 200gm"",""qty"":20,""price"":40,""amount"":800,""discount"":""0.000"",""lbl_unit"":""Qty"",""unit"":""2796384"",""description"":"""",""hsn_code"":"""",""weighted_price"":40,""invoice_date"":""2026-07-05"",""sap_code"":"""",""purchase_doc_number"":"""",""purchase_invoice_number"":"""",""tax1"":0,""tax2"":0,""tax3"":0,""tax1_amount"":0,""tax2_amount"":0,""tax3_amount"":0,""expiry_date"":"""",""manufacturing_date"":"""",""sap_group_master_id"":0,""category"":""Food"",""yield_qty"":""0"",""discount_application"":""B"",""container_weight"":0,""net_weight"":""20"",""gross_weight"":0,""tax_type"":0,""excise_duty"":0,""tax1_label"":""CGST"",""tax2_label"":""SGST"",""tax3_label"":""IGST""}]",[],0,0,,,[],[],,,,,,,,,,,,,,,,,,,,,,,,,,,,,,,,,,,,,,,,,,,,,,,,,,,,,,,,,,,,,,,,,,,,,,,,,,,,,,,,,,,,,,,,,,,,,,,,,,,,,,,,,,,,,,,,,,,,,,,,,,,,,,,,,,,,,,,,,,,,,,,,,,,,,,,,,,,,,,,,,,,,,,,,,,,,,,,,,,,,,,,,,,,,,,,,,,,,,,,,,,,,,,,,,,,,,,,,,,,,,,,,,,,,,,,,,,,,,,,,,,,,,,,,,,,,,,,,,,,,,,,,,,,,,,,,,,,,,,,,,,,,,,,,,,,,,,,,,,,,,,,,,,,,,,,,,,,,,,,,,,,,,,,,,,,,,,,,,,,,,,,,,,,,,,,,,,,,,,,,,,,,,,,,,,,,,,,,,,,,,,,,,,,,,,,,,,,,,,,,,,,,,,,,,,,,,,,,,,,,,,,,,,,,,,,,,,,,,,,,,,,,,,,,,,,,,,,,,,,,,,,,,,,,,,,,,,,,,,,,,,,,,,,,,,,,,,,,,,,,,,,,,,,,,,,,,,,,,,,,,,,,,,,,,,,,,,,,,,,,,,,,,,,,,,,,,,,,,,,,,,,,,,,,,,,,,,,,,,,,,,,,,,,,,,,,,,,,,,,,,,,,,,,,,,,,,,,,,,,,,,,,,,,,,,,,,,,,,,,,,,,,,,,,,,,,,,,,,,,,,,,,,,,,,,,,,,,,,,,,,,,,,,,,,,,,,,,,,,,,,,,,,,,,,,,,,,,,,,,,,,,,,,,,,,,,,,,,,,,,,6a4a0276-1a98-4ce0-8154-4c033c0092f4,60.0.133.19,,,,,,,
Aiko (Ahmedabad),134691,133686261,From Sales,117521847,371,,2026-07-01,10235.1,0,Active,Unpaid,,10235.1,0,0,0,0.00,0,0,0,0,2026-07-01 17:55:07,2026-07-01 17:55:07,443195,Kitchen,24AAMCB4304M1ZN,Surat,Aiko (Ahmedabad,Gujarat,U55101GJ2024PTC149642,"102, SANGINI ASPIRE, PAL-HAZIRA ROAD, BESIDE SANSKRUTI TOWNSHIP, PAL, SURAT, Gujarat
",9638077877,,,,Ahmedabad,Ahmedabad store 2.0 ,Kitchen,,Gujarat,,Ahmedabad ,8849373682,0,,1,PO0081006965,PO0081006965,1,,0,0,0,"[{""prev_price"":""10.000000"",""item_id"":""46301232"",""itemname"":""Tooth Pick"",""qty"":5,""price"":10,""amount"":50,""discount"":""0.000"",""lbl_unit"":""Qty"",""unit"":""2796384"",""description"":"""",""hsn_code"":"""",""weighted_price"":10,""invoice_date"":""2026-07-01"",""sap_code"":"""",""purchase_doc_number"":"""",""purchase_invoice_number"":"""",""tax1"":0,""tax2"":0,""tax3"":0,""tax1_amount"":0,""tax2_amount"":0,""tax3_amount"":0,""expiry_date"":"""",""manufacturing_date"":"""",""actual_qty"":""5.000"",""actual_unit_id"":""6602488"",""actual_unit_name"":""Qty"",""sap_group_master_id"":0,""category"":""Packaging"",""yield_qty"":""0"",""discount_application"":""B"",""container_weight"":0,""net_weight"":""5"",""gross_weight"":0,""tax_type"":0,""excise_duty"":0,""tax1_label"":""CGST"",""tax2_label"":""SGST"",""tax3_label"":""IGST""},{""prev_price"":""245.710000"",""item_id"":""46295699"",""itemname"":""Amul Butter - 500gm"",""qty"":10,""price"":245.71,""amount"":2457.1,""discount"":""0.000"",""lbl_unit"":""Qty"",""unit"":""2796384"",""description"":"""",""hsn_code"":"""",""weighted_price"":245.71,""invoice_date"":""2026-07-01"",""sap_code"":"""",""purchase_doc_number"":"""",""purchase_invoice_number"":"""",""tax1"":0,""tax2"":0,""tax3"":0,""tax1_amount"":0,""tax2_amount"":0,""tax3_amount"":0,""expiry_date"":"""",""manufacturing_date"":"""",""actual_qty"":""10.000"",""actual_unit_id"":""6602488"",""actual_unit_name"":""Qty"",""sap_group_master_id"":0,""category"":""Food"",""yield_qty"":""0"",""discount_application"":""B"",""pricing_method"":""0"",""container_weight"":0,""net_weight"":""10"",""gross_weight"":0,""tax_type"":0,""excise_duty"":0,""tax1_label"":""CGST"",""tax2_label"":""SGST"",""tax3_label"":""IGST""},{""prev_price"":""640.000000"",""item_id"":""46294785"",""itemname"":""Df Cream Cheese 1kg"",""qty"":3,""price"":640,""amount"":1920,""discount"":""0.000"",""lbl_unit"":""Qty"",""unit"":""2796384"",""description"":"""",""hsn_code"":"""",""weighted_price"":640,""invoice_date"":""2026-07-01"",""sap_code"":"""",""purchase_doc_number"":"""",""purchase_invoice_number"":"""",""tax1"":0,""tax2"":0,""tax3"":0,""tax1_amount"":0,""tax2_amount"":0,""tax3_amount"":0,""expiry_date"":"""",""manufacturing_date"":"""",""actual_qty"":""3.000"",""actual_unit_id"":""6602488"",""actual_unit_name"":""Qty"",""sap_group_master_id"":0,""category"":""Food"",""yield_qty"":""0"",""discount_application"":""B"",""container_weight"":0,""net_weight"":""3"",""gross_weight"":0,""tax_type"":0,""excise_duty"":0,""tax1_label"":""CGST"",""tax2_label"":""SGST"",""tax3_label"":""IGST""},{""prev_price"":""186.000000"",""item_id"":""46298757"",""itemname"":""Aromat 500gm"",""qty"":20,""price"":186,""amount"":3720,""discount"":""0.000"",""lbl_unit"":""Qty"",""unit"":""2796384"",""description"":"""",""hsn_code"":"""",""weighted_price"":186,""invoice_date"":""2026-07-01"",""sap_code"":"""",""purchase_doc_number"":"""",""purchase_invoice_number"":"""",""tax1"":0,""tax2"":0,""tax3"":0,""tax1_amount"":0,""tax2_amount"":0,""tax3_amount"":0,""expiry_date"":"""",""manufacturing_date"":"""",""actual_qty"":""20.000"",""actual_unit_id"":""6602488"",""actual_unit_name"":""Qty"",""sap_group_master_id"":0,""category"":""Food"",""yield_qty"":""0"",""discount_application"":""B"",""container_weight"":0,""net_weight"":""20"",""gross_weight"":0,""tax_type"":0,""excise_duty"":0,""tax1_label"":""CGST"",""tax2_label"":""SGST"",""tax3_label"":""IGST""},{""item_id"":""46735770"",""itemname"":""Acid 5 Ltrs"",""qty"":2,""price"":125,""prev_price"":""125.000000"",""amount"":250,""discount"":""0.000"",""lbl_unit"":""Qty"",""unit"":""2796384"",""description"":"""",""hsn_code"":"""",""weighted_price"":125,""invoice_date"":""2026-07-01"",""sap_code"":"""",""purchase_doc_number"":"""",""purchase_invoice_number"":"""",""tax1"":0,""tax2"":0,""tax3"":0,""tax1_amount"":0,""tax2_amount"":0,""tax3_amount"":0,""expiry_date"":"""",""manufacturing_date"":"""",""actual_qty"":""2.000"",""actual_unit_id"":""6602488"",""actual_unit_name"":""Qty"",""sap_group_master_id"":0,""discount_application"":""B"",""container_weight"":0,""net_weight"":""2"",""gross_weight"":0,""category"":""Housekeeping Liquids"",""tax_type"":0,""excise_duty"":0,""tax1_label"":""CGST"",""tax2_label"":""SGST"",""tax3_label"":""IGST""},{""prev_price"":""12.000000"",""item_id"":""46298203"",""itemname"":""Drainex Powder"",""qty"":24,""price"":12,""amount"":288,""discount"":""0.000"",""lbl_unit"":""Qty"",""unit"":""2796384"",""description"":"""",""hsn_code"":"""",""weighted_price"":12,""invoice_date"":""2026-07-01"",""sap_code"":"""",""purchase_doc_number"":"""",""purchase_invoice_number"":"""",""tax1"":0,""tax2"":0,""tax3"":0,""tax1_amount"":0,""tax2_amount"":0,""tax3_amount"":0,""expiry_date"":"""",""manufacturing_date"":"""",""actual_qty"":""20.000"",""actual_unit_id"":""6602488"",""actual_unit_name"":""Qty"",""sap_group_master_id"":0,""category"":""Housekeeping Liquids"",""yield_qty"":""0"",""discount_application"":""B"",""container_weight"":0,""net_weight"":""24"",""gross_weight"":0,""tax_type"":0,""excise_duty"":0,""tax1_label"":""CGST"",""tax2_label"":""SGST"",""tax3_label"":""IGST""},{""prev_price"":""155.000000"",""item_id"":""46302247"",""itemname"":""Gyoza Skin 250gm"",""qty"":10,""price"":155,""amount"":1550,""discount"":""0.000"",""lbl_unit"":""Qty"",""unit"":""2796384"",""description"":"""",""hsn_code"":"""",""weighted_price"":155,""invoice_date"":""2026-07-01"",""sap_code"":"""",""purchase_doc_number"":"""",""purchase_invoice_number"":"""",""tax1"":0,""tax2"":0,""tax3"":0,""tax1_amount"":0,""tax2_amount"":0,""tax3_amount"":0,""expiry_date"":"""",""manufacturing_date"":"""",""sap_group_master_id"":0,""category"":""Food"",""yield_qty"":""0"",""discount_application"":""B"",""container_weight"":0,""net_weight"":""10"",""gross_weight"":0,""tax_type"":0,""excise_duty"":0,""tax1_label"":""CGST"",""tax2_label"":""SGST"",""tax3_label"":""IGST""}]",[],0,0,,,[],[],,,,,,,,,,,,,,,,,,,,,,,,,,,,,,,,,,,,,,,,,,,,,,,,,,,,,,,,,,,,,,,,,,,,,,,,,,,,,,,,,,,,,,,,,,,,,,,,,,,,,,,,,,,,,,,,,,,,,,,,,,,,,,,,,,,,,,,,,,,,,,,,,,,,,,,,,,,,,,,,,,,,,,,,,,,,,,,,,,,,,,,,,,,,,,,,,,,,,,,,,,,,,,,,,,,,,,,,,,,,,,,,,,,,,,,,,,,,,,,,,,,,,,,,,,,,,,,,,,,,,,,,,,,,,,,,,,,,,,,,,,,,,,,,,,,,,,,,,,,,,,,,,,,,,,,,,,,,,,,,,,,,,,,,,,,,,,,,,,,,,,,,,,,,,,,,,,,,,,,,,,,,,,,,,,,,,,,,,,,,,,,,,,,,,,,,,,,,,,,,,,,,,,,,,,,,,,,,,,,,,,,,,,,,,,,,,,,,,,,,,,,,,,,,,,,,,,,,,,,,,,,,,,,,,,,,,,,,,,,,,,,,,,,,,,,,,,,,,,,,,,,,,,,,,,,,,,,,,,,,,,,,,,,,,,,,,,,,,,,,,,,,,,,,,,,,,,,,,,,,,,,,,,,,,,,,,,,,,,,,,,,,,,,,,,,,,,,,,,,,,,,,,,,,,,,,,,,,,,,,,,,,,,,,,,,,,,,,,,,,,,,,,,,,,,,,,,,,,,,,,,,,,,,,,,,,,,,,,,,,,,,,,,,,,,,,,,,,,,,,,,,,,,,,,,,,,,,,,,,,,,,,,,,,,,,,,,,,,,,,,,,6a450704-9ea0-4f79-a24f-57573c008b43,60.0.158.135,,,,,
Aiko (Ahmedabad),134691,133643637,Manual Stock,0,0,,2026-07-01,0,0,Active,Unpaid,,0,0,0,0,0.00,0,0,0,0,2026-07-01 13:33:35,2026-07-01 13:33:35,134691,Restaurant,,,,Gujarat,,,,,,,,,,,Gujarat,,,,,,,,,,,,,,"[{""item_id"":""46297209"",""unit"":""2796384"",""qty"":95,""itemname"":""1000 Ml Container"",""lbl_unit"":""Qty"",""description"":"""",""weighted_price"":0,""price"":0,""amount"":0,""hsn_code"":"""",""batchprefix"":"""",""existing_stock"":0,""current_stock"":""95"",""category"":""Packaging"",""sap_code"":"""",""tax_type"":0,""excise_duty"":0,""tax1_label"":""CGST"",""tax2_label"":""SGST"",""tax3_label"":""IGST""},{""item_id"":""46298202"",""unit"":""2796384"",""qty"":422,""itemname"":""300 Ml Container"",""lbl_unit"":""Qty"",""description"":"""",""weighted_price"":0,""price"":0,""amount"":0,""hsn_code"":"""",""batchprefix"":"""",""existing_stock"":0,""current_stock"":""422"",""category"":""Packaging"",""sap_code"":"""",""tax_type"":0,""excise_duty"":0,""tax1_label"":""CGST"",""tax2_label"":""SGST"",""tax3_label"":""IGST""},{""item_id"":""46297210"",""unit"":""2796384"",""qty"":343,""itemname"":""500 Ml Container"",""lbl_unit"":""Qty"",""description"":"""",""weighted_price"":0,""price"":0,""amount"":0,""hsn_code"":"""",""batchprefix"":"""",""existing_stock"":0,""current_stock"":""343"",""category"":""Packaging"",""sap_code"":"""",""tax_type"":0,""excise_duty"":0,""tax1_label"":""CGST"",""tax2_label"":""SGST"",""tax3_label"":""IGST""},{""item_id"":""46297263"",""unit"":""2796384"",""qty"":12,""itemname"":""Cling Film"",""lbl_unit"":""Qty"",""description"":"""",""weighted_price"":0,""price"":0,""amount"":0,""hsn_code"":"""",""batchprefix"":"""",""existing_stock"":0,""current_stock"":""12"",""category"":""Packaging"",""sap_code"":"""",""tax_type"":0,""excise_duty"":0,""tax1_label"":""CGST"",""tax2_label"":""SGST"",""tax3_label"":""IGST""},{""item_id"":""46300269"",""unit"":""2796384"",""qty"":138,""itemname"":""Dip Bowl 50 Ml"",""lbl_unit"":""Qty"",""description"":"""",""weighted_price"":0,""price"":0,""amount"":0,""hsn_code"":"""",""batchprefix"":"""",""existing_stock"":0,""current_stock"":""138"",""category"":""Packaging"",""sap_code"":"""",""tax_type"":0,""excise_duty"":0,""tax1_label"":""CGST"",""tax2_label"":""SGST"",""tax3_label"":""IGST""},{""item_id"":""46300274"",""unit"":""2796384"",""qty"":347,""itemname"":""Paper Bags (big)"",""lbl_unit"":""Qty"",""description"":"""",""weighted_price"":0,""price"":0,""amount"":0,""hsn_code"":"""",""batchprefix"":"""",""existing_stock"":0,""current_stock"":""347"",""category"":""Packaging"",""sap_code"":"""",""tax_type"":0,""excise_duty"":0,""tax1_label"":""CGST"",""tax2_label"":""SGST"",""tax3_label"":""IGST""},{""item_id"":""46299693"",""unit"":""3939123"",""qty"":57,""itemname"":""Cello Tape 1 - Inch"",""lbl_unit"":""pcs"",""description"":"""",""weighted_price"":0,""price"":0,""amount"":0,""hsn_code"":"""",""batchprefix"":"""",""existing_stock"":0,""current_stock"":""57"",""category"":""Stationery"",""sap_code"":"""",""tax_type"":0,""excise_duty"":0,""tax1_label"":""CGST"",""tax2_label"":""SGST"",""tax3_label"":""IGST""},{""item_id"":""46297231"",""unit"":""2796384"",""qty"":400,""itemname"":""Envalop Large ( 50 Piece )"",""lbl_unit"":""Qty"",""description"":"""",""weighted_price"":0,""price"":0,""amount"":0,""hsn_code"":"""",""batchprefix"":"""",""existing_stock"":0,""current_stock"":""400"",""category"":""Stationery"",""sap_code"":"""",""tax_type"":0,""excise_duty"":0,""tax1_label"":""CGST"",""tax2_label"":""SGST"",""tax3_label"":""IGST""},{""item_id"":""46302675"",""unit"":""2796384"",""qty"":2,""itemname"":""Kitchen Roll Dispenser Black"",""lbl_unit"":""Qty"",""description"":"""",""weighted_price"":0,""price"":0,""amount"":0,""hsn_code"":"""",""batchprefix"":"""",""existing_stock"":0,""current_stock"":""2"",""category"":""Kitchen Equipment"",""sap_code"":"""",""tax_type"":0,""excise_duty"":0,""tax1_label"":""CGST"",""tax2_label"":""SGST"",""tax3_label"":""IGST""},{""item_id"":""46298263"",""unit"":""2796374"",""qty"":4,""itemname"":""Chopsticks (200 Pcs )"",""lbl_unit"":""Pkts"",""description"":"""",""weighted_price"":0,""price"":0,""amount"":0,""hsn_code"":"""",""batchprefix"":"""",""existing_stock"":0,""current_stock"":""4"",""category"":""Packaging"",""sap_code"":"""",""tax_type"":0,""excise_duty"":0,""tax1_label"":""CGST"",""tax2_label"":""SGST"",""tax3_label"":""IGST""},{""item_id"":""46300723"",""unit"":""2796384"",""qty"":275,""itemname"":""Takeaway Spoon"",""lbl_unit"":""Qty"",""description"":"""",""weighted_price"":0,""price"":0,""amount"":0,""hsn_code"":"""",""batchprefix"":"""",""existing_stock"":0,""current_stock"":""275"",""category"":""Packaging"",""sap_code"":"""",""tax_type"":0,""excise_duty"":0,""tax1_label"":""CGST"",""tax2_label"":""SGST"",""tax3_label"":""IGST""},{""item_id"":""46300694"",""unit"":""3939123"",""qty"":120,""itemname"":""Takeaway Glass Stand"",""lbl_unit"":""pcs"",""description"":"""",""weighted_price"":0,""price"":0,""amount"":0,""hsn_code"":"""",""batchprefix"":"""",""existing_stock"":0,""current_stock"":""120"",""category"":""Packaging"",""sap_code"":"""",""tax_type"":0,""excise_duty"":0,""tax1_label"":""CGST"",""tax2_label"":""SGST"",""tax3_label"":""IGST""}]",[],0,0,,,[],[],,,,,,,,,,,,,,,,,,,,,,,,,,,,,,,,,,,,,,,,,,,,,,,,,,,,,,,,,,,,,,,,,,,,,,,,,,,,,,,,6a44c7a7-a844-4026-a20c-54603c008b43,,0,,,,,,,,,,,,,,,,,,,,,,,,,,,,,,,,,,,,,,,,,,,,,,,,,,,,,,,,,,,,,,,,,,,,,,,,,,,,,,,,,,,,,,,,,,,,,,,,,,,,,,,,,,,,,,,,,,,,,,,,,,,,,,,,,,,,,,,,,,,,,,,,,,,,,,,,,,,,,,,,,,,,,,,,,,,,,,,,,,,,,,,,,,,,,,,,,,,,,,,,,,,,,,,,,,,,,,,,,,,,,,,,,,,,,,,,,,,,,,,,,,,,,,,,,,,,,,,,,,,,,,,,,,,,,,,,,,,,,,,,,,,,,,,,,,,,,,,,,,,,,,,,,,,,,,,,,,,,,,,,,,,,,,,,,,,,,,,,,,,,,,,,,,,,,,,,,,,,,,,,,,,,,,,,,,,,,,,,,,,,,,,,,,,,,,,,,,,,,,,,,,,,,,,,,,,,,,,,,,,,,,,,,,,,,,,,,,,,,,,,,,,,,,,,,,,,,,,,,,,,,,,,,,,,,,,,,,,,,,,,,,,,,,,,,,,,,,,,,,,,,,,,,,,,,,,,,,,,,,,,,,,,,,,,,,,,,,,,,,,,,,,,,,,,,,,,,,,,,,,,,,,,,,,,,,,,,,,,,,,,,,,,,,,,,,,,,,,,,,,,,,,,,,,,,,,,,,,,,,,,,,,,,,,,,,,,,,,,,,,,,,,,,,,,,,,,,,,,,,,,,,,60.0.158.135,,,,
Aiko (Ahmedabad),134691,133641671,Manual Stock,0,0,,2026-07-01,0,0,Active,Unpaid,,0,0,0,0,0.00,0,0,0,0,2026-07-01 13:20:45,2026-07-01 13:20:45,134691,Restaurant,,,,Gujarat,,,,,,,,,,,Gujarat,,,,,,,,,,,,,,"[{""item_id"":""46297238"",""unit"":""2796384"",""qty"":7,""itemname"":""Toilet Roll"",""lbl_unit"":""Qty"",""description"":"""",""weighted_price"":0,""price"":0,""amount"":0,""hsn_code"":"""",""batchprefix"":"""",""existing_stock"":0,""current_stock"":""7"",""category"":""Housekeeping Hygiene"",""sap_code"":"""",""tax_type"":0,""excise_duty"":0,""tax1_label"":""CGST"",""tax2_label"":""SGST"",""tax3_label"":""IGST""}]",[],0,0,,,[],[],,,,,,,,,,,,,,,,,,,,,,,,,,,,,,,,,,,,,,,,,,,,,,,,,,,,,,,,,,,,,,,,,,,,,,,,,,,,,,,,6a44c64b-99a8-4fc1-9c17-6e453c008b43,,0,,,,,,,,,,,,,,,,,,,,,,,,,,,,,,,,,,,,,,,,,,,,,,,,,,,,,,,,,,,,,,,,,,,,,,,,,,,,,,,,,,,,,,,,,,,,,,,,,,,,,,,,,,,,,,,,,,,,,,,,,,,,,,,,,,,,,,,,,,,,,,,,,,,,,,,,,,,,,,,,,,,,,,,,,,,,,,,,,,,,,,,,,,,,,,,,,,,,,,,,,,,,,,,,,,,,,,,,,,,,,,,,,,,,,,,,,,,,,,,,,,,,,,,,,,,,,,,,,,,,,,,,,,,,,,,,,,,,,,,,,,,,,,,,,,,,,,,,,,,,,,,,,,,,,,,,,,,,,,,,,,,,,,,,,,,,,,,,,,,,,,,,,,,,,,,,,,,,,,,,,,,,,,,,,,,,,,,,,,,,,,,,,,,,,,,,,,,,,,,,,,,,,,,,,,,,,,,,,,,,,,,,,,,,,,,,,,,,,,,,,,,,,,,,,,,,,,,,,,,,,,,,,,,,,,,,,,,,,,,,,,,,,,,,,,,,,,,,,,,,,,,,,,,,,,,,,,,,,,,,,,,,,,,,,,,,,,,,,,,,,,,,,,,,,,,,,,,,,,,,,,,,,,,,,,,,,,,,,,,,,,,,,,,,,,,,,,,,,,,,,,,,,,,,,,,,,,,,,,,,,,,,,,,,,,,,,,,,,,,,,,,,,,,,,,,,,,,,,,,,,,,,60.0.139.67,,,
Aiko (Ahmedabad),134691,133641039,Manual Stock,0,0,,2026-07-01,0,0,Active,Unpaid,,0,0,0,0,0.00,0,0,0,0,2026-07-01 13:16:14,2026-07-01 13:16:14,134691,Restaurant,,,,Gujarat,,,,,,,,,,,Gujarat,,,,,,,,,,,,,,"[{""item_id"":""46297202"",""unit"":""2796384"",""qty"":1,""itemname"":""Floor Cleaner 5ltr"",""lbl_unit"":""Qty"",""description"":"""",""weighted_price"":0,""price"":0,""amount"":0,""hsn_code"":"""",""batchprefix"":"""",""existing_stock"":0,""current_stock"":""1"",""category"":""Housekeeping Liquids"",""sap_code"":"""",""tax_type"":0,""excise_duty"":0,""tax1_label"":""CGST"",""tax2_label"":""SGST"",""tax3_label"":""IGST""}]",[],0,0,,,[],[],,,,,,,,,,,,,,,,,,,,,,,,,,,,,,,,,,,,,,,,,,,,,,,,,,,,,,,,,,,,,,,,,,,,,,,,,,,,,,,,6a44c5bd-aee4-4bcb-a062-0a173c009c80,,0,,,,,,,,,,,,,,,,,,,,,,,,,,,,,,,,,,,,,,,,,,,,,,,,,,,,,,,,,,,,,,,,,,,,,,,,,,,,,,,,,,,,,,,,,,,,,,,,,,,,,,,,,,,,,,,,,,,,,,,,,,,,,,,,,,,,,,,,,,,,,,,,,,,,,,,,,,,,,,,,,,,,,,,,,,,,,,,,,,,,,,,,,,,,,,,,,,,,,,,,,,,,,,,,,,,,,,,,,,,,,,,,,,,,,,,,,,,,,,,,,,,,,,,,,,,,,,,,,,,,,,,,,,,,,,,,,,,,,,,,,,,,,,,,,,,,,,,,,,,,,,,,,,,,,,,,,,,,,,,,,,,,,,,,,,,,,,,,,,,,,,,,,,,,,,,,,,,,,,,,,,,,,,,,,,,,,,,,,,,,,,,,,,,,,,,,,,,,,,,,,,,,,,,,,,,,,,,,,,,,,,,,,,,,,,,,,,,,,,,,,,,,,,,,,,,,,,,,,,,,,,,,,,,,,,,,,,,,,,,,,,,,,,,,,,,,,,,,,,,,,,,,,,,,,,,,,,,,,,,,,,,,,,,,,,,,,,,,,,,,,,,,,,,,,,,,,,,,,,,,,,,,,,,,,,,,,,,,,,,,,,,,,,,,,,,,,,,,,,,,,,,,,,,,,,,,,,,,,,,,,,,,,,,,,,,,,,,,,,,,,,,,,,,,,,,,,,,,,,,,,,,,,60.0.139.67,,
Aiko (Ahmedabad),134691,133640784,Manual Stock,0,0,,2026-07-01,0,0,Active,Unpaid,,0,0,0,0,0.00,0,0,0,0,2026-07-01 13:14:30,2026-07-01 13:14:30,134691,Restaurant,,,,Gujarat,,,,,,,,,,,Gujarat,,,,,,,,,,,,,,"[{""item_id"":""46297214"",""unit"":""2796384"",""qty"":2,""itemname"":""M Size Hand Gloves Nitrile"",""lbl_unit"":""Qty"",""description"":"""",""weighted_price"":0,""price"":0,""amount"":0,""hsn_code"":"""",""batchprefix"":"""",""existing_stock"":""5"",""current_stock"":""7"",""category"":""Housekeeping Hygiene"",""sap_code"":"""",""tax_type"":0,""excise_duty"":0,""tax1_label"":""CGST"",""tax2_label"":""SGST"",""tax3_label"":""IGST""}]",[],0,0,,,[],[],,,,,,,,,,,,,,,,,,,,,,,,,,,,,,,,,,,,,,,,,,,,,,,,,,,,,,,,,,,,,,,,,,,,,,,,,,,,,,,,6a44c556-1d88-4046-9499-0ae43c009c80,,1,,,,,,,,,,,,,,,,,,,,,,,,,,,,,,,,,,,,,,,,,,,,,,,,,,,,,,,,,,,,,,,,,,,,,,,,,,,,,,,,,,,,,,,,,,,,,,,,,,,,,,,,,,,,,,,,,,,,,,,,,,,,,,,,,,,,,,,,,,,,,,,,,,,,,,,,,,,,,,,,,,,,,,,,,,,,,,,,,,,,,,,,,,,,,,,,,,,,,,,,,,,,,,,,,,,,,,,,,,,,,,,,,,,,,,,,,,,,,,,,,,,,,,,,,,,,,,,,,,,,,,,,,,,,,,,,,,,,,,,,,,,,,,,,,,,,,,,,,,,,,,,,,,,,,,,,,,,,,,,,,,,,,,,,,,,,,,,,,,,,,,,,,,,,,,,,,,,,,,,,,,,,,,,,,,,,,,,,,,,,,,,,,,,,,,,,,,,,,,,,,,,,,,,,,,,,,,,,,,,,,,,,,,,,,,,,,,,,,,,,,,,,,,,,,,,,,,,,,,,,,,,,,,,,,,,,,,,,,,,,,,,,,,,,,,,,,,,,,,,,,,,,,,,,,,,,,,,,,,,,,,,,,,,,,,,,,,,,,,,,,,,,,,,,,,,,,,,,,,,,,,,,,,,,,,,,,,,,,,,,,,,,,,,,,,,,,,,,,,,,,,,,,,,,,,,,,,,,,,,,,,,,,,,,,,,,,,,,,,,,,,,,,,,,,,,,,,,,,,,,,,,,,,60.0.135.61,
Aiko (Ahmedabad),134691,133640745,Manual Stock,0,0,,2026-07-01,0,0,Active,Unpaid,,0,0,0,0,0.00,0,0,0,0,2026-07-01 13:14:15,2026-07-01 13:14:15,134691,Restaurant,,,,Gujarat,,,,,,,,,,,Gujarat,,,,,,,,,,,,,,"[{""item_id"":""46297736"",""unit"":""2796384"",""qty"":1,""itemname"":""Acid Bottle 1ltr"",""lbl_unit"":""Qty"",""description"":"""",""weighted_price"":0,""price"":0,""amount"":0,""hsn_code"":"""",""batchprefix"":"""",""existing_stock"":0,""current_stock"":""1"",""category"":""Housekeeping Liquids"",""sap_code"":"""",""tax_type"":0,""excise_duty"":0,""tax1_label"":""CGST"",""tax2_label"":""SGST"",""tax3_label"":""IGST""},{""item_id"":""46297216"",""unit"":""2796384"",""qty"":7,""itemname"":""Colin"",""lbl_unit"":""Qty"",""description"":"""",""weighted_price"":0,""price"":0,""amount"":0,""hsn_code"":"""",""batchprefix"":"""",""existing_stock"":0,""current_stock"":""7"",""category"":""Housekeeping Liquids"",""sap_code"":"""",""tax_type"":0,""excise_duty"":0,""tax1_label"":""CGST"",""tax2_label"":""SGST"",""tax3_label"":""IGST""},{""item_id"":""46297204"",""unit"":""2796384"",""qty"":2,""itemname"":""Dry Mop"",""lbl_unit"":""Qty"",""description"":"""",""weighted_price"":0,""price"":0,""amount"":0,""hsn_code"":"""",""batchprefix"":"""",""existing_stock"":0,""current_stock"":""2"",""category"":""Housekeeping Equipment"",""sap_code"":"""",""tax_type"":0,""excise_duty"":0,""tax1_label"":""CGST"",""tax2_label"":""SGST"",""tax3_label"":""IGST""},{""item_id"":""46299764"",""unit"":""2796384"",""qty"":6,""itemname"":""Mr Muscle"",""lbl_unit"":""Qty"",""description"":"""",""weighted_price"":0,""price"":0,""amount"":0,""hsn_code"":"""",""batchprefix"":"""",""existing_stock"":0,""current_stock"":""6"",""category"":""Housekeeping Liquids"",""sap_code"":"""",""tax_type"":0,""excise_duty"":0,""tax1_label"":""CGST"",""tax2_label"":""SGST"",""tax3_label"":""IGST""},{""item_id"":""46297206"",""unit"":""2796384"",""qty"":2,""itemname"":""Scotch Brite"",""lbl_unit"":""Qty"",""description"":"""",""weighted_price"":0,""price"":0,""amount"":0,""hsn_code"":"""",""batchprefix"":"""",""existing_stock"":0,""current_stock"":""2"",""category"":""Housekeeping Liquids"",""sap_code"":"""",""tax_type"":0,""excise_duty"":0,""tax1_label"":""CGST"",""tax2_label"":""SGST"",""tax3_label"":""IGST""},{""item_id"":""46300248"",""unit"":""2796384"",""qty"":5,""itemname"":""Steel Scrubber Stelo H"",""lbl_unit"":""Qty"",""description"":"""",""weighted_price"":0,""price"":0,""amount"":0,""hsn_code"":"""",""batchprefix"":"""",""existing_stock"":0,""current_stock"":""5"",""category"":""Housekeeping Liquids"",""sap_code"":"""",""tax_type"":0,""excise_duty"":0,""tax1_label"":""CGST"",""tax2_label"":""SGST"",""tax3_label"":""IGST""},{""item_id"":""46297203"",""unit"":""2796384"",""qty"":1,""itemname"":""Hand Wash 5ltr"",""lbl_unit"":""Qty"",""description"":"""",""weighted_price"":0,""price"":0,""amount"":0,""hsn_code"":"""",""batchprefix"":"""",""existing_stock"":0,""current_stock"":""1"",""category"":""Housekeeping Liquids"",""sap_code"":"""",""tax_type"":0,""excise_duty"":0,""tax1_label"":""CGST"",""tax2_label"":""SGST"",""tax3_label"":""IGST""}]",[],0,0,,,[],[],,,,,,,,,,,,,,,,,,,,,,,,,,,,,,,,,,,,,,,,,,,,,,,,,,,,,,,,,,,,,,,,,,,,,,,,,,,,,,,,6a44c461-cd60-4067-b0dd-4e9b3c008b43,,0,,,,,,,,,,,,,,,,,,,,,,,,,,,,,,,,,,,,,,,,,,,,,,,,,,,,,,,,,,,,,,,,,,,,,,,,,,,,,,,,,,,,,,,,,,,,,,,,,,,,,,,,,,,,,,,,,,,,,,,,,,,,,,,,,,,,,,,,,,,,,,,,,,,,,,,,,,,,,,,,,,,,,,,,,,,,,,,,,,,,,,,,,,,,,,,,,,,,,,,,,,,,,,,,,,,,,,,,,,,,,,,,,,,,,,,,,,,,,,,,,,,,,,,,,,,,,,,,,,,,,,,,,,,,,,,,,,,,,,,,,,,,,,,,,,,,,,,,,,,,,,,,,,,,,,,,,,,,,,,,,,,,,,,,,,,,,,,,,,,,,,,,,,,,,,,,,,,,,,,,,,,,,,,,,,,,,,,,,,,,,,,,,,,,,,,,,,,,,,,,,,,,,,,,,,,,,,,,,,,,,,,,,,,,,,,,,,,,,,,,,,,,,,,,,,,,,,,,,,,,,,,,,,,,,,,,,,,,,,,,,,,,,,,,,,,,,,,,,,,,,,,,,,,,,,,,,,,,,,,,,,,,,,,,,,,,,,,,,,,,,,,,,,,,,,,,,,,,,,,,,,,,,,,,,,,,,,,,,,,,,,,,,,,,,,,,,,,,,,,,,,,,,,,,,,,,,,,,,,,,,,,,,,,,,,,,,,,,,,,,,,,,,,,,,,,,,,,,,,,,,,,,,,,60.0.135.61